0 04.04.2019 16:59:47.114   9.99600000   9995.99958   0.11  -74.7   18.4  28.0 26.41  352.8  1067.0  353.37   49.34   45.59     0.0  352.79    0.00    0.00     0.0  352.79    0.00    0.00    1.3     61187.114     13.50   47.10740   39.80800  F2               
0 04.04.2019 17:00:00.019   9.99600000   9995.99968   0.40  -27.6   57.8  28.0 25.20  352.8  1102.2  353.34   49.65   45.51     0.0  352.83    0.00    0.00     0.0  352.83    0.00    0.00    1.4     61200.019     13.50   47.10740   39.80800  F2               
0 04.04.2019 17:00:12.928   9.99600000   9995.99968   0.40  -24.6   58.9  28.0 26.40  352.9  1068.2  353.47   49.35   45.61     0.0  352.86    0.00    0.00     0.0  352.86    0.00    0.00    1.4     61212.928     13.50   47.10740   39.80800  F2               
0 04.04.2019 17:00:28.005   9.99600000   9995.99966   0.40  -29.2   62.3  28.0 26.40  352.8  1068.5  353.37   49.35   45.58     0.0  352.85    0.00    0.00     0.0  352.85    0.00    0.00    1.3     61228.005     13.50   47.10740   39.80800  F2               
0 04.04.2019 17:00:42.077   9.99600000   9995.99963   0.31  -36.1   48.4  28.0 27.60  352.8  1036.4  353.40   49.06   45.65     0.0  352.81    0.00    0.00     0.0  352.81    0.00    0.00    1.4     61242.077     13.50   47.10740   39.80800  F2               
0 04.04.2019 17:00:54.998   9.99600000   9995.99978   0.31  -38.6   49.9  28.0 31.20  352.8   949.8  353.50   48.29   45.83     0.0  352.77    0.00    0.00     0.0  352.77    0.00    0.00    1.4     61254.998     13.50   47.10740   39.80800  F2               
0 04.04.2019 17:00:54.998   9.99600000   9995.99978   0.31  -38.6   49.9  28.0 13.80  353.5  1566.7  353.87   53.80   44.76  3428.6  355.26   77.62   28.40     0.0  353.49    0.00    0.00    1.4     61254.998     13.50   47.10740   39.80800  F2               
0 04.04.2019 17:01:06.837   9.99600000   9995.99982   0.18  -50.1   46.9  28.0 28.81  352.8  1006.1  353.43   48.79   45.72     0.0  352.79    0.00    0.00     0.0  352.79    0.00    0.00    1.5     61266.837     13.50   47.10740   39.80800  F2               
0 04.04.2019 17:01:20.857   9.99600000   9995.99973   0.20  -47.6   46.8  28.0 25.20  352.8  1104.7  353.34   49.67   45.51     0.0  352.78    0.00    0.00     0.0  352.78    0.00    0.00    1.4     61280.857     13.50   47.10740   39.80800  F2               
0 04.04.2019 17:01:33.763   9.99600000   9995.99968   0.40  -35.9   51.6  28.0 19.80  352.8  1289.4  353.24   51.31   45.11  3721.3  355.46   80.17   24.97     0.0  352.84    0.00    0.00    1.5     61293.763     13.50   47.10740   39.80800  F2               
0 04.04.2019 17:01:33.763   9.99600000   9995.99968   0.40  -35.9   51.6  28.0 28.80  352.8  1007.1  353.43   48.80   45.71     0.0  352.77    0.00    0.00     0.0  352.77    0.00    0.00    1.4     61293.763     13.50   47.10740   39.80800  F2               
0 04.04.2019 17:01:49.024   9.99600000   9995.99967   0.40  -33.9   59.5  28.0 15.00  353.5  1506.1  353.88   53.26   44.89  3343.4  355.21   76.88   29.18     0.0  353.50    0.00    0.00    1.4     61309.024     13.50   47.10740   39.80800  F2               
0 04.04.2019 17:01:49.024   9.99600000   9995.99967   0.40  -33.9   59.5  28.0 28.80  352.8  1007.6  353.43   48.81   45.71     0.0  352.81    0.00    0.00     0.0  352.81    0.00    0.00    1.4     61309.024     13.50   47.10740   39.80800  F2               
0 04.04.2019 17:02:02.034   9.99600000   9995.99956   0.24  -40.2   45.4  28.0 29.41  352.9   993.1  353.55   48.68   45.77     0.0  352.86    0.00    0.00     0.0  352.86    0.00    0.00    1.4     61322.034     13.50   47.10740   39.80800  F2               
0 04.04.2019 17:02:16.122   9.99600000   9995.99955   0.40  -36.1   53.3  28.0 28.20  352.8  1023.6  353.42   48.95   45.68     0.0  352.82    0.00    0.00     0.0  352.82    0.00    0.00    1.4     61336.122     13.50   47.10740   39.80800  F2               
0 04.04.2019 17:02:29.047   9.99600000   9995.99956   0.33  -34.6   53.6  28.0 22.20  352.8  1203.2  353.28   50.55   45.30     0.0  352.82    0.00    0.00     0.0  352.82    0.00    0.00    1.4     61349.047     13.50   47.10740   39.80800  F2               
0 04.04.2019 17:02:40.953   9.99600000   9995.99957   0.40  -33.9   57.5  28.0 27.60  352.8  1040.0  353.40   49.10   45.65     0.0  352.80    0.00    0.00     0.0  352.80    0.00    0.00    1.4     61360.953     13.50   47.10740   39.80800  F2               
0 04.04.2019 17:02:52.841   9.99600000   9995.99973   0.40  -35.8   55.6  28.0 27.00  352.8  1056.4  353.39   49.24   45.61     0.0  352.81    0.00    0.00     0.0  352.81    0.00    0.00    1.4     61372.841     13.50   47.10740   39.80800  F2               
0 04.04.2019 17:02:52.841   9.99600000   9995.99973   0.40  -35.8   55.6  28.0 19.20  352.9  1316.4  353.33   51.56   45.08  3430.8  354.96   77.60   27.69     0.0  352.85    0.00    0.00    1.4     61372.841     13.50   47.10740   39.80800  F2               
0 04.04.2019 17:03:08.055   9.99600000   9995.99967   0.35  -33.4   52.5  28.0 28.20  352.8  1025.1  353.42   48.96   45.68     0.0  352.84    0.00    0.00     0.0  352.84    0.00    0.00    1.3     61388.055     13.50   47.10740   39.80800  F2               
0 04.04.2019 17:03:18.797   9.99600000   9995.99976   0.40  -36.9   54.6  28.0 28.20  352.8  1025.4  353.42   48.97   45.68     0.0  352.83    0.00    0.00     0.0  352.83    0.00    0.00    1.5     61398.797     13.50   47.10740   39.80800  F2               
0 04.04.2019 17:03:18.797   9.99600000   9995.99976   0.40  -36.9   54.6  28.0 18.60  352.8  1342.0  353.22   51.78   44.99  3332.4  354.79   76.73   28.42     0.0  352.84    0.00    0.00    1.4     61398.797     13.50   47.10740   39.80800  F2               
0 04.04.2019 17:03:30.633   9.99600000   9995.99966   0.40  -32.5   51.0  28.0 27.00  352.9  1057.7  353.49   49.26   45.64     0.0  352.86    0.00    0.00     0.0  352.86    0.00    0.00    1.4     61410.633     13.50   47.10740   39.80800  F2               
0 04.04.2019 17:03:44.034   9.99600000   9995.99972   0.40  -32.7   54.8  28.0 17.40  352.9  1395.1  353.31   52.26   44.91  3268.6  354.68   76.16   28.85     0.0  352.86    0.00    0.00    1.4     61424.034     13.50   47.10740   39.80800  F2               
0 04.04.2019 17:03:44.034   9.99600000   9995.99972   0.40  -32.7   54.8  28.0 27.00  352.8  1058.0  353.39   49.26   45.61     0.0  352.82    0.00    0.00     0.0  352.82    0.00    0.00    1.4     61424.034     13.50   47.10740   39.80800  F2               
0 04.04.2019 17:03:57.276   9.99600000   9995.99977   0.29  -38.4   50.5  28.0 33.60  352.1   904.1  352.88   47.87   45.78     0.0  352.08    0.00    0.00     0.0  352.08    0.00    0.00    1.8     61437.276     13.50   47.10740   39.80800  F2               
0 04.04.2019 17:03:57.276   9.99600000   9995.99977   0.29  -38.4   50.5  28.0 19.20  353.5  1320.2  353.94   51.61   45.28  3435.0  355.46   77.70   28.79     0.0  353.49    0.00    0.00    1.6     61437.276     13.50   47.10740   39.80800  F2               
0 04.04.2019 17:04:09.163   9.99600000   9995.99974   0.29  -35.3   51.6  28.0 19.80  353.5  1296.7  353.95   51.40   45.32  3714.6  355.88   80.19   26.39     0.0  353.47    0.00    0.00    1.5     61449.163     13.50   47.10740   39.80800  F2               
0 04.04.2019 17:04:09.163   9.99600000   9995.99974   0.29  -35.3   51.6  28.0 25.80  352.8  1092.5  353.36   49.56   45.54     0.0  352.77    0.00    0.00     0.0  352.77    0.00    0.00    1.4     61449.163     13.50   47.10740   39.80800  F2               
0 04.04.2019 17:04:21.075   9.99600000   9995.99969   0.40  -32.6   56.9  28.0 17.40  352.8  1396.4  353.21   52.26   44.87  3268.3  354.67   76.15   28.82     0.0  352.84    0.00    0.00    1.4     61461.075     13.50   47.10740   39.80800  F2               
0 04.04.2019 17:04:21.075   9.99600000   9995.99969   0.40  -32.6   56.9  28.0 27.60  352.8  1042.9  353.40   49.12   45.64     0.0  352.80    0.00    0.00     0.0  352.80    0.00    0.00    1.3     61461.075     13.50   47.10740   39.80800  F2               
0 04.04.2019 17:04:31.815   9.99600000   9995.99968   0.40  -33.9   57.6  28.0 18.60  353.5  1346.4  353.93   51.84   45.22  3339.4  355.32   76.86   29.47     0.0  353.50    0.00    0.00    1.5     61471.815     13.50   47.10740   39.80800  F2               
0 04.04.2019 17:04:31.815   9.99600000   9995.99968   0.40  -33.9   57.6  28.0 27.00  352.8  1059.4  353.39   49.27   45.61     0.0  352.81    0.00    0.00     0.0  352.81    0.00    0.00    1.4     61471.815     13.50   47.10740   39.80800  F2               
0 04.04.2019 17:04:42.577   9.99600000   9995.99966   0.40  -33.4   56.1  28.0 27.60  352.8  1043.6  353.41   49.13   45.64     0.0  352.84    0.00    0.00     0.0  352.84    0.00    0.00    1.4     61482.577     13.50   47.10740   39.80800  F2               
0 04.04.2019 17:04:55.583   9.99600000   9995.99962   0.40  -35.8   31.7  28.0 26.40  352.8  1076.8  353.38   49.42   45.57     0.0  352.84    0.00    0.00     0.0  352.84    0.00    0.00    1.4     61495.583     13.50   47.10740   39.80800  F2               
0 04.04.2019 17:05:09.597   9.99600000   9995.99969   0.33  -35.4   52.8  28.0 24.60  352.8  1130.2  353.33   49.90   45.46     0.0  352.81    0.00    0.00     0.0  352.81    0.00    0.00    1.4     61509.597     13.50   47.10740   39.80800  F2               
0 04.04.2019 17:05:22.496   9.99600000   9995.99964   0.24  -38.9   48.7  28.0 26.40  352.8  1077.6  353.38   49.43   45.57     0.0  352.82    0.00    0.00     0.0  352.82    0.00    0.00    1.3     61522.496     13.50   47.10740   39.80800  F2               
0 04.04.2019 17:05:33.307   9.99600000   9995.99967   0.27  -40.9   50.3  28.0 27.59  352.8  1045.3  353.41   49.14   45.64     0.0  352.79    0.00    0.00     0.0  352.79    0.00    0.00    1.4     61533.307     13.50   47.10740   39.80800  F2               
0 04.04.2019 17:05:45.994   9.99600000   9995.99962   0.40  -34.8   56.6  28.0 27.00  352.9  1061.7  353.49   49.29   45.63     0.0  352.86    0.00    0.00     0.0  352.86    0.00    0.00    1.4     61545.994     13.50   47.10740   39.80800  F2               
0 04.04.2019 17:05:57.842   9.99600000   9995.99967   0.35  -39.5   52.5  28.0 22.80  353.5  1191.1  354.01   50.46   45.53     0.0  353.54    0.00    0.00     0.0  353.54    0.00    0.00    1.4     61557.842     13.50   47.10740   39.80800  F2               
0 04.04.2019 17:06:10.777   9.99600000   9995.82141   0.07  -89.0   10.2  28.0 29.41  353.5  1001.0  354.17   48.76   45.90     0.0  353.53    0.00    0.00     0.0  353.53    0.00    0.00    1.9     61570.777     13.50   47.10740   39.80800  F2               
0 04.04.2019 17:06:10.777   9.99600000   9995.99961   0.31  -34.9   57.7  28.0 27.00  352.8  1062.3  353.39   49.29   45.60     0.0  352.85    0.00    0.00     0.0  352.85    0.00    0.00    1.4     61570.777     13.50   47.10740   39.80800  F2               
0 04.04.2019 17:06:22.594   9.99600000   9995.99964   0.33  -33.5   50.8  28.0 12.60  352.9  1648.2  353.26   54.50   44.32  3630.3  355.04   79.33   25.21     0.0  352.86    0.00    0.00    1.4     61582.594     13.50   47.10740   39.80800  F2               
0 04.04.2019 17:06:22.594   9.99600000   9995.99964   0.33  -33.5   50.8  28.0 27.60  352.8  1046.5  353.41   49.15   45.64     0.0  352.83    0.00    0.00     0.0  352.83    0.00    0.00    1.4     61582.594     13.50   47.10740   39.80800  F2               
0 04.04.2019 17:06:33.325   9.99600000   9995.99963   0.40  -40.1   53.4  28.0 28.80  352.1  1014.8  352.73   48.86   45.53     0.0  352.06    0.00    0.00     0.0  352.06    0.00    0.00    1.5     61593.325     13.50   47.10740   39.80800  F2               
0 04.04.2019 17:06:33.325   9.99600000   9995.99963   0.40  -40.1   53.4  28.0 15.00  353.5  1518.8  353.89   53.38   44.87     0.0  353.48    0.00    0.00     0.0  353.48    0.00    0.00    1.5     61593.325     13.50   47.10740   39.80800  F2               
0 04.04.2019 17:06:44.094   9.99600000   9995.99962   0.40  -38.2   53.3  28.0 25.20  352.8  1115.0  353.35   49.76   45.49     0.0  352.83    0.00    0.00     0.0  352.83    0.00    0.00    1.6     61604.094     13.50   47.10740   39.80800  F2               
0 04.04.2019 17:06:57.119   9.99600000   9995.99966   0.33  -34.8   43.5  28.0 16.80  353.5  1432.0  353.91   52.60   45.05  3362.9  355.31   77.06   29.22     0.0  353.49    0.00    0.00    1.5     61617.119     13.50   47.10740   39.80800  F2               
0 04.04.2019 17:06:57.119   9.99600000   9995.99966   0.33  -34.8   43.5  28.0 27.00  352.8  1063.7  353.39   49.31   45.60     0.0  352.79    0.00    0.00     0.0  352.79    0.00    0.00    1.4     61617.119     13.50   47.10740   39.80800  F2               
0 04.04.2019 17:07:10.063   9.99600000   9995.99967   0.27  -30.7   46.5  28.0 18.60  353.5  1352.6  353.94   51.90   45.21  3463.8  355.48   77.96   28.55     0.0  353.46    0.00    0.00    1.5     61630.063     13.50   47.10740   39.80800  F2               
0 04.04.2019 17:07:10.063   9.99600000   9995.99967   0.27  -30.7   46.5  28.0 27.00  352.8  1064.1  353.39   49.31   45.60     0.0  352.76    0.00    0.00     0.0  352.76    0.00    0.00    1.4     61630.063     13.50   47.10740   39.80800  F2               
0 04.04.2019 17:07:21.887   9.99600000   9995.99967   0.40  -30.7   54.8  28.0 25.80  352.1  1097.3  352.66   49.59   45.34     0.0  352.05    0.00    0.00     0.0  352.05    0.00    0.00    1.4     61641.887     13.50   47.10740   39.80800  F2               
0 04.04.2019 17:07:32.642   9.99600000   9995.99965   0.40  -30.6   54.9  28.0 26.40  352.8  1081.5  353.38   49.47   45.56     0.0  352.83    0.00    0.00     0.0  352.83    0.00    0.00    1.4     61652.642     13.50   47.10740   39.80800  F2               
0 04.04.2019 17:07:44.450   9.99600000   9995.99965   0.40  -33.2   56.2  28.0 25.81  352.8  1098.8  353.37   49.62   45.53     0.0  352.80    0.00    0.00     0.0  352.80    0.00    0.00    1.4     61664.450     13.50   47.10740   39.80800  F2               
0 04.04.2019 17:07:55.168   9.99600000   9995.99980   0.11  -77.9   17.1  28.0 26.39  352.8  1082.4  353.38   49.47   45.56     0.0  352.80    0.00    0.00     0.0  352.80    0.00    0.00    1.4     61675.168     13.50   47.10740   39.80800  F2               
0 04.04.2019 17:08:06.055   9.99600000   9995.99949   0.11  -78.3   18.7  28.0 26.40  352.8  1082.5  353.38   49.47   45.56     0.0  352.82    0.00    0.00     0.0  352.82    0.00    0.00    1.4     61686.055     13.50   47.10740   39.80800  F2               
0 04.04.2019 17:08:16.790   9.99600000   9995.99995   0.11  -79.4   17.6  28.0 25.81  352.8  1099.7  353.37   49.63   45.53     0.0  352.82    0.00    0.00     0.0  352.82    0.00    0.00    1.3     61696.790     13.50   47.10740   39.80800  F2               
0 04.04.2019 17:08:30.837   9.99600000   9996.00007   0.11  -81.7   17.3  28.0 26.40  352.8  1083.2  353.38   49.48   45.56     0.0  352.82    0.00    0.00     0.0  352.82    0.00    0.00    1.4     61710.837     13.50   47.10740   39.80800  F2               
0 04.04.2019 17:08:41.648   9.99600000   9996.00032   0.07  -82.4   16.8  28.0 26.40  352.8  1083.5  353.38   49.48   45.56     0.0  352.79    0.00    0.00     0.0  352.79    0.00    0.00    1.4     61721.648     13.50   47.10740   39.80800  F2               
0 04.04.2019 17:08:52.372   9.99600000   9995.99979   0.40  -39.3   48.2  28.0 27.00  353.5  1068.1  354.10   49.36   45.77     0.0  353.46    0.00    0.00     0.0  353.46    0.00    0.00    1.4     61732.372     13.50   47.10740   39.80800  F2               
0 04.04.2019 17:09:03.107   9.99600000   9995.99968   0.40  -42.1   49.4  28.0 24.00  353.5  1157.6  354.04   50.16   45.60     0.0  353.51    0.00    0.00     0.0  353.51    0.00    0.00    1.4     61743.107     13.50   47.10740   39.80800  F2               
0 04.04.2019 17:09:13.864   9.99600000   9995.99951   0.40  -40.4   39.0  28.0 24.00  352.8  1156.8  353.33   50.13   45.40     0.0  352.81    0.00    0.00     0.0  352.81    0.00    0.00    1.4     61753.864     13.50   47.10740   39.80800  F2               
0 04.04.2019 17:09:25.785   9.99600000   9995.99954   0.40  -35.8   43.6  28.0 22.80  353.5  1198.0  354.01   50.52   45.52     0.0  353.51    0.00    0.00     0.0  353.51    0.00    0.00    1.4     61765.785     13.50   47.10740   39.80800  F2               
0 04.04.2019 17:09:37.531   9.99600000   9995.99966   0.40  -34.0   49.4  28.0 23.40  353.5  1178.3  354.03   50.34   45.56     0.0  353.49    0.00    0.00     0.0  353.49    0.00    0.00    1.4     61777.531     13.50   47.10740   39.80800  F2               
0 04.04.2019 17:09:37.531   9.99600000   9995.99966   0.40  -34.0   49.4  28.0 26.40  352.8  1085.1  353.38   49.50   45.56     0.0  352.81    0.00    0.00     0.0  352.81    0.00    0.00    1.4     61777.531     13.50   47.10740   39.80800  F2               
0 04.04.2019 17:09:48.263   9.99600000   9996.00010   0.09  -78.2   17.8  28.0 25.80  352.8  1102.7  353.37   49.65   45.52     0.0  352.81    0.00    0.00     0.0  352.81    0.00    0.00    1.4     61788.263     13.50   47.10740   39.80800  F2               
0 04.04.2019 17:10:01.179   9.99600000   9995.99934   0.09  -78.6   17.4  28.0 25.80  352.8  1103.2  353.37   49.66   45.52     0.0  352.84    0.00    0.00     0.0  352.84    0.00    0.00    1.4     61801.179     13.50   47.10740   39.80800  F2               
0 04.04.2019 17:10:13.036   9.99600000   9995.99964   0.40  -45.5   41.9  28.0 27.60  352.1  1052.0  352.71   49.19   45.45     0.0  352.11    0.00    0.00     0.0  352.11    0.00    0.00    1.4     61813.036     13.50   47.10740   39.80800  F2               
0 04.04.2019 17:10:23.759   9.99600000   9995.99958   0.40  -52.3   41.2  28.0 26.40  352.8  1086.4  353.38   49.51   45.55     0.0  352.77    0.00    0.00     0.0  352.77    0.00    0.00    1.7     61823.759     13.50   47.10740   39.80800  F2               
0 04.04.2019 17:10:36.808   9.99600000   9995.99966   0.40  -46.3   39.1  28.0 24.60  352.8  1140.4  353.34   49.99   45.44     0.0  352.83    0.00    0.00     0.0  352.83    0.00    0.00    1.6     61836.808     13.50   47.10740   39.80800  F2               
0 04.04.2019 17:10:59.009   9.99600000   9995.99869   0.40  -49.7   37.7  28.0 26.40  352.8  1087.5  353.39   49.52   45.55     0.0  352.79    0.00    0.00     0.0  352.79    0.00    0.00    2.0     61859.009     13.50   47.10740   39.80800  F2               
0 04.04.2019 17:11:11.929   9.99600000   9995.99945   0.40  -51.3   42.2  28.0 27.59  352.8  1054.9  353.42   49.23   45.62     0.0  352.82    0.00    0.00     0.0  352.82    0.00    0.00    1.5     61871.929     13.50   47.10740   39.80800  F2               
0 04.04.2019 17:11:24.857   9.99600000   9995.99947   0.40  -44.1   45.3  28.0 26.39  352.8  1088.5  353.39   49.53   45.55     0.0  352.80    0.00    0.00     0.0  352.80    0.00    0.00    1.5     61884.857     13.50   47.10740   39.80800  F2               
0 04.04.2019 17:11:35.589   9.99600000   9995.99986   0.40  -56.1   29.3  28.0 18.00  354.3  1390.9  354.75   52.26   45.42  3408.7  356.01   77.54   30.34     0.0  354.26    0.00    0.00    1.8     61895.589     13.50   47.10740   39.80800  F2               
0 04.04.2019 17:11:47.401   9.99600000   9995.99963   0.40  -43.5   40.0  28.0 28.20  352.1  1038.7  352.72   49.07   45.48     0.0  352.11    0.00    0.00     0.0  352.11    0.00    0.00    1.4     61907.401     13.50   47.10740   39.80800  F2               
0 04.04.2019 17:11:59.211   9.99600000   9995.99926   0.07  -83.3   15.9  28.0 26.40  352.8  1089.2  353.39   49.53   45.55     0.0  352.81    0.00    0.00     0.0  352.81    0.00    0.00    1.4     61919.211     13.50   47.10740   39.80800  F2               
0 04.04.2019 17:12:09.946   9.99600000   9996.00001   0.40  -46.0   39.5  28.0 28.80  352.1  1023.8  352.74   48.94   45.52     0.0  352.13    0.00    0.00     0.0  352.13    0.00    0.00    1.5     61929.946     13.50   47.10740   39.80800  F2               
0 04.04.2019 17:12:22.854   9.99600000   9995.99995   0.40  -43.6   35.8  28.0 27.61  352.8  1056.3  353.42   49.24   45.62     0.0  352.77    0.00    0.00     0.0  352.77    0.00    0.00    1.4     61942.854     13.50   47.10740   39.80800  F2               
0 04.04.2019 17:12:33.528   9.99600000   9995.99994   0.40  -40.4   53.1  28.0 27.00  352.8  1073.2  353.40   49.39   45.58     0.0  352.77    0.00    0.00     0.0  352.77    0.00    0.00    1.4     61953.528     13.50   47.10740   39.80800  F2               
0 04.04.2019 17:12:48.687   9.99600000   9995.99968   0.40  -41.7   47.8  28.0 26.40  352.8  1090.6  353.39   49.55   45.55     0.0  352.76    0.00    0.00     0.0  352.76    0.00    0.00    1.4     61968.687     13.50   47.10740   39.80800  F2               
0 04.04.2019 17:13:11.170   9.99600000   9996.00010   0.07  -89.4    9.8  28.0 30.00  352.1   995.8  352.78   48.69   45.58     0.0  352.07    0.00    0.00     0.0  352.07    0.00    0.00    1.8     61991.170     13.50   47.10740   39.80800  F2               
0 04.04.2019 17:13:27.320   9.99600000   9995.99978   0.07  -79.3   13.9  28.0 27.00  352.1  1073.6  352.70   49.38   45.40     0.0  352.12    0.00    0.00     0.0  352.12    0.00    0.00    1.4     62007.320     13.50   47.10740   39.80800  F2               
0 04.04.2019 17:13:41.248   9.99600000   9995.99971   0.11  -80.2   16.8  28.0 26.41  352.8  1091.7  353.39   49.56   45.55     0.0  352.77    0.00    0.00     0.0  352.77    0.00    0.00    1.5     62021.248     13.50   47.10740   39.80800  F2               
0 04.04.2019 17:13:54.144   9.99600000   9995.99516   0.40  -57.3   32.1  28.0 26.40  352.1  1091.3  352.68   49.54   45.36     0.0  352.11    0.00    0.00     0.0  352.11    0.00    0.00    1.5     62034.144     13.50   47.10740   39.80800  F2               
0 04.04.2019 17:14:06.047   9.99600000   9995.99990   0.40  -54.3   33.2  28.0 29.40  352.8  1012.6  353.47   48.85   45.71     0.0  352.77    0.00    0.00     0.0  352.77    0.00    0.00    1.7     62046.047     13.50   47.10740   39.80800  F2               
0 04.04.2019 17:14:17.808   9.99600000   9995.99986   0.40  -46.7   40.8  28.0 26.40  352.1  1091.9  352.68   49.54   45.36     0.0  352.14    0.00    0.00     0.0  352.14    0.00    0.00    1.4     62057.808     13.50   47.10740   39.80800  F2               
0 04.04.2019 17:14:29.631   9.99600000   9995.99974   0.40  -50.2   37.2  28.0 24.01  352.8  1166.1  353.34   50.22   45.39     0.0  352.79    0.00    0.00     0.0  352.79    0.00    0.00    1.4     62069.631     13.50   47.10740   39.80800  F2               
0 04.04.2019 17:14:44.645   9.99600000   9995.99921   0.40  -53.5   36.0  28.0 22.20  353.5  1229.2  354.01   50.80   45.47     0.0  353.48    0.00    0.00     0.0  353.48    0.00    0.00    1.4     62084.645     13.50   47.10740   39.80800  F2               
0 04.04.2019 17:14:56.589   9.99600000   9995.99956   0.40  -55.3   30.1  28.0 31.20  351.4   969.4  352.11   48.44   45.48     0.0  351.35    0.00    0.00     0.0  351.35    0.00    0.00    1.6     62096.589     13.50   47.10740   39.80800  F2               
0 04.04.2019 17:15:20.212   9.99600000   9995.99929   0.07  -84.3   13.0  28.0 24.61  352.8  1148.5  353.35   50.06   45.43     0.0  352.78    0.00    0.00     0.0  352.78    0.00    0.00    1.5     62120.212     13.50   47.10740   39.80800  F2               
0 04.04.2019 17:15:33.102   9.99600000   9995.99965   0.40  -51.8   35.6  28.0 19.80  353.5  1321.9  353.97   51.62   45.28     0.0  353.49    0.00    0.00     0.0  353.49    0.00    0.00    1.8     62133.102     13.50   47.10740   39.80800  F2               
0 04.04.2019 17:15:50.333   9.99600000   9995.99919   0.07  -86.8    4.4  28.0 24.61  352.1  1148.5  352.64   50.04   45.23     0.0  352.11    0.00    0.00     0.0  352.11    0.00    0.00    1.6     62150.333     13.50   47.10740   39.80800  F2               
0 04.04.2019 17:16:05.539   9.99600000   9995.99953   0.40  -54.3   35.2  28.0 24.60  352.8  1150.4  353.35   50.08   45.42     0.0  352.79    0.00    0.00     0.0  352.79    0.00    0.00    1.5     62165.539     13.50   47.10740   39.80800  F2               
0 04.04.2019 17:16:21.649   9.99600000   9996.00004   0.40  -46.6   38.8  28.0 27.00  352.1  1078.7  352.70   49.42   45.39     0.0  352.07    0.00    0.00     0.0  352.07    0.00    0.00    1.4     62181.649     13.50   47.10740   39.80800  F2               
0 04.04.2019 17:16:32.377   9.99600000   9995.99989   0.29  -49.2   47.7  28.0 26.40  352.8  1097.1  353.39   49.61   45.54     0.0  352.76    0.00    0.00     0.0  352.76    0.00    0.00    1.5     62192.377     13.50   47.10740   39.80800  F2               
0 04.04.2019 17:16:44.180   9.99600000   9995.99972   0.07  -85.7   13.5  28.0 25.80  352.8  1115.1  353.38   49.76   45.50     0.0  352.82    0.00    0.00     0.0  352.82    0.00    0.00    1.5     62204.180     13.50   47.10740   39.80800  F2               
0 04.04.2019 17:17:00.425   9.99600000   9995.99998   0.24  -47.9   47.7  28.0 26.40  352.1  1097.0  352.68   49.59   45.35     0.0  352.12    0.00    0.00     0.0  352.12    0.00    0.00    1.6     62220.425     13.50   47.10740   39.80800  F2               
0 04.04.2019 17:17:12.294   9.99600000   9995.99799   0.07  -90.5    8.7  28.0 27.60  352.8  1064.8  353.42   49.32   45.61     0.0  352.78    0.00    0.00     0.0  352.78    0.00    0.00    1.5     62232.294     13.50   47.10740   39.80800  F2               
0 04.04.2019 17:17:23.012   9.99600000   9995.99987   0.40  -49.8   41.7  28.0 26.40  352.1  1097.7  352.69   49.59   45.35     0.0  352.08    0.00    0.00     0.0  352.08    0.00    0.00    1.9     62243.012     13.50   47.10740   39.80800  F2               
0 04.04.2019 17:17:34.867   9.99600000   9995.99974   0.40  -45.0   42.4  28.0 22.80  352.8  1213.0  353.32   50.64   45.29     0.0  352.76    0.00    0.00     0.0  352.76    0.00    0.00    1.5     62254.867     13.50   47.10740   39.80800  F2               
0 04.04.2019 17:17:47.869   9.99600000   9995.99951   0.40  -45.4   46.1  28.0 24.59  352.1  1153.1  352.64   50.08   45.22     0.0  352.13    0.00    0.00     0.0  352.13    0.00    0.00    1.6     62267.869     13.50   47.10740   39.80800  F2               
0 04.04.2019 17:18:00.802   9.99600000   9996.00024   0.40  -45.4   44.0  28.0 24.00  352.8  1173.7  353.34   50.29   45.38     0.0  352.76    0.00    0.00     0.0  352.76    0.00    0.00    1.7     62280.802     13.50   47.10740   39.80800  F2               
0 04.04.2019 17:18:12.620   9.99600000   9995.99978   0.40  -44.2   43.2  28.0 24.00  352.1  1172.8  352.63   50.26   45.18     0.0  352.11    0.00    0.00     0.0  352.11    0.00    0.00    1.6     62292.620     13.50   47.10740   39.80800  F2               
0 04.04.2019 17:18:30.655   9.99600000   9996.00002   0.40  -44.4   43.0  28.0 25.20  352.1  1135.6  352.66   49.93   45.26     0.0  352.11    0.00    0.00     0.0  352.11    0.00    0.00    1.4     62310.655     13.50   47.10740   39.80800  F2               
0 04.04.2019 17:18:43.628   9.99600000   9995.99987   0.40  -46.9   44.5  28.0 26.40  352.1  1100.4  352.69   49.62   45.35     0.0  352.10    0.00    0.00     0.0  352.10    0.00    0.00    1.4     62323.628     13.50   47.10740   39.80800  F2               
0 04.04.2019 17:18:58.852   9.99600000   9996.00044   0.40  -49.3   40.1  28.0 25.20  352.8  1137.7  353.37   49.97   45.45     0.0  352.77    0.00    0.00     0.0  352.77    0.00    0.00    1.8     62338.852     13.50   47.10740   39.80800  F2               
0 04.04.2019 17:19:12.814   9.99600000   9995.99998   0.40  -48.3   39.2  28.0 25.80  352.1  1118.8  352.67   49.78   45.30     0.0  352.08    0.00    0.00     0.0  352.08    0.00    0.00    1.5     62352.814     13.50   47.10740   39.80800  F2               
0 04.04.2019 17:19:25.858   9.99600000   9995.99925   0.40  -48.1   37.4  28.0 22.80  352.1  1215.7  352.61   50.64   45.08     0.0  352.10    0.00    0.00     0.0  352.10    0.00    0.00    1.7     62365.858     13.50   47.10740   39.80800  F2               
0 04.04.2019 17:19:36.607   9.99600000   9995.99991   0.18  -52.8   40.1  28.0 18.60  352.8  1380.3  353.25   52.12   44.92  3457.3  354.98   77.83   27.43     0.0  352.82    0.00    0.00    1.6     62376.607     13.50   47.10740   39.80800  F2               
0 04.04.2019 17:19:48.400   9.99600000   9996.00038   0.07  -87.7    7.5  28.0 25.20  352.8  1139.4  353.37   49.98   45.45     0.0  352.77    0.00    0.00     0.0  352.77    0.00    0.00    1.4     62388.400     13.50   47.10740   39.80800  F2               
0 04.04.2019 17:20:14.190   9.99600000   9995.99867   0.40  -48.0   35.5  28.0 25.20  352.1  1139.1  352.66   49.96   45.26     0.0  352.12    0.00    0.00     0.0  352.12    0.00    0.00    1.4     62414.190     13.50   47.10740   39.80800  F2               
0 04.04.2019 17:20:27.212   9.99600000   9995.99945   0.40  -42.3   43.1  28.0 25.20  352.1  1139.5  352.66   49.96   45.26     0.0  352.07    0.00    0.00     0.0  352.07    0.00    0.00    1.4     62427.212     13.50   47.10740   39.80800  F2               
0 04.04.2019 17:20:39.175   9.99600000   9995.99982   0.40  -44.9   42.5  28.0 27.00  352.1  1086.9  352.70   49.50   45.38     0.0  352.14    0.00    0.00     0.0  352.14    0.00    0.00    1.4     62439.175     13.50   47.10740   39.80800  F2               
0 04.04.2019 17:20:52.772   9.99600000   9996.00027   0.40  -46.0   43.5  28.0 26.40  352.1  1104.5  352.69   49.65   45.34     0.0  352.12    0.00    0.00     0.0  352.12    0.00    0.00    1.4     62452.772     13.50   47.10740   39.80800  F2               
0 04.04.2019 17:21:05.786   9.99600000   9996.00034   0.40  -47.0   44.5  28.0 26.40  352.1  1104.9  352.69   49.66   45.34     0.0  352.12    0.00    0.00     0.0  352.12    0.00    0.00    1.4     62465.786     13.50   47.10740   39.80800  F2               
0 04.04.2019 17:21:19.835   9.99600000   9995.99943   0.40  -44.7   40.8  28.0 26.40  352.1  1105.4  352.69   49.66   45.34     0.0  352.08    0.00    0.00     0.0  352.08    0.00    0.00    1.5     62479.835     13.50   47.10740   39.80800  F2               
0 04.04.2019 17:21:30.536   9.99600000   9995.99972   0.40  -43.8   41.6  28.0 25.80  352.1  1123.4  352.67   49.82   45.29     0.0  352.13    0.00    0.00     0.0  352.13    0.00    0.00    1.4     62490.536     13.50   47.10740   39.80800  F2               
0 04.04.2019 17:21:43.447   9.99600000   9995.99923   0.40  -42.7   40.7  28.0 27.00  352.1  1088.9  352.70   49.51   45.37     0.0  352.10    0.00    0.00     0.0  352.10    0.00    0.00    1.4     62503.447     13.50   47.10740   39.80800  F2               
0 04.04.2019 17:21:55.422   9.99600000   9995.99904   0.40  -47.3   40.2  28.0 26.40  352.1  1106.5  352.69   49.67   45.33     0.0  352.12    0.00    0.00     0.0  352.12    0.00    0.00    1.5     62515.422     13.50   47.10740   39.80800  F2               
0 04.04.2019 17:22:06.151   9.99600000   9995.99947   0.40  -41.6   41.9  28.0 27.00  352.7  1090.5  353.31   49.54   45.53     0.0  352.74    0.00    0.00     0.0  352.74    0.00    0.00    1.4     62526.151     13.50   47.10740   39.80800  F2               
0 04.04.2019 17:22:19.045   9.99600000   9995.99920   0.40  -47.3   36.1  28.0 26.40  352.8  1108.4  353.40   49.71   45.52     0.0  352.76    0.00    0.00     0.0  352.76    0.00    0.00    1.5     62539.045     13.50   47.10740   39.80800  F2               
0 04.04.2019 17:22:31.547   9.99600000   9995.99905   0.40  -48.9   32.5  28.0 15.60  353.5  1531.6  353.93   53.49   44.85  3494.5  355.53   78.23   28.31     0.0  353.55    0.00    0.00    1.6     62551.547     13.50   47.10740   39.80800  F2               
0 04.04.2019 17:22:31.547   9.99600000   9995.99905   0.40  -48.9   32.5  28.0 28.20  352.8  1058.6  353.44   49.26   45.62     0.0  352.78    0.00    0.00     0.0  352.78    0.00    0.00    1.5     62551.547     13.50   47.10740   39.80800  F2               
0 04.04.2019 17:22:43.423   9.99600000   9996.00030   0.40  -46.9   30.6  28.0 28.80  352.8  1043.2  353.46   49.13   45.65     0.0  352.77    0.00    0.00     0.0  352.77    0.00    0.00    1.4     62563.423     13.50   47.10740   39.80800  F2               
0 04.04.2019 17:22:56.567   9.99600000   9996.00083   0.40  -45.4   40.1  28.0 26.40  352.8  1109.5  353.40   49.72   45.51     0.0  352.78    0.00    0.00     0.0  352.78    0.00    0.00    1.5     62576.567     13.50   47.10740   39.80800  F2               
0 04.04.2019 17:23:09.489   9.99600000   9996.00074   0.40  -43.6   39.8  28.0 26.40  352.8  1110.0  353.40   49.72   45.51     0.0  352.76    0.00    0.00     0.0  352.76    0.00    0.00    1.5     62589.489     13.50   47.10740   39.80800  F2               
0 04.04.2019 17:23:24.587   9.99600000   9996.00038   0.40  -46.2   45.3  28.0 25.79  352.8  1128.5  353.38   49.88   45.47     0.0  352.78    0.00    0.00     0.0  352.78    0.00    0.00    1.4     62604.587     13.50   47.10740   39.80800  F2               
0 04.04.2019 17:23:37.553   9.99600000   9995.99948   0.40  -46.9   40.5  28.0 27.00  352.8  1093.6  353.41   49.57   45.55     0.0  352.79    0.00    0.00     0.0  352.79    0.00    0.00    1.4     62617.553     13.50   47.10740   39.80800  F2               
0 04.04.2019 17:23:52.573   9.99600000   9996.00052   0.40  -45.7   41.8  28.0 25.79  352.8  1129.4  353.38   49.89   45.47     0.0  352.82    0.00    0.00     0.0  352.82    0.00    0.00    1.6     62632.573     13.50   47.10740   39.80800  F2               
0 04.04.2019 17:24:07.741   9.99600000   9995.99951   0.40  -41.5   46.0  28.0 24.60  352.8  1166.9  353.36   50.23   45.39     0.0  352.79    0.00    0.00     0.0  352.79    0.00    0.00    1.5     62647.741     13.50   47.10740   39.80800  F2               
0 04.04.2019 17:24:23.957   9.99600000   9996.00032   0.40  -45.0   42.4  28.0 25.20  352.8  1148.5  353.37   50.06   45.43     0.0  352.80    0.00    0.00     0.0  352.80    0.00    0.00    1.5     62663.957     13.50   47.10740   39.80800  F2               
0 04.04.2019 17:24:39.136   9.99600000   9995.99909   0.40  -45.7   45.8  28.0 22.80  352.8  1228.3  353.32   50.77   45.26     0.0  352.80    0.00    0.00     0.0  352.80    0.00    0.00    1.5     62679.136     13.50   47.10740   39.80800  F2               
0 04.04.2019 17:24:50.948   9.99600000   9995.99967   0.40  -43.3   48.2  28.0 22.80  352.8  1228.6  353.32   50.77   45.26     0.0  352.82    0.00    0.00     0.0  352.82    0.00    0.00    1.4     62690.948     13.50   47.10740   39.80800  F2               
0 04.04.2019 17:25:03.960   9.99600000   9996.00113   0.40  -56.4   31.0  28.0 21.00  352.1  1293.9  352.58   51.33   44.89     0.0  352.08    0.00    0.00     0.0  352.08    0.00    0.00    1.6     62703.960     13.50   47.10740   39.80800  F2               
0 04.04.2019 17:25:15.881   9.99600000   9996.00097   0.40  -50.7   40.7  28.0 22.80  352.8  1229.5  353.32   50.78   45.26     0.0  352.82    0.00    0.00     0.0  352.82    0.00    0.00    1.4     62715.881     13.50   47.10740   39.80800  F2               
0 04.04.2019 17:25:29.879   9.99600000   9995.99982   0.40  -44.1   39.4  28.0 24.00  352.8  1189.1  353.35   50.42   45.35     0.0  352.81    0.00    0.00     0.0  352.81    0.00    0.00    1.4     62729.879     13.50   47.10740   39.80800  F2               
0 04.04.2019 17:25:46.094   9.99600000   9996.00117   0.40  -53.4   32.0  28.0 27.00  353.5  1098.6  354.12   49.63   45.72     0.0  353.51    0.00    0.00     0.0  353.51    0.00    0.00    1.4     62746.094     13.50   47.10740   39.80800  F2               
0 04.04.2019 17:26:02.295   9.99600000   9995.99997   0.40  -36.4   47.0  28.0 23.40  352.8  1210.4  353.33   50.61   45.30     0.0  352.79    0.00    0.00     0.0  352.79    0.00    0.00    1.4     62762.295     13.50   47.10740   39.80800  F2               
0 04.04.2019 17:26:13.079   9.99600000   9995.99958   0.40  -44.7   42.8  28.0 24.00  352.8  1190.6  353.34   50.44   45.34     0.0  352.82    0.00    0.00     0.0  352.82    0.00    0.00    1.3     62773.079     13.50   47.10740   39.80800  F2               
0 04.04.2019 17:26:13.079   9.99600000   9995.99958   0.40  -44.7   42.8  28.0 25.20  353.5  1153.2  354.08   50.12   45.62     0.0  353.48    0.00    0.00     0.0  353.48    0.00    0.00    1.3     62773.079     13.50   47.10740   39.80800  F2               
0 04.04.2019 17:26:24.969   9.99600000   9995.99987   0.40  -55.4   32.0  28.0 25.80  353.5  1135.1  354.09   49.96   45.66     0.0  353.51    0.00    0.00     0.0  353.51    0.00    0.00    1.5     62784.969     13.50   47.10740   39.80800  F2               
0 04.04.2019 17:26:24.969   9.99600000   9995.99987   0.40  -55.4   32.0  28.0 21.60  352.1  1274.2  352.59   51.16   44.94     0.0  352.07    0.00    0.00     0.0  352.07    0.00    0.00    1.5     62784.969     13.50   47.10740   39.80800  F2               
0 04.04.2019 17:26:24.969   9.99600000   9995.99987   0.40  -55.4   32.0  28.0 19.80  351.4  1343.1  351.86   51.74   44.54     0.0  351.37    0.00    0.00     0.0  351.37    0.00    0.00    1.5     62784.969     13.50   47.10740   39.80800  F2               
0 04.04.2019 17:26:36.928   9.99600000   9995.99989   0.40  -43.9   39.5  28.0 24.61  353.5  1172.7  354.06   50.29   45.58     0.0  353.46    0.00    0.00     0.0  353.46    0.00    0.00    1.4     62796.928     13.50   47.10740   39.80800  F2               
0 04.04.2019 17:26:47.544   9.99600000   9995.99995   0.40  -40.5   45.0  28.0 24.59  352.8  1172.4  353.36   50.27   45.38     0.0  352.84    0.00    0.00     0.0  352.84    0.00    0.00    1.3     62807.544     13.50   47.10740   39.80800  F2               
0 04.04.2019 17:27:01.510   9.99600000   9995.99917   0.40  -50.7   40.8  28.0 24.60  352.8  1172.6  353.36   50.28   45.38     0.0  352.83    0.00    0.00     0.0  352.83    0.00    0.00    1.4     62821.510     13.50   47.10740   39.80800  F2               
0 04.04.2019 17:27:12.306   9.99600000   9996.00005   0.40  -43.3   38.1  28.0 24.61  352.8  1172.6  353.36   50.28   45.38     0.0  352.83    0.00    0.00     0.0  352.83    0.00    0.00    1.4     62832.306     13.50   47.10740   39.80800  F2               
0 04.04.2019 17:27:28.536   9.99600000   9995.99972   0.40  -41.0   36.5  28.0 24.60  352.8  1173.4  353.36   50.28   45.38     0.0  352.80    0.00    0.00     0.0  352.80    0.00    0.00    1.3     62848.536     13.50   47.10740   39.80800  F2               
0 04.04.2019 17:27:41.391   9.99600000   9995.99873   0.40  -48.1   35.4  28.0 27.00  353.5  1102.0  354.12   49.66   45.72     0.0  353.54    0.00    0.00     0.0  353.54    0.00    0.00    1.4     62861.391     13.50   47.10740   39.80800  F2               
0 04.04.2019 17:27:54.298   9.99600000   9996.00013   0.40  -44.8   38.7  28.0 16.80  350.7  1478.4  351.11   52.91   43.90  3420.0  353.21   77.22   23.94     0.0  350.66    0.00    0.00    1.5     62874.298     13.50   47.10740   39.80800  F2               
0 04.04.2019 17:27:54.298   9.99600000   9996.00013   0.40  -44.8   38.7  28.0 19.80  351.4  1346.6  351.86   51.78   44.53     0.0  351.38    0.00    0.00     0.0  351.38    0.00    0.00    1.4     62874.298     13.50   47.10740   39.80800  F2               
0 04.04.2019 17:27:54.298   9.99600000   9996.00013   0.40  -44.8   38.7  28.0 22.20  352.1  1255.2  352.60   50.99   44.99     0.0  352.10    0.00    0.00     0.0  352.10    0.00    0.00    1.4     62874.298     13.50   47.10740   39.80800  F2               
0 04.04.2019 17:27:54.298   9.99600000   9996.00013   0.40  -44.8   38.7  28.0 24.60  352.8  1174.3  353.36   50.29   45.38     0.0  352.82    0.00    0.00     0.0  352.82    0.00    0.00    1.4     62874.298     13.50   47.10740   39.80800  F2               
0 04.04.2019 17:28:09.439   9.99600000   9996.00002   0.40  -39.2   40.3  28.0 25.20  352.9  1155.8  353.47   50.13   45.45     0.0  352.87    0.00    0.00     0.0  352.87    0.00    0.00    1.4     62889.439     13.50   47.10740   39.80800  F2               
0 04.04.2019 17:28:22.386   9.99600000   9995.99998   0.40  -37.1   40.4  28.0 25.20  353.4  1157.1  353.98   50.15   45.59     0.0  353.45    0.00    0.00     0.0  353.45    0.00    0.00    1.4     62902.386     13.50   47.10740   39.80800  F2               
0 04.04.2019 17:28:35.451   9.99600000   9995.99988   0.40  -36.8   42.6  28.0 24.00  352.8  1195.3  353.35   50.48   45.33     0.0  352.85    0.00    0.00     0.0  352.85    0.00    0.00    1.4     62915.451     13.50   47.10740   39.80800  F2               
0 04.04.2019 17:28:46.199   9.99600000   9995.99996   0.40  -38.4   41.1  28.0 25.20  352.8  1156.8  353.37   50.14   45.42     0.0  352.75    0.00    0.00     0.0  352.75    0.00    0.00    1.4     62926.199     13.50   47.10740   39.80800  F2               
0 04.04.2019 17:28:46.199   9.99600000   9995.99996   0.40  -38.4   41.1  28.0 24.00  352.1  1194.3  352.64   50.45   45.13     0.0  352.12    0.00    0.00     0.0  352.12    0.00    0.00    1.4     62926.199     13.50   47.10740   39.80800  F2               
0 04.04.2019 17:28:58.036   9.99600000   9995.99997   0.40  -40.8   40.7  28.0 25.20  353.5  1158.4  354.08   50.17   45.61     0.0  353.47    0.00    0.00     0.0  353.47    0.00    0.00    1.3     62938.036     13.50   47.10740   39.80800  F2               
0 04.04.2019 17:29:09.876   9.99600000   9995.99921   0.40  -45.6   39.8  28.0 19.80  351.4  1349.5  351.86   51.80   44.52     0.0  351.38    0.00    0.00     0.0  351.38    0.00    0.00    1.4     62949.876     13.50   47.10740   39.80800  F2               
0 04.04.2019 17:29:09.876   9.99600000   9995.99921   0.40  -45.6   39.8  28.0 15.00  350.6  1572.7  350.99   53.73   43.57  3457.9  353.17   77.53   23.28     0.0  350.64    0.00    0.00    1.4     62949.876     13.50   47.10740   39.80800  F2               
0 04.04.2019 17:29:09.876   9.99600000   9995.99921   0.40  -45.6   39.8  28.0 25.20  352.8  1157.5  353.37   50.14   45.42     0.0  352.84    0.00    0.00     0.0  352.84    0.00    0.00    1.3     62949.876     13.50   47.10740   39.80800  F2               
0 04.04.2019 17:29:20.717   9.99600000   9996.00035   0.40  -46.1   39.4  28.0 24.60  352.9  1177.2  353.46   50.32   45.40     0.0  352.86    0.00    0.00     0.0  352.86    0.00    0.00    1.4     62960.717     13.50   47.10740   39.80800  F2               
0 04.04.2019 17:29:32.613   9.99600000   9995.99975   0.40  -47.7   39.8  28.0 25.21  352.8  1157.9  353.37   50.15   45.41     0.0  352.84    0.00    0.00     0.0  352.84    0.00    0.00    1.3     62972.613     13.50   47.10740   39.80800  F2               
0 04.04.2019 17:29:45.677   9.99600000   9995.99937   0.40  -48.8   34.7  28.0 25.79  352.8  1140.4  353.38   49.99   45.45     0.0  352.82    0.00    0.00     0.0  352.82    0.00    0.00    1.4     62985.677     13.50   47.10740   39.80800  F2               
0 04.04.2019 17:30:01.805   9.99600000   9995.99973   0.11  -50.9   40.1  28.0 25.80  352.8  1140.5  353.38   49.99   45.45     0.0  352.78    0.00    0.00     0.0  352.78    0.00    0.00    1.4     63001.805     13.50   47.10740   39.80800  F2               
0 04.04.2019 17:30:13.643   9.99600000   9995.99979   0.18  -48.8   46.1  28.0 21.60  350.7  1279.5  351.18   51.16   44.48     0.0  350.67    0.00    0.00     0.0  350.67    0.00    0.00    1.7     63013.643     13.50   47.10740   39.80800  F2               
0 04.04.2019 17:30:24.388   9.99600000   9995.99968   0.11  -53.1   39.9  28.0 16.20  351.4  1516.6  351.81   53.28   44.06  3434.5  353.78   77.45   24.99     0.0  351.38    0.00    0.00    1.6     63024.388     13.50   47.10740   39.80800  F2               
0 04.04.2019 17:30:24.388   9.99600000   9995.99968   0.11  -53.1   39.9  28.0 19.80  352.1  1354.0  352.57   51.87   44.75     0.0  352.11    0.00    0.00     0.0  352.11    0.00    0.00    1.6     63024.388     13.50   47.10740   39.80800  F2               
0 04.04.2019 17:30:24.388   9.99600000   9995.99968   0.11  -53.1   39.9  28.0 25.20  353.5  1161.2  354.08   50.19   45.61     0.0  353.49    0.00    0.00     0.0  353.49    0.00    0.00    1.5     63024.388     13.50   47.10740   39.80800  F2               
0 04.04.2019 17:30:24.388   9.99600000   9995.99968   0.11  -53.1   39.9  28.0 23.40  352.8  1219.3  353.33   50.69   45.28     0.0  352.83    0.00    0.00     0.0  352.83    0.00    0.00    1.5     63024.388     13.50   47.10740   39.80800  F2               
0 04.04.2019 17:30:36.351   9.99600000   9995.99986   0.11  -55.6   39.4  28.0 16.80  351.4  1487.5  351.82   53.02   44.14  3433.6  353.79   77.44   25.03     0.0  351.37    0.00    0.00    1.6     63036.351     13.50   47.10740   39.80800  F2               
0 04.04.2019 17:30:49.307   9.99600000   9996.00005   0.11  -60.7   32.3  28.0 14.40  349.9  1607.3  350.28   54.00   43.17  3476.4  352.61   77.57   21.74     0.0  349.93    0.00    0.00    1.8     63049.307     13.50   47.10740   39.80800  F2               
0 04.04.2019 17:31:01.125   9.99600000   9995.99981   0.11  -56.8   36.2  28.0 13.20  349.9  1675.8  350.27   54.60   42.93  3572.0  352.73   78.38   20.28     0.0  349.92    0.00    0.00    1.6     63061.125     13.50   47.10740   39.80800  F2               
0 04.04.2019 17:31:14.033   9.99600000   9995.99981   0.11  -57.1   39.9  28.0 21.60  352.1  1284.7  352.60   51.25   44.92     0.0  352.14    0.00    0.00     0.0  352.14    0.00    0.00    1.5     63074.033     13.50   47.10740   39.80800  F2               
0 04.04.2019 17:31:25.951   9.99600000   9995.99976   0.11  -55.2   39.8  28.0 14.40  352.8  1619.2  353.21   54.25   44.37     0.0  352.78    0.00    0.00     0.0  352.78    0.00    0.00    1.5     63085.951     13.50   47.10740   39.80800  F2               
0 04.04.2019 17:31:37.797   9.99600000   9995.99997   0.11  -59.4   37.6  28.0 14.40  351.4  1614.7  351.80   54.14   43.78  3511.8  353.83   78.11   23.95     0.0  351.38    0.00    0.00    1.7     63097.797     13.50   47.10740   39.80800  F2               
0 04.04.2019 17:31:51.757   9.99600000   9995.99990   0.11  -57.9   37.1  28.0 10.80  352.0  1838.4  352.38   56.15   43.40  3979.6  355.09   82.25   17.99     0.0  352.05    0.00    0.00    1.3     63111.757     13.50   47.10740   39.80800  F2               
0 04.04.2019 17:32:03.627   9.99600000   9995.99985   0.11  -56.3   36.7  28.0  8.40  352.1  2009.7  352.48   57.67   42.92     0.0  352.09    0.00    0.00     0.0  352.09    0.00    0.00    1.5     63123.627     13.50   47.10740   39.80800  F2               
0 04.04.2019 17:32:27.351   9.99600000   9995.99979   0.11  -57.1   41.9  28.0 16.20  352.1  1524.1  352.52   53.37   44.32  3448.6  354.36   77.66   26.11     0.0  352.09    0.00    0.00    1.5     63147.351     13.50   47.10740   39.80800  F2               
0 04.04.2019 17:32:54.296   9.99600000   9995.99980   0.11  -52.0   45.1  28.0 13.20  352.1  1689.8  352.50   54.84   43.87  3633.8  354.56   79.27   23.84     0.0  352.12    0.00    0.00    1.3     63174.296     13.50   47.10740   39.80800  F2               
0 04.04.2019 17:33:07.304   9.99600000   9995.99982   0.11  -54.5   44.5  28.0 13.80  352.8  1658.1  353.21   54.59   44.27  3593.9  355.01   79.01   25.70     0.0  352.77    0.00    0.00    1.6     63187.304     13.50   47.10740   39.80800  F2               
0 04.04.2019 17:33:21.322   9.99600000   9995.99984   0.11  -62.2   36.8  28.0 18.00  352.1  1439.8  352.54   52.63   44.53  3520.9  354.53   78.31   25.50     0.0  352.05    0.00    0.00    1.6     63201.322     13.50   47.10740   39.80800  F2               
0 04.04.2019 17:33:33.128   9.99600000   9995.99978   0.11  -54.6   34.4  28.0 13.80  352.8  1659.3  353.21   54.60   44.27  3594.8  355.04   79.02   25.76     0.0  352.81    0.00    0.00    1.4     63213.128     13.50   47.10740   39.80800  F2               
0 04.04.2019 17:33:46.149   9.99600000   9995.99980   0.11  -52.7   42.3  28.0 13.20  352.8  1695.2  353.21   54.92   44.18  3653.3  355.10   79.53   25.01     0.0  352.79    0.00    0.00    1.5     63226.149     13.50   47.10740   39.80800  F2               
0 04.04.2019 17:33:57.995   9.99600000   9995.99981   0.11  -52.4   44.6  28.0 13.20  352.1  1693.0  352.50   54.87   43.86  3634.7  354.57   79.28   23.86     0.0  352.13    0.00    0.00    1.5     63237.995     13.50   47.10740   39.80800  F2               
0 04.04.2019 17:34:13.087   9.99600000   9995.99979   0.11  -55.7   41.3  28.0 13.80  352.8  1661.2  353.21   54.62   44.26  3594.8  355.04   79.02   25.74     0.0  352.80    0.00    0.00    1.5     63253.087     13.50   47.10740   39.80800  F2               
0 04.04.2019 17:34:26.108   9.99600000   9995.99984   0.11  -57.6   41.4  28.0 13.20  352.1  1694.3  352.50   54.88   43.86  3634.9  354.58   79.28   23.87     0.0  352.14    0.00    0.00    1.5     63266.108     13.50   47.10740   39.80800  F2               
0 04.04.2019 17:34:40.079   9.99600000   9995.99976   0.11  -52.2   46.8  28.0 13.20  352.1  1695.1  352.50   54.89   43.86  3633.7  354.55   79.27   23.82     0.0  352.11    0.00    0.00    1.4     63280.079     13.50   47.10740   39.80800  F2               
0 04.04.2019 17:34:51.930   9.99600000   9995.99968   0.11  -57.0   38.1  28.0 15.60  353.5  1566.2  353.93   53.80   44.78  3492.8  355.47   78.21   28.18     0.0  353.47    0.00    0.00    1.6     63291.930     13.50   47.10740   39.80800  F2               
0 04.04.2019 17:35:06.031   9.99600000   9995.99979   0.11  -57.7   39.3  28.0 13.80  352.1  1661.1  352.50   54.59   43.95  3575.8  354.46   78.76   24.53     0.0  352.09    0.00    0.00    1.4     63306.031     13.50   47.10740   39.80800  F2               
0 04.04.2019 17:35:23.261   9.99600000   9995.99985   0.11  -61.5   31.5  28.0 13.20  352.8  1700.2  353.21   54.96   44.16  3653.7  355.11   79.54   25.05     0.0  352.81    0.00    0.00    1.7     63323.261     13.50   47.10740   39.80800  F2               
0 04.04.2019 17:35:36.374   9.99600000   9995.99978   0.11  -57.4   39.6  28.0 12.60  352.1  1734.1  352.49   55.23   43.75  3786.0  354.86   80.61   21.91     0.0  352.12    0.00    0.00    1.5     63336.374     13.50   47.10740   39.80800  F2               
0 04.04.2019 17:35:50.396   9.99600000   9995.99971   0.11  -65.9   27.1  28.0 13.80  353.5  1668.8  353.92   54.71   44.56  3709.1  355.77   80.12   26.12     0.0  353.49    0.00    0.00    1.9     63350.396     13.50   47.10740   39.80800  F2               
0 04.04.2019 17:36:02.241   9.99600000   9995.99962   0.11  -62.6   34.4  28.0 17.40  353.5  1479.0  353.95   53.02   44.97     0.0  353.54    0.00    0.00     0.0  353.54    0.00    0.00    1.7     63362.241     13.50   47.10740   39.80800  F2               
0 04.04.2019 17:36:14.092   9.99600000   9995.99975   0.11  -64.6   34.4  28.0 14.40  352.8  1633.0  353.21   54.37   44.33  3643.9  355.20   79.47   25.45     0.0  352.82    0.00    0.00    1.7     63374.092     13.50   47.10740   39.80800  F2               
0 04.04.2019 17:36:28.297   9.99600000   9995.99970   0.11  -62.3   32.7  28.0 15.00  352.8  1600.4  353.22   54.08   44.41  3607.8  355.15   79.15   25.86     0.0  352.80    0.00    0.00    1.7     63388.297     13.50   47.10740   39.80800  F2               
0 04.04.2019 17:36:40.108   9.99600000   9995.99977   0.11  -54.1   42.9  28.0 14.40  352.8  1634.3  353.21   54.38   44.33     0.0  352.79    0.00    0.00     0.0  352.79    0.00    0.00    1.4     63400.108     13.50   47.10740   39.80800  F2               
0 04.04.2019 17:36:56.484   9.99600000   9995.99980   0.11  -62.1   34.9  28.0 14.40  352.1  1632.6  352.51   54.33   44.03  3623.5  354.62   79.19   24.18     0.0  352.10    0.00    0.00    1.6     63416.484     13.50   47.10740   39.80800  F2               
0 04.04.2019 17:37:10.486   9.99600000   9995.99981   0.11  -63.9   33.1  28.0 16.80  353.5  1511.5  353.94   53.31   44.90  3608.5  355.77   79.25   27.55     0.0  353.53    0.00    0.00    1.6     63430.486     13.50   47.10740   39.80800  F2               
0 04.04.2019 17:37:37.565   9.99600000   9995.99986   0.11  -63.6   35.5  28.0 13.80  352.8  1671.5  353.21   54.71   44.24  3688.8  355.24   79.86   24.87     0.0  352.82    0.00    0.00    1.7     63457.565     13.50   47.10740   39.80800  F2               
0 04.04.2019 17:38:58.999   9.99600000   9995.99899   0.24  -64.6   23.0  28.0 14.40  352.1  1638.8  352.51   54.39   44.01  3624.2  354.64   79.20   24.22     0.0  352.12    0.00    0.00    1.7     63538.999     13.50   47.10740   39.80800  F2               
0 04.04.2019 17:39:10.838   9.99600000   9996.00020   0.40  -61.6   31.8  28.0 15.00  352.8  1608.7  353.22   54.15   44.39  3606.7  355.12   79.14   25.79     0.0  352.76    0.00    0.00    1.5     63550.838     13.50   47.10740   39.80800  F2               
0 04.04.2019 17:39:23.746   9.99600000   9995.99978   0.15  -62.5   27.0  28.0 14.40  352.8  1642.8  353.21   54.45   44.31  3644.4  355.22   79.48   25.49     0.0  352.84    0.00    0.00    1.6     63563.746     13.50   47.10740   39.80800  F2               
0 04.04.2019 17:39:37.871   9.99600000   9995.99969   0.40  -61.6   31.8  28.0 14.40  352.8  1643.5  353.21   54.46   44.31  3642.8  355.16   79.45   25.37     0.0  352.78    0.00    0.00    1.6     63577.871     13.50   47.10740   39.80800  F2               
0 04.04.2019 17:39:50.444   9.99600000   9995.99957   0.11  -66.0   33.0  28.0 12.60  352.8  1750.8  353.20   55.41   44.04  3806.2  355.38   80.88   23.21     0.0  352.79    0.00    0.00    1.5     63590.444     13.50   47.10740   39.80800  F2               
0 04.04.2019 17:40:02.984   9.99600000   9995.99947   0.40  -66.0   25.4  28.0 12.00  352.8  1788.9  353.20   55.75   43.94  3884.0  355.52   81.56   22.07     0.0  352.82    0.00    0.00    1.5     63602.984     13.50   47.10740   39.80800  F2               
0 04.04.2019 17:40:14.805   9.99600000   9995.99982   0.22  -61.3   30.7  28.0 13.20  352.8  1715.4  353.20   55.10   44.13     0.0  352.81    0.00    0.00     0.0  352.81    0.00    0.00    1.4     63614.805     13.50   47.10740   39.80800  F2               
0 04.04.2019 17:40:27.815   9.99600000   9996.00006   0.40  -58.7   32.7  28.0 13.20  352.1  1713.2  352.50   55.05   43.81  3720.6  354.73   80.03   22.81     0.0  352.09    0.00    0.00    1.4     63627.815     13.50   47.10740   39.80800  F2               
0 04.04.2019 17:40:39.634   9.99600000   9996.00005   0.31  -57.8   28.7  28.0 13.80  352.8  1681.2  353.21   54.80   44.21  3688.4  355.23   79.86   24.85     0.0  352.80    0.00    0.00    1.4     63639.634     13.50   47.10740   39.80800  F2               
0 04.04.2019 17:40:51.500   9.99600000   9995.99997   0.40  -56.3   33.2  28.0 13.20  352.8  1717.5  353.20   55.12   44.12     0.0  352.77    0.00    0.00     0.0  352.77    0.00    0.00    1.4     63651.500     13.50   47.10740   39.80800  F2               
0 04.04.2019 17:41:02.989   9.99600000   9995.99979   0.40  -60.0   33.5  28.0 13.80  352.8  1682.5  353.21   54.81   44.21  3688.4  355.24   79.86   24.85     0.0  352.81    0.00    0.00    1.4     63662.989     13.50   47.10740   39.80800  F2               
0 04.04.2019 17:41:15.968   9.99600000   9996.00000   0.40  -57.7   31.7  28.0 13.80  352.8  1683.2  353.21   54.81   44.21  3687.9  355.22   79.85   24.83     0.0  352.79    0.00    0.00    1.4     63675.968     13.50   47.10740   39.80800  F2               
0 04.04.2019 17:41:27.691   9.99600000   9995.99992   0.40  -56.2   33.2  28.0 14.40  352.8  1649.3  353.21   54.51   44.29  3643.4  355.18   79.46   25.41     0.0  352.80    0.00    0.00    1.4     63687.691     13.50   47.10740   39.80800  F2               
0 04.04.2019 17:41:41.646   9.99600000   9996.00015   0.40  -56.8   34.7  28.0 13.20  352.8  1720.3  353.20   55.14   44.11     0.0  352.82    0.00    0.00     0.0  352.82    0.00    0.00    1.4     63701.646     13.50   47.10740   39.80800  F2               
0 04.04.2019 17:41:53.471   9.99600000   9995.99992   0.40  -56.4   33.1  28.0 13.20  352.8  1720.9  353.20   55.15   44.11     0.0  352.81    0.00    0.00     0.0  352.81    0.00    0.00    1.4     63713.471     13.50   47.10740   39.80800  F2               
0 04.04.2019 17:42:07.512   9.99600000   9995.99990   0.40  -56.3   35.1  28.0 13.80  352.8  1686.0  353.21   54.84   44.20  3688.6  355.24   79.86   24.87     0.0  352.81    0.00    0.00    1.4     63727.512     13.50   47.10740   39.80800  F2               
0 04.04.2019 17:42:19.336   9.99600000   9996.00005   0.40  -62.1   27.4  28.0 14.40  352.8  1652.1  353.21   54.54   44.29  3644.5  355.21   79.48   25.48     0.0  352.84    0.00    0.00    1.4     63739.336     13.50   47.10740   39.80800  F2               
0 04.04.2019 17:42:31.902   9.99600000   9995.99964   0.40  -60.0   31.4  28.0 14.40  352.8  1652.7  353.21   54.54   44.28  3643.3  355.18   79.46   25.41     0.0  352.80    0.00    0.00    1.4     63751.902     13.50   47.10740   39.80800  F2               
0 04.04.2019 17:42:44.781   9.99600000   9995.99988   0.40  -58.5   26.9  28.0 14.40  352.8  1653.4  353.21   54.55   44.28  3643.5  355.19   79.46   25.44     0.0  352.81    0.00    0.00    1.4     63764.781     13.50   47.10740   39.80800  F2               
0 04.04.2019 17:42:56.764   9.99600000   9995.99988   0.13  -62.7   35.6  28.0 13.20  352.8  1724.5  353.20   55.18   44.10     0.0  352.79    0.00    0.00     0.0  352.79    0.00    0.00    1.5     63776.764     13.50   47.10740   39.80800  F2               
0 04.04.2019 17:43:08.660   9.99600000   9995.99949   0.40  -67.3   24.2  28.0 13.80  352.8  1689.3  353.21   54.87   44.19  3688.5  355.24   79.86   24.87     0.0  352.81    0.00    0.00    1.5     63788.660     13.50   47.10740   39.80800  F2               
0 04.04.2019 17:43:20.506   9.99600000   9995.99961   0.38  -66.3   17.4  28.0 14.40  352.9  1655.6  353.31   54.57   44.32  3644.8  355.22   79.48   25.51     0.0  352.85    0.00    0.00    1.6     63800.506     13.50   47.10740   39.80800  F2               
0 04.04.2019 17:43:32.008   9.99600000   9996.00004   0.35  -69.2   24.8  28.0 15.60  352.8  1589.4  353.22   53.98   44.44  3584.8  355.15   78.96   26.19     0.0  352.82    0.00    0.00    1.5     63812.008     13.50   47.10740   39.80800  F2               
0 04.04.2019 17:43:43.840   9.99600000   9995.99971   0.15  -66.6   29.0  28.0 15.00  352.8  1622.7  353.22   54.28   44.36  3607.7  355.15   79.15   25.86     0.0  352.80    0.00    0.00    1.5     63823.840     13.50   47.10740   39.80800  F2               
0 04.04.2019 17:43:55.786   9.99600000   9995.99925   0.40  -61.8   29.7  28.0 13.80  352.1  1689.1  352.50   54.84   43.88  3668.0  354.67   79.58   23.58     0.0  352.10    0.00    0.00    1.5     63835.786     13.50   47.10740   39.80800  F2               
0 04.04.2019 17:44:09.768   9.99600000   9995.99992   0.29  -61.0   27.9  28.0 13.80  352.8  1692.5  353.21   54.90   44.18  3689.2  355.26   79.87   24.92     0.0  352.84    0.00    0.00    1.4     63849.768     13.50   47.10740   39.80800  F2               
0 04.04.2019 17:44:21.682   9.99600000   9995.99988   0.40  -57.4   34.1  28.0 13.80  352.8  1693.2  353.21   54.90   44.18  3688.0  355.22   79.85   24.82     0.0  352.79    0.00    0.00    1.5     63861.682     13.50   47.10740   39.80800  F2               
0 04.04.2019 17:44:34.606   9.99600000   9995.99952   0.40  -59.2   24.3  28.0 14.40  352.8  1659.0  353.21   54.60   44.27  3644.0  355.20   79.47   25.46     0.0  352.83    0.00    0.00    1.4     63874.606     13.50   47.10740   39.80800  F2               
0 04.04.2019 17:44:45.446   9.99600000   9995.99996   0.15  -60.6   35.0  28.0 13.80  352.8  1694.5  353.21   54.91   44.18  3688.5  355.23   79.86   24.85     0.0  352.80    0.00    0.00    1.4     63885.446     13.50   47.10740   39.80800  F2               
0 04.04.2019 17:44:57.987   9.99600000   9995.99972   0.40  -58.8   30.7  28.0 13.80  352.8  1695.2  353.21   54.92   44.18  3688.8  355.25   79.86   24.89     0.0  352.82    0.00    0.00    1.4     63897.987     13.50   47.10740   39.80800  F2               
0 04.04.2019 17:45:13.857   9.99600000   9995.99989   0.29  -57.2   37.7  28.0 14.40  352.8  1661.1  353.21   54.62   44.26  3643.7  355.19   79.47   25.44     0.0  352.82    0.00    0.00    1.4     63913.857     13.50   47.10740   39.80800  F2               
0 04.04.2019 17:45:31.952   9.99600000   9996.00000   0.20  -56.9   39.6  28.0 13.80  352.8  1697.0  353.21   54.94   44.17  3688.4  355.23   79.86   24.85     0.0  352.80    0.00    0.00    1.4     63931.952     13.50   47.10740   39.80800  F2               
0 04.04.2019 17:45:42.662   9.99600000   9995.99979   0.35  -58.3   33.7  28.0 14.40  352.8  1662.6  353.21   54.63   44.26     0.0  352.80    0.00    0.00     0.0  352.80    0.00    0.00    1.5     63942.662     13.50   47.10740   39.80800  F2               
0 04.04.2019 17:45:55.731   9.99600000   9995.99985   0.40  -62.7   28.7  28.0 13.80  352.8  1698.2  353.21   54.95   44.17  3688.6  355.23   79.86   24.85     0.0  352.80    0.00    0.00    1.4     63955.731     13.50   47.10740   39.80800  F2               
0 04.04.2019 17:46:11.838   9.99600000   9995.99476   0.11  -77.2   15.8  28.0 13.20  353.5  1738.2  353.91   55.33   44.40  3764.8  355.83   80.61   25.41     0.0  353.48    0.00    0.00    1.6     63971.838     13.50   47.10740   39.80800  F2               
0 04.04.2019 17:46:23.695   9.99600000   9995.99928   0.11  -73.9   23.1  28.0 13.80  352.8  1699.7  353.21   54.96   44.17  3687.5  355.21   79.84   24.78     0.0  352.77    0.00    0.00    1.6     63983.695     13.50   47.10740   39.80800  F2               
0 04.04.2019 17:46:35.647   9.99600000   9995.99990   0.38  -69.5   24.2  28.0 13.80  352.8  1700.4  353.21   54.97   44.17  3689.1  355.26   79.87   24.90     0.0  352.83    0.00    0.00    1.5     63995.647     13.50   47.10740   39.80800  F2               
0 04.04.2019 17:46:51.772   9.99600000   9996.00052   0.27  -69.0   16.2  28.0 12.60  352.8  1774.7  353.20   55.63   43.97  3806.9  355.40   80.89   23.25     0.0  352.82    0.00    0.00    1.6     64011.772     13.50   47.10740   39.80800  F2               
0 04.04.2019 17:47:03.599   9.99600000   9995.99970   0.40  -64.0   25.4  28.0 15.00  352.8  1632.8  353.22   54.37   44.33  3608.1  355.16   79.16   25.88     0.0  352.81    0.00    0.00    1.4     64023.599     13.50   47.10740   39.80800  F2               
0 04.04.2019 17:47:16.574   9.99600000   9995.99982   0.11  -65.0   24.0  28.0 15.00  352.8  1633.4  353.22   54.37   44.33  3608.5  355.18   79.16   25.92     0.0  352.83    0.00    0.00    1.7     64036.574     13.50   47.10740   39.80800  F2               
0 04.04.2019 17:47:28.396   9.99600000   9995.99998   0.13  -63.3   34.9  28.0 14.40  352.8  1668.0  353.21   54.68   44.25  3643.7  355.20   79.47   25.46     0.0  352.82    0.00    0.00    1.5     64048.396     13.50   47.10740   39.80800  F2               
0 04.04.2019 17:47:40.921   9.99600000   9995.99987   0.33  -61.0   15.3  28.0 13.80  352.8  1703.7  353.21   55.00   44.16  3688.9  355.24   79.86   24.86     0.0  352.81    0.00    0.00    1.5     64060.921     13.50   47.10740   39.80800  F2               
0 04.04.2019 17:47:54.893   9.99600000   9995.99987   0.11  -64.4   32.6  28.0 15.00  353.5  1638.0  353.92   54.44   44.63  3625.9  355.67   79.39   27.04     0.0  353.46    0.00    0.00    1.4     64074.893     13.50   47.10740   39.80800  F2               
0 04.04.2019 17:48:06.812   9.99600000   9995.99982   0.40  -68.7   22.7  28.0 15.00  353.5  1638.6  353.92   54.44   44.63  3626.0  355.67   79.39   27.04     0.0  353.46    0.00    0.00    1.6     64086.812     13.50   47.10740   39.80800  F2               
0 04.04.2019 17:48:20.465   9.99600000   9995.99924   0.20  -72.5   23.9  28.0 14.40  352.9  1671.1  353.31   54.71   44.28  3644.6  355.22   79.48   25.51     0.0  352.85    0.00    0.00    1.6     64100.465     13.50   47.10740   39.80800  F2               
0 04.04.2019 17:48:33.419   9.99600000   9995.99936   0.18  -70.4   16.6  28.0 13.20  352.8  1742.9  353.20   55.34   44.06     0.0  352.80    0.00    0.00     0.0  352.80    0.00    0.00    1.6     64113.419     13.50   47.10740   39.80800  F2               
0 04.04.2019 17:48:46.387   9.99600000   9995.99989   0.11  -68.6   22.5  28.0 15.00  353.5  1640.5  353.92   54.46   44.62  3627.1  355.70   79.40   27.11     0.0  353.50    0.00    0.00    1.9     64126.387     13.50   47.10740   39.80800  F2               
0 04.04.2019 17:49:00.255   9.99600000   9996.00058   0.29  -72.3   18.6  28.0 14.40  353.5  1675.5  353.92   54.77   44.54  3661.4  355.70   79.70   26.62     0.0  353.46    0.00    0.00    1.5     64140.255     13.50   47.10740   39.80800  F2               
0 04.04.2019 17:49:11.017   9.99600000   9995.99939   0.11  -69.2   23.8  28.0 15.00  353.5  1641.8  353.92   54.47   44.62  3627.4  355.68   79.40   27.05     0.0  353.47    0.00    0.00    1.5     64151.017     13.50   47.10740   39.80800  F2               
0 04.04.2019 17:49:26.955   9.99600000   9995.99983   0.38  -67.3   24.4  28.0 13.80  352.8  1709.3  353.21   55.05   44.14  3690.4  355.27   79.88   24.91     0.0  352.84    0.00    0.00    1.4     64166.955     13.50   47.10740   39.80800  F2               
0 04.04.2019 17:49:38.754   9.99600000   9995.99982   0.11  -69.5   25.5  28.0 14.40  353.5  1677.5  353.92   54.79   44.54  3661.5  355.71   79.70   26.65     0.0  353.47    0.00    0.00    1.7     64178.754     13.50   47.10740   39.80800  F2               
0 04.04.2019 17:49:50.569   9.99600000   9995.99966   0.11  -63.9   31.1  28.0 16.80  353.5  1547.0  353.94   53.63   44.83  3607.2  355.73   79.24   27.46     0.0  353.48    0.00    0.00    1.8     64190.569     13.50   47.10740   39.80800  F2               
0 04.04.2019 17:50:03.500   9.99600000   9996.00134   0.40  -70.1   21.4  28.0 13.80  352.8  1711.3  353.21   55.06   44.14  3688.8  355.25   79.86   24.88     0.0  352.82    0.00    0.00    1.4     64203.500     13.50   47.10740   39.80800  F2               
0 04.04.2019 17:50:14.252   9.99600000   9995.99855   0.38  -69.9   15.8  28.0 16.20  353.5  1579.4  353.93   53.92   44.76     0.0  353.51    0.00    0.00     0.0  353.51    0.00    0.00    1.6     64214.252     13.50   47.10740   39.80800  F2               
0 04.04.2019 17:50:26.210   9.99600000   9995.99959   0.40  -68.3   15.2  28.0 15.00  352.8  1643.0  353.22   54.46   44.31  3608.1  355.17   79.16   25.90     0.0  352.82    0.00    0.00    1.4     64226.210     13.50   47.10740   39.80800  F2               
0 04.04.2019 17:50:38.140   9.99600000   9995.99977   0.40  -68.6   22.9  28.0 14.40  352.8  1677.8  353.21   54.77   44.22     0.0  352.81    0.00    0.00     0.0  352.81    0.00    0.00    1.4     64238.140     13.50   47.10740   39.80800  F2               
0 04.04.2019 17:50:48.883   9.99600000   9995.99983   0.40  -69.8   23.6  28.0 15.00  352.8  1644.1  353.22   54.47   44.31  3728.4  355.39   80.22   24.65     0.0  352.78    0.00    0.00    1.4     64248.883     13.50   47.10740   39.80800  F2               
0 04.04.2019 17:50:59.647   9.99600000   9996.12276   0.40  -70.8   21.5  28.0 15.00  352.8  1644.6  353.21   54.47   44.31  3729.9  355.43   80.24   24.75     0.0  352.83    0.00    0.00    1.4     64259.647     13.50   47.10740   39.80800  F2               
0 04.04.2019 17:50:59.647   9.99600000   9995.99633   0.11  -69.2   23.9  28.0 14.40  352.8  1678.9  353.21   54.77   44.22  3757.0  355.45   80.48   24.35     0.0  352.84    0.00    0.00    1.6     64259.647     13.50   47.10740   39.80800  F2               
0 04.04.2019 17:51:11.473   9.99600000   9995.99962   0.40  -64.6   26.9  28.0 15.00  352.8  1645.2  353.21   54.48   44.30  3729.1  355.41   80.23   24.71     0.0  352.81    0.00    0.00    1.4     64271.473     13.50   47.10740   39.80800  F2               
0 04.04.2019 17:51:22.194   9.99600000   9995.99902   0.40  -67.5   24.0  28.0 13.80  352.8  1715.3  353.21   55.10   44.13  3794.6  355.50   80.81   23.82     0.0  352.85    0.00    0.00    1.4     64282.194     13.50   47.10740   39.80800  F2               
0 04.04.2019 17:51:32.940   9.99600000   9995.99898   0.38  -65.2   18.5  28.0 15.00  352.8  1646.2  353.21   54.49   44.30  3729.7  355.43   80.24   24.74     0.0  352.83    0.00    0.00    1.3     64292.940     13.50   47.10740   39.80800  F2               
0 04.04.2019 17:51:44.791   9.99600000   9996.00084   0.40  -65.4   28.1  28.0 13.80  352.8  1716.5  353.21   55.11   44.12  3793.4  355.47   80.79   23.74     0.0  352.81    0.00    0.00    1.4     64304.791     13.50   47.10740   39.80800  F2               
0 04.04.2019 17:51:56.765   9.99600000   9995.99983   0.40  -64.6   26.8  28.0 14.40  352.8  1681.7  353.21   54.80   44.21     0.0  352.84    0.00    0.00     0.0  352.84    0.00    0.00    1.4     64316.765     13.50   47.10740   39.80800  F2               
0 04.04.2019 17:52:09.675   9.99600000   9996.00193   0.40  -68.2   25.3  28.0 15.00  352.8  1648.1  353.21   54.50   44.30  3729.1  355.41   80.23   24.69     0.0  352.80    0.00    0.00    1.5     64329.675     13.50   47.10740   39.80800  F2               
0 04.04.2019 17:52:20.312   9.99600000   9995.99986   0.38  -67.0   14.7  28.0 14.40  352.8  1682.9  353.21   54.81   44.21     0.0  352.82    0.00    0.00     0.0  352.82    0.00    0.00    1.4     64340.312     13.50   47.10740   39.80800  F2               
0 04.04.2019 17:52:31.044   9.99600000   9996.00129   0.40  -73.7   17.2  28.0 13.20  352.9  1755.9  353.30   55.46   44.07  3844.3  355.57   81.24   23.09     0.0  352.85    0.00    0.00    1.5     64351.044     13.50   47.10740   39.80800  F2               
0 04.04.2019 17:52:41.787   9.99600000   9995.99737   0.11  -73.0   18.1  28.0 13.20  352.8  1756.1  353.20   55.46   44.02  3843.4  355.54   81.23   22.99     0.0  352.81    0.00    0.00    1.5     64361.787     13.50   47.10740   39.80800  F2               
0 04.04.2019 17:52:53.232   9.99600000   9996.00021   0.40  -69.1   18.4  28.0 15.60  352.8  1616.8  353.22   54.22   44.37  3722.1  355.45   80.18   24.94     0.0  352.84    0.00    0.00    1.5     64373.232     13.50   47.10740   39.80800  F2               
0 04.04.2019 17:53:05.198   9.99600000   9995.99890   0.40  -66.5   18.9  28.0 14.40  352.8  1685.2  353.21   54.83   44.20  3755.9  355.43   80.46   24.30     0.0  352.81    0.00    0.00    1.5     64385.198     13.50   47.10740   39.80800  F2               
0 04.04.2019 17:53:18.117   9.99600000   9995.99992   0.40  -65.4   28.1  28.0 14.40  352.8  1685.8  353.21   54.84   44.20     0.0  352.79    0.00    0.00     0.0  352.79    0.00    0.00    1.4     64398.117     13.50   47.10740   39.80800  F2               
0 04.04.2019 17:53:28.845   9.99600000   9996.00015   0.40  -67.0   24.4  28.0 14.40  352.8  1686.3  353.21   54.84   44.20     0.0  352.80    0.00    0.00     0.0  352.80    0.00    0.00    1.4     64408.845     13.50   47.10740   39.80800  F2               
0 04.04.2019 17:53:41.747   9.99600000   9996.00022   0.40  -67.8   23.7  28.0 15.00  352.8  1652.6  353.21   54.54   44.29  3728.3  355.38   80.22   24.62     0.0  352.77    0.00    0.00    1.5     64421.747     13.50   47.10740   39.80800  F2               
0 04.04.2019 17:53:54.684   9.99600000   9996.00234   0.11  -75.1   15.9  28.0 15.60  352.8  1619.8  353.22   54.25   44.37  3721.8  355.44   80.18   24.92     0.0  352.83    0.00    0.00    1.5     64434.684     13.50   47.10740   39.80800  F2               
0 04.04.2019 17:54:05.571   9.99600000   9996.00330   0.15  -71.6   22.0  28.0 16.80  352.9  1556.9  353.33   53.70   44.56  3798.3  355.66   80.87   24.29     0.0  352.86    0.00    0.00    1.5     64445.571     13.50   47.10740   39.80800  F2               
0 04.04.2019 17:54:19.603   9.99600000   9995.99870   0.11  -77.4   13.6  28.0 13.80  352.1  1721.6  352.50   55.12   43.79  3771.0  354.93   80.49   22.42     0.0  352.11    0.00    0.00    1.8     64459.603     13.50   47.10740   39.80800  F2               
