0 04.04.2019 07:00:02.209   9.99600000   9995.99969   0.11  -81.8   21.3  28.0 11.40  353.5   927.9  353.49   48.10   45.87     0.0  353.52    0.00    0.00     0.0  353.52    0.00    0.00    1.9     25202.209     13.50   47.24000   39.71000  E                
0 04.04.2019 07:00:36.761   9.99600000   9996.00033   0.11  -80.8   22.2  28.0 13.80  357.8   987.2  357.77   48.69   46.76     0.0  357.84    0.00    0.00     0.0  357.84    0.00    0.00    1.9     25236.761     13.50   47.24000   39.71000  E                
0 04.04.2019 07:01:32.151   9.99600000   9996.00319   0.09  -84.1   19.9  28.0 14.40  351.4   967.6  351.41   48.40   45.33     0.0  351.40    0.00    0.00     0.0  351.40    0.00    0.00    1.5     25292.151     13.50   47.24000   39.71000  Es               
0 04.04.2019 07:01:55.009   9.99600000   9995.99963   0.11  -76.9   26.1  28.0  8.40  356.4  1090.3  356.39   49.60   46.33     0.0  356.43    0.00    0.00     0.0  356.43    0.00    0.00    1.7     25315.009     13.50   47.24000   39.71000  E                
0 04.04.2019 07:04:04.025   9.99600000   9995.99988   0.11  -80.9   22.1  28.0  7.80  352.1  1135.4  352.09   49.91   45.11  2754.5  352.69   71.59   29.98     0.0  352.06    0.00    0.00    1.9     25444.025     13.50   47.24000   39.71000  E                
0 04.04.2019 07:07:07.065   9.99600000   9995.99968   0.11  -84.5   18.5  28.0  9.00  356.4  1048.6  356.39   49.22   46.38     0.0  356.42    0.00    0.00     0.0  356.42    0.00    0.00    1.8     25627.065     13.50   47.24000   39.71000  E                
0 04.04.2019 07:07:39.894   9.99600000   9995.99957   0.07  -88.1   17.1  28.0 10.80  355.7   949.9  355.69   48.33   46.32     0.0  355.67    0.00    0.00     0.0  355.67    0.00    0.00    2.0     25659.894     13.50   47.24000   39.71000  E                
0 04.04.2019 07:10:50.146   9.99600000   9996.00215   0.11  -88.2   14.8  28.0 10.20  349.2   978.5  349.19   48.43   44.80     0.0  349.18    0.00    0.00     0.0  349.18    0.00    0.00    2.0     25850.146     13.50   47.24000   39.71000  E                
0 04.04.2019 07:21:57.789   9.99600000   9995.99866   0.22  -85.6   14.4  28.0  5.40  347.8  1361.8  347.80   51.72   43.13  3331.7  349.26   75.75   17.49     0.0  347.80    0.00    0.00    1.5     26517.789     13.50   47.24000   39.71000  E                
0 04.04.2019 07:22:08.369   9.99600000   9996.00559   0.15  -92.8    8.8  28.0  6.60  348.5  1237.3  348.50   50.67   43.80  3584.4  350.35   77.98   14.28     0.0  348.52    0.00    0.00    1.8     26528.369     13.50   47.24000   39.71000  E                
0 04.04.2019 07:22:19.695   9.99600000   9996.00430   0.31  -80.1   18.4  28.0  6.60  348.4  1237.3  348.40   50.67   43.77  3577.7  350.26   77.90   14.26     0.0  348.43    0.00    0.00    1.4     26539.695     13.50   47.24000   39.71000  E                
0 04.04.2019 07:22:30.987   9.99600000   9996.00258   0.20  -86.2   14.3  28.0  7.20  348.5  1182.8  348.50   50.20   43.98  3189.0  349.84   74.77   20.91     0.0  348.50    0.00    0.00    2.0     26550.987     13.50   47.24000   39.71000  E                
0 04.04.2019 07:22:41.551   9.99600000   9996.00002   0.11  -91.7   11.3  28.0  7.80  353.5  1132.9  353.50   49.93   45.50     0.0  353.54    0.00    0.00     0.0  353.54    0.00    0.00    1.8     26561.551     13.50   47.24000   39.71000  E                
0 04.04.2019 07:23:03.383   9.99600000   9996.00330   0.11  -91.6   11.4  28.0 10.20  347.0   976.1  346.99   48.33   44.32     0.0  347.05    0.00    0.00     0.0  347.05    0.00    0.00    1.9     26583.383     13.50   47.24000   39.71000  E                
0 04.04.2019 07:23:13.962   9.99600000   9995.99385   0.11  -90.6   10.5  28.0  6.00  349.2  1296.6  349.20   51.22   43.81  3302.7  350.54   75.83   20.28     0.0  349.20    0.00    0.00    1.8     26593.962     13.50   47.24000   39.71000  E                
0 04.04.2019 07:23:25.234   9.99600000   9995.99975   0.11  -88.2   14.8  28.0  6.60  347.1  1237.2  347.10   50.60   43.39  3520.1  348.94   77.08   12.95     0.0  347.07    0.00    0.00    2.0     26605.234     13.50   47.24000   39.71000  E                
0 04.04.2019 07:24:20.893   9.99600000   9996.00090   0.38  -78.2   19.5  28.0  6.00  357.8  1295.8  357.80   51.46   46.57  3255.5  358.07   76.48   35.67     0.0  357.81    0.00    0.00    1.5     26660.893     13.50   47.24000   39.71000  E                
0 04.04.2019 07:25:15.462   9.99600000   9996.00113   0.09  -92.0   12.0  28.0  9.60  352.1  1009.1  352.09   48.79   45.39     0.0  352.07    0.00    0.00     0.0  352.07    0.00    0.00    1.8     26715.462     13.50   47.24000   39.71000  E                
0 04.04.2019 07:31:20.862   9.99600000   9995.99993   0.11  -77.6   25.4  28.0  6.00  355.7  1295.3  355.70   51.42   45.89  3236.9  356.20   76.18   31.96     0.0  355.66    0.00    0.00    1.8     27080.862     13.50   47.24000   39.71000  E                
0 04.04.2019 07:31:45.268   9.99600000   9995.99976   0.11  -74.5   28.5  28.0  5.40  354.2  1360.5  354.20   51.97   45.29  3370.4  355.01   77.21   28.27     0.0  354.19    0.00    0.00    1.8     27105.268     13.50   47.24000   39.71000  E                
0 04.04.2019 07:36:13.145   9.99600000   9996.00048   0.11  -83.9   19.1  28.0  6.00  349.2  1295.3  349.20   51.21   43.82  3212.7  350.46   75.09   21.57     0.0  349.19    0.00    0.00    1.9     27373.145     13.50   47.24000   39.71000  E                
0 04.04.2019 07:37:05.002   9.99600000   9995.99920   0.11  -82.1   18.9  28.0  8.40  357.1  1085.9  357.10   49.57   46.52  2979.2  357.36   73.97   35.39     0.0  357.10    0.00    0.00    2.0     27425.002     13.50   47.24000   39.71000  E                
0 04.04.2019 07:39:28.936   9.99600000   9996.00014   0.11  -78.7   24.3  28.0  6.00  355.7  1294.7  355.70   51.42   45.89  3421.6  356.38   77.83   30.91     0.0  355.69    0.00    0.00    1.9     27568.936     13.50   47.24000   39.71000  E                
0 04.04.2019 07:43:44.101   9.99600000   9996.00022   0.22  -81.2   18.8  28.0  9.00  353.5  1044.1  353.50   49.13   45.66     0.0  353.55    0.00    0.00     0.0  353.55    0.00    0.00    1.8     27824.101     13.50   47.24000   39.71000  E                
0 04.04.2019 07:43:55.730   9.99600000   9995.99997   0.11  -78.7   24.3  28.0  9.00  355.7  1044.0  355.70   49.17   46.21     0.0  355.71    0.00    0.00     0.0  355.71    0.00    0.00    1.7     27835.730     13.50   47.24000   39.71000  E                
0 04.04.2019 07:44:06.294   9.99600000   9995.99933   0.35  -75.8   22.2  28.0  9.00  355.7  1044.0  355.70   49.17   46.21     0.0  355.71    0.00    0.00     0.0  355.71    0.00    0.00    1.6     27846.294     13.50   47.24000   39.71000  E                
0 04.04.2019 07:45:01.648   9.99600000   9995.99770   0.13  -86.0   16.3  28.0  8.40  356.4  1085.2  356.40   49.55   46.34  2976.4  356.77   73.91   34.45     0.0  356.44    0.00    0.00    1.8     27901.648     13.50   47.24000   39.71000  E                
0 04.04.2019 07:45:24.595   9.99600000   9995.99939   0.15  -82.1   19.4  28.0  9.60  358.5  1006.3  358.50   48.86   46.92  2576.4  358.56   70.40   38.02     0.0  358.52    0.00    0.00    1.7     27924.595     13.50   47.24000   39.71000  E                
0 04.04.2019 07:45:35.206   9.99600000   9995.99869   0.09  -81.4   22.6  28.0  6.00  358.5  1294.1  358.50   51.45   46.79  3087.6  358.65   74.99   37.27     0.0  358.50    0.00    0.00    1.6     27935.206     13.50   47.24000   39.71000  E                
0 04.04.2019 07:47:35.530   9.99600000   9995.99983   0.11  -80.0   23.0  28.0 16.20  352.0   811.4  351.99   47.03   45.79     0.0  352.05    0.00    0.00     0.0  352.05    0.00    0.00    2.0     28055.530     13.50   47.24000   39.71000  Es               
0 04.04.2019 07:47:56.613   9.99600000   9995.99985   0.11  -80.4   22.6  28.0 16.20  351.4   811.5  351.39   47.02   45.68     0.0  351.41    0.00    0.00     0.0  351.41    0.00    0.00    1.6     28076.613     13.50   47.24000   39.71000  Es               
0 04.04.2019 07:49:23.296   9.99600000   9996.00191   0.07  -86.9   18.3  28.0 15.60  353.5   857.0  353.49   47.47   45.99     0.0  353.49    0.00    0.00     0.0  353.49    0.00    0.00    1.9     28163.296     13.50   47.24000   39.71000  Es               
0 04.04.2019 07:51:02.102   9.99600000   9996.00167   0.24  -82.1   17.5  28.0 12.00  353.5   893.5  353.49   47.79   45.93     0.0  353.51    0.00    0.00     0.0  353.51    0.00    0.00    1.7     28262.102     13.50   47.24000   39.71000  E                
0 04.04.2019 07:51:33.790   9.99600000   9995.99487   0.31  -84.3   14.2  28.0  7.80  352.8  1130.1  352.80   49.88   45.31  2846.7  353.48   72.48   30.33     0.0  352.80    0.00    0.00    1.9     28293.790     13.50   47.24000   39.71000  E                
0 04.04.2019 07:51:44.354   9.99600000   9995.99921   0.33  -81.6   16.6  28.0  6.60  352.1  1234.4  352.10   50.79   44.88  3258.8  353.21   75.99   25.87     0.0  352.10    0.00    0.00    1.8     28304.354     13.50   47.24000   39.71000  E                
0 04.04.2019 07:51:56.003   9.99600000   9995.99500   0.29  -86.7   12.1  28.0  7.20  356.4  1179.6  356.40   50.40   46.24  3130.6  356.85   75.29   33.84     0.0  356.39    0.00    0.00    1.9     28316.003     13.50   47.24000   39.71000  E                
0 04.04.2019 07:53:16.531   9.99600000   9995.99844   0.40  -77.2   20.2  28.0  9.60  352.1  1005.6  352.10   48.76   45.40     0.0  352.10    0.00    0.00     0.0  352.10    0.00    0.00    1.5     28396.531     13.50   47.24000   39.71000  E                
0 04.04.2019 07:53:27.844   9.99600000   9996.00055   0.40  -75.1   22.3  28.0  8.40  351.3  1084.5  351.30   49.44   45.02     0.0  351.32    0.00    0.00     0.0  351.32    0.00    0.00    1.5     28407.844     13.50   47.24000   39.71000  E                
0 04.04.2019 07:53:39.501   9.99600000   9995.99884   0.27  -82.7   16.5  28.0  7.20  351.3  1179.6  351.30   50.28   44.78  2991.8  352.24   73.57   27.23     0.0  351.31    0.00    0.00    1.7     28419.501     13.50   47.24000   39.71000  E                
0 04.04.2019 07:54:12.066   9.99600000   9995.99946   0.11  -84.7   18.3  28.0 11.40  351.4   915.0  351.39   47.94   45.45     0.0  351.37    0.00    0.00     0.0  351.37    0.00    0.00    1.9     28452.066     13.50   47.24000   39.71000  E                
0 04.04.2019 07:54:22.671   9.99600000   9995.99883   0.24  -83.1   16.5  28.0  7.80  354.2  1129.8  354.20   49.91   45.69  2838.2  354.73   72.53   32.13     0.0  354.18    0.00    0.00    1.5     28462.671     13.50   47.24000   39.71000  E                
0 04.04.2019 07:54:33.246   9.99600000   9996.00072   0.27  -82.9   16.3  28.0  9.60  353.5  1005.4  353.50   48.79   45.73     0.0  353.50    0.00    0.00     0.0  353.50    0.00    0.00    1.9     28473.246     13.50   47.24000   39.71000  E                
0 04.04.2019 07:55:46.583   9.99600000   9995.99854   0.20  -81.9   18.6  28.0 11.40  353.5   914.8  353.49   47.98   45.89     0.0  353.54    0.00    0.00     0.0  353.54    0.00    0.00    1.8     28546.583     13.50   47.24000   39.71000  E                
0 04.04.2019 07:56:08.845   9.99600000   9996.00339   0.33  -82.0   16.3  28.0  9.00  352.8  1042.8  352.80   49.11   45.49     0.0  352.76    0.00    0.00     0.0  352.76    0.00    0.00    1.8     28568.845     13.50   47.24000   39.71000  E                
0 04.04.2019 07:57:12.343   9.99600000   9996.00199   0.22  -85.1   14.9  28.0  9.60  352.1  1005.1  352.10   48.75   45.40     0.0  352.10    0.00    0.00     0.0  352.10    0.00    0.00    2.0     28632.343     13.50   47.24000   39.71000  E                
0 04.04.2019 07:58:06.686   9.99600000   9996.00425   0.29  -83.4   15.4  28.0 10.80  352.1   940.9  352.10   48.18   45.54     0.0  352.07    0.00    0.00     0.0  352.07    0.00    0.00    1.9     28686.686     13.50   47.24000   39.71000  E                
0 04.04.2019 07:58:50.068   9.99600000   9995.99422   0.11  -85.3   17.8  28.0 11.40  352.8   914.2  352.79   47.96   45.75     0.0  352.85    0.00    0.00     0.0  352.85    0.00    0.00    1.7     28730.068     13.50   47.24000   39.71000  E                
0 04.04.2019 07:59:35.643   9.99600000   9995.99928   0.40  -77.5   20.0  28.0  7.20  353.5  1179.0  353.50   50.34   45.41  3004.8  354.20   73.94   30.16     0.0  353.48    0.00    0.00    1.6     28775.643     13.50   47.24000   39.71000  E                
