0 04.04.2019 05:07:37.176   9.99600000   9995.99924   0.07  -79.4   15.8  28.0  7.80  354.3  1186.5  354.28   50.42   45.62     0.0  354.29    0.00    0.00     0.0  354.29    0.00    0.00    1.5     18457.176     13.50   47.24000   39.71000  E                
0 04.04.2019 05:21:59.014   9.99600000   9995.99978   0.11  -86.5    6.5  28.0 13.20  347.8   908.6  347.75   47.77   44.71     0.0  347.80    0.00    0.00     0.0  347.80    0.00    0.00    1.5     19319.014     13.50   47.24000   39.71000  Es               
0 04.04.2019 05:22:09.935   9.99600000   9996.00035   0.11  -88.9    4.1  28.0 15.00  348.5   800.2  348.46   46.85   45.18     0.0  348.52    0.00    0.00     0.0  348.52    0.00    0.00    1.6     19329.935     13.50   47.24000   39.71000  Es               
0 04.04.2019 05:22:20.125   9.99600000   9996.00160   0.13  -86.1    6.1  28.0 14.40  348.5   831.5  348.46   47.12   45.09     0.0  348.52    0.00    0.00     0.0  348.52    0.00    0.00    1.5     19340.125     13.50   47.24000   39.71000  Es               
0 04.04.2019 05:22:31.239   9.99600000   9995.99974   0.11  -87.8    5.2  28.0 15.00  348.5   800.3  348.46   46.85   45.18     0.0  348.49    0.00    0.00     0.0  348.49    0.00    0.00    1.6     19351.239     13.50   47.24000   39.71000  Es               
0 04.04.2019 05:23:01.908   9.99600000   9995.99342   0.15  -88.5    3.1  28.0 15.00  349.2   800.5  349.16   46.87   45.31     0.0  349.23    0.00    0.00     0.0  349.23    0.00    0.00    1.6     19381.908     13.50   47.24000   39.71000  Es               
0 04.04.2019 05:23:12.137   9.99600000   9995.99893   0.11  -88.0    5.0  28.0 13.80  349.2   867.9  349.15   47.46   45.11     0.0  349.21    0.00    0.00     0.0  349.21    0.00    0.00    1.4     19392.137     13.50   47.24000   39.71000  Es               
0 04.04.2019 05:23:23.090   9.99600000   9995.97064   0.31  -86.2    2.4  28.0 15.00  349.2   800.5  349.16   46.87   45.31     0.0  349.23    0.00    0.00     0.0  349.23    0.00    0.00    1.8     19403.090     13.50   47.24000   39.71000  Es               
0 04.04.2019 05:23:43.911   9.99600000   9996.00479   0.13  -87.7    4.5  28.0 15.00  348.5   800.4  348.46   46.85   45.18     0.0  348.50    0.00    0.00     0.0  348.50    0.00    0.00    1.5     19423.911     13.50   47.24000   39.71000  Es               
0 04.04.2019 05:24:05.041   9.99600000   9995.99920   0.18  -81.8    9.1  28.0 14.40  349.3   832.1  349.26   47.15   45.23     0.0  349.26    0.00    0.00     0.0  349.26    0.00    0.00    1.6     19445.041     13.50   47.24000   39.71000  Es               
0 04.04.2019 05:24:16.717   9.99600000   9995.99902   0.13  -88.4    3.8  28.0 12.00  349.2  1034.7  349.13   48.93   44.62     0.0  349.20    0.00    0.00     0.0  349.20    0.00    0.00    1.7     19456.717     13.50   47.24000   39.71000  E                
0 04.04.2019 05:24:26.925   9.99600000   9995.99975   0.20  -80.5    9.9  28.0 13.80  349.9   868.6  349.85   47.49   45.25     0.0  349.86    0.00    0.00     0.0  349.86    0.00    0.00    1.5     19466.925     13.50   47.24000   39.71000  Es               
0 04.04.2019 05:24:37.139   9.99600000   9996.00192   0.20  -82.2    8.3  28.0 15.00  349.9   800.8  349.86   46.89   45.43     0.0  349.94    0.00    0.00     0.0  349.94    0.00    0.00    1.5     19477.139     13.50   47.24000   39.71000  Es               
0 04.04.2019 05:24:57.970   9.99600000   9996.00017   0.20  -80.3   10.2  28.0 13.80  350.6   869.0  350.55   47.51   45.39     0.0  350.61    0.00    0.00     0.0  350.61    0.00    0.00    1.4     19497.970     13.50   47.24000   39.71000  Es               
0 04.04.2019 05:25:08.155   9.99600000   9995.99749   0.29  -79.0    9.9  28.0 14.40  350.0   832.5  349.96   47.17   45.37     0.0  349.98    0.00    0.00     0.0  349.98    0.00    0.00    1.5     19508.155     13.50   47.24000   39.71000  Es               
0 04.04.2019 05:25:19.088   9.99600000   9996.00137   0.20  -82.7    7.8  28.0 15.00  350.0   800.9  349.96   46.89   45.45     0.0  349.96    0.00    0.00     0.0  349.96    0.00    0.00    1.5     19519.088     13.50   47.24000   39.71000  Es               
0 04.04.2019 05:25:39.856   9.99600000   9996.00187   0.24  -78.7   10.9  28.0 14.40  350.6   832.8  350.56   47.19   45.48     0.0  350.61    0.00    0.00     0.0  350.61    0.00    0.00    1.5     19539.856     13.50   47.24000   39.71000  Es               
0 04.04.2019 05:26:00.649   9.99600000   9995.99702   0.15  -87.0    4.5  28.0 12.60  349.9   965.0  349.84   48.34   44.99     0.0  349.89    0.00    0.00     0.0  349.89    0.00    0.00    1.8     19560.649     13.50   47.24000   39.71000  E                
0 04.04.2019 05:26:10.836   9.99600000   9996.00083   0.18  -85.0    6.0  28.0 14.40  349.2   832.7  349.16   47.15   45.21     0.0  349.19    0.00    0.00     0.0  349.19    0.00    0.00    1.5     19570.836     13.50   47.24000   39.71000  Es               
0 04.04.2019 05:26:21.026   9.99600000   9996.02269   0.31  -84.8    3.7  28.0 15.60  349.2   773.3  349.17   46.63   45.38     0.0  349.22    0.00    0.00     0.0  349.22    0.00    0.00    1.8     19581.026     13.50   47.24000   39.71000  Es               
0 04.04.2019 05:26:31.939   9.99600000   9996.00167   0.15  -89.3    2.3  28.0 15.00  349.9   801.0  349.86   46.89   45.43     0.0  349.89    0.00    0.00     0.0  349.89    0.00    0.00    1.6     19591.939     13.50   47.24000   39.71000  Es               
0 04.04.2019 05:27:14.548   9.99600000   9996.00546   0.15  -85.3    6.2  28.0 12.60  349.2   966.7  349.14   48.33   44.83     0.0  349.24    0.00    0.00     0.0  349.24    0.00    0.00    1.7     19634.548     13.50   47.24000   39.71000  E                
0 04.04.2019 05:27:26.594   9.99600000   9996.00045   0.11  -88.1    4.9  28.0  7.80  347.0  1173.6  346.97   50.05   43.59     0.0  347.03    0.00    0.00     0.0  347.03    0.00    0.00    1.8     19646.594     13.50   47.24000   39.71000  E                
0 04.04.2019 05:27:36.804   9.99600000   9996.00013   0.11  -87.1    5.9  28.0 12.00  347.8  1046.5  347.73   48.98   44.25     0.0  347.79    0.00    0.00     0.0  347.79    0.00    0.00    2.0     19656.804     13.50   47.24000   39.71000  E                
0 04.04.2019 05:27:48.136   9.99600000   9996.02918   0.24  -87.9    1.7  28.0 11.40  347.7  1010.9  347.66   48.66   44.35     0.0  347.73    0.00    0.00     0.0  347.73    0.00    0.00    1.6     19668.136     13.50   47.24000   39.71000  E                
0 04.04.2019 05:27:59.796   9.99600000   9995.99962   0.11  -87.3    5.7  28.0 10.80  347.8  1030.4  347.76   48.84   44.31     0.0  347.76    0.00    0.00     0.0  347.76    0.00    0.00    1.7     19679.796     13.50   47.24000   39.71000  E                
0 04.04.2019 05:29:22.616   9.99600000   9995.99910   0.11  -89.7    3.3  28.0 11.40  348.5  1007.1  348.46   48.66   44.55     0.0  348.51    0.00    0.00     0.0  348.51    0.00    0.00    1.6     19762.616     13.50   47.24000   39.71000  E                
0 04.04.2019 05:29:54.321   9.99600000   9996.00019   0.07  -90.5    4.7  28.0 10.20  349.2  1047.0  349.16   49.03   44.59     0.0  349.18    0.00    0.00     0.0  349.18    0.00    0.00    1.9     19794.321     13.50   47.24000   39.71000  E                
0 04.04.2019 05:30:37.392   9.99600000   9995.99912   0.07  -90.8    4.4  28.0 10.80  349.2  1028.2  349.16   48.87   44.65     0.0  349.17    0.00    0.00     0.0  349.17    0.00    0.00    1.8     19837.392     13.50   47.24000   39.71000  E                
0 04.04.2019 05:30:47.580   9.99600000   9995.99941   0.07  -87.2    8.0  28.0 12.60  349.2   972.8  349.14   48.38   44.81     0.0  349.18    0.00    0.00     0.0  349.18    0.00    0.00    1.7     19847.580     13.50   47.24000   39.71000  E                
0 04.04.2019 05:30:57.774   9.99600000   9995.99929   0.07  -87.4    7.9  28.0 10.80  348.5  1028.1  348.46   48.84   44.48     0.0  348.47    0.00    0.00     0.0  348.47    0.00    0.00    1.7     19857.774     13.50   47.24000   39.71000  E                
0 04.04.2019 05:31:29.468   9.99600000   9995.99838   0.07  -90.8    4.5  28.0 13.20  348.4   917.2  348.35   47.87   44.80     0.0  348.45    0.00    0.00     0.0  348.45    0.00    0.00    1.8     19889.468     13.50   47.24000   39.71000  E                
0 04.04.2019 05:32:11.754   9.99600000   9995.99729   0.07  -91.4    3.8  28.0  9.60  348.4  1061.3  348.37   49.13   44.35     0.0  348.45    0.00    0.00     0.0  348.45    0.00    0.00    1.7     19931.754     13.50   47.24000   39.71000  E                
0 04.04.2019 05:32:52.597   9.99600000   9996.00136   0.07  -90.9    4.3  28.0  9.60  349.2  1059.9  349.17   49.15   44.55     0.0  349.20    0.00    0.00     0.0  349.20    0.00    0.00    2.0     19972.597     13.50   47.24000   39.71000  E                
0 04.04.2019 05:33:44.035   9.99600000   9995.99927   0.07  -89.6    5.6  28.0  9.60  349.2  1058.8  349.17   49.14   44.56     0.0  349.16    0.00    0.00     0.0  349.16    0.00    0.00    1.8     20024.035     13.50   47.24000   39.71000  E                
