0 04.04.2019 01:09:11.149   9.99600000   9996.00023   0.11  -79.8   13.2  28.0  8.40  355.7  2496.3  354.84   62.12   43.07     0.0  355.72    0.00    0.00     0.0  355.72    0.00    0.00    1.5      4151.149     13.50   47.24000   39.71000  F2               
0 04.04.2019 01:09:23.125   9.99600000   9995.99907   0.07  -84.8   10.4  28.0  8.40  355.6  2497.2  354.74   62.12   42.98     0.0  355.64    0.00    0.00     0.0  355.64    0.00    0.00    1.5      4163.125     13.50   47.24000   39.71000  F2               
0 04.04.2019 01:09:34.039   9.99600000   9996.00064   0.11  -85.3    7.7  28.0  9.00  355.7  2442.9  354.83   61.65   43.21     0.0  355.66    0.00    0.00     0.0  355.66    0.00    0.00    1.6      4174.039     13.50   47.24000   39.71000  F2               
0 04.04.2019 01:09:44.979   9.99600000   9995.99904   0.07  -86.1    9.1  28.0  8.40  355.7  2495.0  354.84   62.11   43.07     0.0  355.69    0.00    0.00     0.0  355.69    0.00    0.00    1.7      4184.979     13.50   47.24000   39.71000  F2               
0 04.04.2019 01:09:55.912   9.99600000   9995.99992   0.07  -87.9    7.4  28.0  7.80  355.7  2548.1  354.85   62.58   42.93     0.0  355.65    0.00    0.00     0.0  355.65    0.00    0.00    1.6      4195.912     13.50   47.24000   39.71000  F2               
0 04.04.2019 01:10:08.677   9.99600000   9996.00143   0.07  -91.2    4.0  28.0  9.00  355.7  2441.4  354.82   61.63   43.21     0.0  355.67    0.00    0.00     0.0  355.67    0.00    0.00    1.9      4208.677     13.50   47.24000   39.71000  F2               
0 04.04.2019 01:10:29.063   9.99600000   9996.00264   0.07  -87.2    8.1  28.0  6.00  355.0  2721.7  354.18   64.08   41.77     0.0  354.98    0.00    0.00     0.0  354.98    0.00    0.00    1.5      4229.063     13.50   47.24000   39.71000  F2               
0 04.04.2019 01:10:39.976   9.99600000   9996.00303   0.09  -85.9    8.0  28.0  7.20  355.7  2600.4  354.86   63.05   42.78     0.0  355.68    0.00    0.00     0.0  355.68    0.00    0.00    1.6      4239.976     13.50   47.24000   39.71000  F2               
0 04.04.2019 01:10:50.584   9.99600000   9995.99981   0.07  -90.0    5.3  28.0  6.00  355.7  2710.1  354.88   64.02   42.46     0.0  355.69    0.00    0.00     0.0  355.69    0.00    0.00    1.5      4250.584     13.50   47.24000   39.71000  F2               
0 04.04.2019 01:27:21.901   9.99600000   9996.00195   0.13  -83.5    8.8  28.0  8.40  355.7  2447.8  354.79   61.69   43.16     0.0  355.70    0.00    0.00     0.0  355.70    0.00    0.00    1.6      5241.901     13.50   47.24000   39.71000  F2               
0 04.04.2019 01:27:51.757   9.99600000   9995.99975   0.07  -86.0    9.3  28.0  6.60  355.7  2616.1  354.82   63.19   42.70     0.0  355.68    0.00    0.00     0.0  355.68    0.00    0.00    1.6      5271.757     13.50   47.24000   39.71000  F2               
0 04.04.2019 01:28:32.868   9.99600000   9996.02354   0.27  -87.8    1.4  28.0  9.00  355.7  2389.3  354.77   61.17   43.31     0.0  355.65    0.00    0.00     0.0  355.65    0.00    0.00    1.7      5312.868     13.50   47.24000   39.71000  F2               
0 04.04.2019 01:28:52.894   9.99600000   9996.00847   0.15  -88.6    2.9  28.0  6.60  355.0  2625.6  354.12   63.22   42.06     0.0  354.95    0.00    0.00     0.0  354.95    0.00    0.00    1.8      5332.894     13.50   47.24000   39.71000  F2               
0 04.04.2019 01:29:03.081   9.99600000   9995.98763   0.40  -86.3    1.1  28.0  7.20  354.3  2578.7  353.41   62.76   41.61     0.0  354.26    0.00    0.00     0.0  354.26    0.00    0.00    1.8      5343.081     13.50   47.24000   39.71000  F2               
0 04.04.2019 01:29:54.049   9.99600000   9995.99936   0.07  -82.2   13.0  28.0  6.60  355.0  2622.6  354.12   63.20   42.06     0.0  354.98    0.00    0.00     0.0  354.98    0.00    0.00    1.5      5394.049     13.50   47.24000   39.71000  F2               
0 04.04.2019 01:30:04.965   9.99600000   9995.99977   0.07  -86.7    8.5  28.0 10.20  354.2  2299.9  353.24   60.28   42.47     0.0  354.24    0.00    0.00     0.0  354.24    0.00    0.00    1.7      5404.965     13.50   47.24000   39.71000  F2               
0 04.04.2019 01:30:15.177   9.99600000   9995.99958   0.07  -86.2    9.0  28.0  7.80  354.2  2518.6  353.29   62.22   41.74     0.0  354.19    0.00    0.00     0.0  354.19    0.00    0.00    1.7      5415.177     13.50   47.24000   39.71000  F2               
0 04.04.2019 01:30:26.068   9.99600000   9995.99990   0.11  -73.4   19.6  28.0  8.40  354.9  2449.6  353.98   61.66   42.53     0.0  354.90    0.00    0.00     0.0  354.90    0.00    0.00    1.5      5426.068     13.50   47.24000   39.71000  F2               
0 04.04.2019 01:30:36.999   9.99600000   9995.99942   0.09  -77.0   17.0  28.0  8.40  354.2  2459.9  353.28   61.70   41.94     0.0  354.22    0.00    0.00     0.0  354.22    0.00    0.00    1.5      5436.999     13.50   47.24000   39.71000  F2               
0 04.04.2019 01:30:47.930   9.99600000   9996.00003   0.11  -76.1   16.9  28.0  8.40  354.9  2448.4  353.98   61.64   42.53     0.0  354.89    0.00    0.00     0.0  354.89    0.00    0.00    1.5      5447.930     13.50   47.24000   39.71000  F2               
0 04.04.2019 01:30:58.126   9.99600000   9995.99927   0.07  -83.9   11.3  28.0  7.80  353.5  2528.3  352.59   62.25   41.13     0.0  353.50    0.00    0.00     0.0  353.50    0.00    0.00    1.6      5458.126     13.50   47.24000   39.71000  F2               
0 04.04.2019 01:31:09.090   9.99600000   9995.99991   0.07  -81.5   13.7  28.0  8.40  354.3  2456.7  353.38   61.68   42.03     0.0  354.27    0.00    0.00     0.0  354.27    0.00    0.00    1.5      5469.090     13.50   47.24000   39.71000  F2               
0 04.04.2019 01:31:20.015   9.99600000   9995.99984   0.11  -76.5   16.5  28.0  8.40  354.2  2457.8  353.27   61.68   41.95     0.0  354.20    0.00    0.00     0.0  354.20    0.00    0.00    1.5      5480.015     13.50   47.24000   39.71000  F2               
0 04.04.2019 01:31:52.061   9.99600000   9995.99990   0.07  -83.6   11.6  28.0 10.20  352.8  2312.8  351.83   60.30   41.43     0.0  352.83    0.00    0.00     0.0  352.83    0.00    0.00    1.6      5512.061     13.50   47.24000   39.71000  F2               
0 04.04.2019 01:32:33.923   9.99600000   9995.99995   0.07  -88.7    6.6  28.0 11.40  349.2  2253.8  348.21   59.45   39.27     0.0  349.21    0.00    0.00     0.0  349.21    0.00    0.00    2.0      5553.923     13.50   47.24000   39.71000  F2               
0 04.04.2019 01:32:44.115   9.99600000   9996.00016   0.07  -84.5   10.8  28.0 10.20  348.5  2369.7  347.53   60.36   38.15     0.0  348.52    0.00    0.00     0.0  348.52    0.00    0.00    1.7      5564.115     13.50   47.24000   39.71000  F2               
0 04.04.2019 01:33:05.989   9.99600000   9995.99969   0.07  -82.9   12.3  28.0  9.00  352.8  2416.9  351.85   61.21   41.02     0.0  352.82    0.00    0.00     0.0  352.82    0.00    0.00    1.9      5585.989     13.50   47.24000   39.71000  F2               
0 04.04.2019 01:33:38.047   9.99600000   9995.99920   0.07  -86.3    8.9  28.0  7.20  353.5  2581.2  352.60   62.71   40.92     0.0  353.51    0.00    0.00     0.0  353.51    0.00    0.00    1.9      5618.047     13.50   47.24000   39.71000  F2               
0 04.04.2019 01:34:18.816   9.99600000   9995.99989   0.07  -87.1    8.1  28.0  6.60  354.3  2625.8  353.41   63.17   41.43     0.0  354.25    0.00    0.00     0.0  354.25    0.00    0.00    1.9      5658.816     13.50   47.24000   39.71000  F2               
0 04.04.2019 01:34:28.998   9.99600000   9995.99771   0.07  -90.8    4.4  28.0  8.40  354.2  2447.6  353.27   61.59   41.98     0.0  354.24    0.00    0.00     0.0  354.24    0.00    0.00    1.9      5668.998     13.50   47.24000   39.71000  F2               
0 04.04.2019 01:35:33.734   9.99600000   9996.00050   0.07  -87.4    7.9  28.0 10.20  358.6  2222.6  357.63   59.78   45.67     0.0  358.56    0.00    0.00     0.0  358.56    0.00    0.00    1.8      5733.734     13.50   47.24000   39.71000  F2               
0 04.04.2019 01:35:43.910   9.99600000   9996.00005   0.07  -83.9   11.3  28.0  8.40  355.7  2419.3  354.77   61.43   43.23     0.0  355.68    0.00    0.00     0.0  355.68    0.00    0.00    2.0      5743.910     13.50   47.24000   39.71000  F2               
0 04.04.2019 01:36:05.028   9.99600000   9995.99942   0.07  -79.8   15.4  28.0  7.80  353.6  2511.1  352.68   62.10   41.27     0.0  353.59    0.00    0.00     0.0  353.59    0.00    0.00    1.5      5765.028     13.50   47.24000   39.71000  F2               
0 04.04.2019 01:36:15.946   9.99600000   9995.99971   0.07  -80.1   15.1  28.0 10.20  355.0  2266.4  354.02   60.03   43.11     0.0  354.99    0.00    0.00     0.0  354.99    0.00    0.00    1.7      5775.946     13.50   47.24000   39.71000  F2               
0 04.04.2019 01:36:26.158   9.99600000   9995.99996   0.07  -81.8   13.4  28.0  7.20  355.7  2533.4  354.80   62.45   42.93     0.0  355.72    0.00    0.00     0.0  355.72    0.00    0.00    1.7      5786.158     13.50   47.24000   39.71000  F2               
0 04.04.2019 01:36:37.074   9.99600000   9995.99990   0.07  -88.6    6.7  28.0  7.80  356.4  2461.8  355.48   61.85   43.67     0.0  356.42    0.00    0.00     0.0  356.42    0.00    0.00    1.8      5797.074     13.50   47.24000   39.71000  F2               
0 04.04.2019 01:37:38.904   9.99600000   9996.00018   0.07  -84.6   10.6  28.0 11.40  352.8  2191.1  351.78   59.22   41.88     0.0  352.77    0.00    0.00     0.0  352.77    0.00    0.00    2.0      5858.904     13.50   47.24000   39.71000  F2               
0 04.04.2019 01:39:22.329   9.99600000   9996.00147   0.07  -91.4    3.8  28.0  7.80  351.4  2538.3  350.47   62.14   39.38     0.0  351.39    0.00    0.00     0.0  351.39    0.00    0.00    1.9      5962.329     13.50   47.24000   39.71000  F2               
0 04.04.2019 01:39:52.535   9.99600000   9995.99988   0.07  -89.6    5.7  28.0 10.20  352.8  2281.0  351.81   60.01   41.55     0.0  352.80    0.00    0.00     0.0  352.80    0.00    0.00    1.7      5992.535     13.50   47.24000   39.71000  F2               
0 04.04.2019 01:40:23.875   9.99600000   9995.95361   0.27  -86.7    2.5  28.0  9.00  353.5  2377.8  352.54   60.92   41.69     0.0  353.52    0.00    0.00     0.0  353.52    0.00    0.00    2.0      6023.875     13.50   47.24000   39.71000  F2               
0 04.04.2019 01:40:53.717   9.99600000   9995.99995   0.07  -89.8    5.4  28.0 10.20  352.8  2276.5  351.81   59.97   41.56     0.0  352.77    0.00    0.00     0.0  352.77    0.00    0.00    1.8      6053.717     13.50   47.24000   39.71000  F2               
0 04.04.2019 01:41:14.472   9.99600000   9996.00081   0.09  -89.7    4.3  28.0  9.00  353.6  2372.6  352.64   60.88   41.78     0.0  353.56    0.00    0.00     0.0  353.56    0.00    0.00    1.6      6074.472     13.50   47.24000   39.71000  F2               
0 04.04.2019 01:41:54.978   9.99600000   9996.00184   0.07  -89.0    6.3  28.0 10.20  353.5  2262.4  352.50   59.90   42.09     0.0  353.50    0.00    0.00     0.0  353.50    0.00    0.00    1.8      6114.978     13.50   47.24000   39.71000  F2               
0 04.04.2019 01:42:24.900   9.99600000   9995.99962   0.11  -83.1    9.9  28.0 10.20  354.2  2250.6  353.20   59.84   42.61     0.0  354.18    0.00    0.00     0.0  354.18    0.00    0.00    1.6      6144.900     13.50   47.24000   39.71000  F2               
0 04.04.2019 01:43:05.716   9.99600000   9995.99967   0.07  -87.0    8.2  28.0  7.80  353.5  2485.9  352.57   61.87   41.29     0.0  353.51    0.00    0.00     0.0  353.51    0.00    0.00    1.5      6185.716     13.50   47.24000   39.71000  F2               
0 04.04.2019 01:43:15.910   9.99600000   9995.99934   0.07  -87.8    7.4  28.0  7.20  353.5  2549.6  352.58   62.43   41.04     0.0  353.48    0.00    0.00     0.0  353.48    0.00    0.00    1.4      6195.910     13.50   47.24000   39.71000  F2               
0 04.04.2019 01:43:26.850   9.99600000   9995.99871   0.07  -89.7    5.5  28.0  5.40  352.8  2767.1  351.92   64.28   39.45     0.0  352.80    0.00    0.00     0.0  352.80    0.00    0.00    1.9      6206.850     13.50   47.24000   39.71000  F2               
0 04.04.2019 01:43:46.902   9.99600000   9996.00788   0.11  -89.2    3.8  28.0 10.80  354.3  2193.7  353.29   59.35   42.84     0.0  354.26    0.00    0.00     0.0  354.26    0.00    0.00    1.6      6226.902     13.50   47.24000   39.71000  F2               
0 04.04.2019 01:48:57.876   9.99600000   9995.99873   0.07  -88.0    7.3  28.0  7.20  351.3  2573.5  350.37   62.43   39.11     0.0  351.32    0.00    0.00     0.0  351.32    0.00    0.00    1.8      6537.876     13.50   47.24000   39.71000  F2               
0 04.04.2019 01:49:58.372   9.99600000   9996.00352   0.13  -88.2    4.0  28.0 10.20  352.8  2234.9  351.79   59.61   41.72     0.0  352.76    0.00    0.00     0.0  352.76    0.00    0.00    1.7      6598.372     13.50   47.24000   39.71000  F2               
0 04.04.2019 01:51:22.907   9.99600000   9995.99839   0.15  -82.9    8.6  28.0  9.00  352.1  2348.0  351.12   60.55   40.79     0.0  352.14    0.00    0.00     0.0  352.14    0.00    0.00    1.5      6682.907     13.50   47.24000   39.71000  F2               
0 04.04.2019 01:51:33.129   9.99600000   9995.98682   0.18  -88.1    2.8  28.0  6.60  352.1  1368.5  352.10   51.98   44.55     0.0  352.11    0.00    0.00     0.0  352.11    0.00    0.00    1.6      6693.129     13.50   47.24000   39.71000  Es               
0 04.04.2019 01:51:44.047   9.99600000   9995.99079   0.40  -86.8    0.7  28.0  7.20  352.8  2532.2  351.88   62.22   40.54     0.0  352.83    0.00    0.00     0.0  352.83    0.00    0.00    1.7      6704.047     13.50   47.24000   39.71000  F2               
0 04.04.2019 01:53:18.744   9.99600000   9996.00109   0.18  -83.2    7.7  28.0  9.00  351.4  2349.6  350.42   60.50   40.28     0.0  351.35    0.00    0.00     0.0  351.35    0.00    0.00    1.5      6798.744     13.50   47.24000   39.71000  F2               
0 04.04.2019 01:53:28.945   9.99600000   9995.99849   0.20  -81.6    8.9  28.0  7.20  351.4  2558.0  350.47   62.31   39.28     0.0  351.38    0.00    0.00     0.0  351.38    0.00    0.00    1.4      6808.945     13.50   47.24000   39.71000  F2               
0 04.04.2019 01:53:39.172   9.99600000   9995.99877   0.15  -86.2    5.3  28.0  7.80  352.0  2466.0  351.05   61.57   40.20     0.0  352.03    0.00    0.00     0.0  352.03    0.00    0.00    1.5      6819.172     13.50   47.24000   39.71000  F2               
0 04.04.2019 01:53:51.894   9.99600000   9995.99898   0.07  -84.8   10.4  28.0  7.20  352.1  2541.1  351.17   62.23   39.93     0.0  352.08    0.00    0.00     0.0  352.08    0.00    0.00    1.6      6831.894     13.50   47.24000   39.71000  F2               
0 04.04.2019 01:54:02.092   9.99600000   9996.03756   0.24  -87.5    2.1  28.0  7.80  351.3  2477.5  350.35   61.60   39.60     0.0  351.33    0.00    0.00     0.0  351.33    0.00    0.00    1.6      6842.092     13.50   47.24000   39.71000  F2               
0 04.04.2019 01:54:13.753   9.99600000   9996.00061   0.15  -85.3    6.2  28.0  7.20  351.4  2557.1  350.47   62.30   39.28     0.0  351.38    0.00    0.00     0.0  351.38    0.00    0.00    1.5      6853.753     13.50   47.24000   39.71000  F2               
0 04.04.2019 01:54:23.958   9.99600000   9995.99869   0.11  -87.2    5.8  28.0  7.80  350.6  2489.1  349.65   61.62   39.00     0.0  350.61    0.00    0.00     0.0  350.61    0.00    0.00    1.5      6863.958     13.50   47.24000   39.71000  F2               
0 04.04.2019 01:54:34.159   9.99600000   9995.99672   0.15  -87.1    4.4  28.0  7.20  350.7  2575.7  349.77   62.38   38.61     0.0  350.68    0.00    0.00     0.0  350.68    0.00    0.00    1.6      6874.159     13.50   47.24000   39.71000  F2               
0 04.04.2019 01:55:36.821   9.99600000   9996.04233   0.24  -87.8    1.8  28.0  7.80  351.3  2470.0  350.35   61.53   39.64     0.0  351.34    0.00    0.00     0.0  351.34    0.00    0.00    1.5      6936.821     13.50   47.24000   39.71000  F2               
0 04.04.2019 01:57:59.662   9.99600000   9995.99992   0.29  -79.4    9.4  28.0  7.20  351.3  1282.4  351.29   51.19   44.51     0.0  351.34    0.00    0.00     0.0  351.34    0.00    0.00    1.5      7079.662     13.50   47.24000   39.71000  Es               
