0 04.04.2019 21:00:00.562   9.99600000   9996.00112   0.11  -77.9   17.1  28.0  7.80  347.0  2686.3  346.99   62.94   35.59     0.0  347.00    0.00    0.00     0.0  347.00    0.00    0.00    1.9     75600.562     13.50   47.10740   39.80800  F2               
0 04.04.2019 21:00:10.900   9.99600000   9995.99993   0.11  -72.8   22.3  28.0 10.20  346.4  2443.2  346.42   60.83   36.90     0.0  346.36    0.00    0.00     0.0  346.36    0.00    0.00    1.6     75610.900     13.50   47.10740   39.80800  F2               
0 04.04.2019 21:00:21.981   9.99600000   9995.99869   0.11  -75.6   19.4  28.0 12.00  348.5  2269.1  348.54   59.61   39.41     0.0  348.51    0.00    0.00     0.0  348.51    0.00    0.00    1.8     75621.981     13.50   47.10740   39.80800  F2               
0 04.04.2019 21:00:44.555   9.99600000   9995.99941   0.11  -76.9   18.1  28.0 12.60  348.5  2214.9  348.55   59.15   39.70     0.0  348.46    0.00    0.00     0.0  348.46    0.00    0.00    1.9     75644.555     13.50   47.10740   39.80800  F2               
0 04.04.2019 21:00:54.936   9.99600000   9995.99965   0.11  -73.5   21.5  28.0  7.20  348.5  2745.4  348.48   63.66   36.44     0.0  348.46    0.00    0.00     0.0  348.46    0.00    0.00    1.8     75654.936     13.50   47.10740   39.80800  F2               
0 04.04.2019 21:01:06.134   9.99600000   9995.99369   0.11  -81.7   11.3  28.0 10.80  347.0  2383.8  347.03   60.41   37.72     0.0  347.03    0.00    0.00     0.0  347.03    0.00    0.00    1.6     75666.134     13.50   47.10740   39.80800  F2               
0 04.04.2019 21:01:17.198   9.99600000   9995.99890   0.11  -73.7   21.3  28.0  7.20  347.0  2749.0  346.98   63.46   35.11     0.0  347.05    0.00    0.00     0.0  347.05    0.00    0.00    1.6     75677.198     13.50   47.10740   39.80800  F2               
0 04.04.2019 21:01:59.295   9.99600000   9995.99923   0.11  -76.7   18.3  28.0 13.80  348.4  2113.2  348.47   58.27   40.17     0.0  348.44    0.00    0.00     0.0  348.44    0.00    0.00    1.7     75719.295     13.50   47.10740   39.80800  F2               
0 04.04.2019 21:02:10.047   9.99600000   9995.99935   0.11  -71.9   23.1  28.0 10.20  347.7  2443.0  347.72   61.00   37.83     0.0  347.73    0.00    0.00     0.0  347.73    0.00    0.00    1.9     75730.047     13.50   47.10740   39.80800  F2               
0 04.04.2019 21:32:44.768   9.99600000   9995.99970   0.07  -80.7   12.6  28.0 15.00  356.4  2030.1  356.50   58.03   45.21     0.0  356.38    0.00    0.00     0.0  356.38    0.00    0.00    2.0     77564.768     13.50   47.10740   39.80800  F2               
0 04.04.2019 21:33:06.297   9.99600000   9996.00024   0.07  -79.2   18.0  28.0 12.60  356.4  2221.8  356.47   59.74   44.89     0.0  356.42    0.00    0.00     0.0  356.42    0.00    0.00    1.9     77586.297     13.50   47.10740   39.80800  F2               
0 04.04.2019 21:33:29.155   9.99600000   9995.99970   0.11  -73.4   21.6  28.0 12.00  355.7  2273.4  355.76   60.18   44.31     0.0  355.70    0.00    0.00     0.0  355.70    0.00    0.00    1.6     77609.155     13.50   47.10740   39.80800  F2               
0 04.04.2019 21:33:40.643   9.99600000   9995.99977   0.11  -77.2   17.8  28.0 12.60  355.7  2221.5  355.77   59.71   44.42     0.0  355.72    0.00    0.00     0.0  355.72    0.00    0.00    1.8     77620.643     13.50   47.10740   39.80800  F2               
0 04.04.2019 21:34:48.307   9.99600000   9995.99988   0.11  -78.1   16.9  28.0 10.20  355.0  2437.0  355.04   61.60   43.39     0.0  355.00    0.00    0.00     0.0  355.00    0.00    0.00    1.6     77688.307     13.50   47.10740   39.80800  F2               
0 04.04.2019 21:35:31.550   9.99600000   9996.00010   0.11  -75.6   19.4  28.0 10.20  354.2  2437.2  354.24   61.56   42.77     0.0  354.24    0.00    0.00     0.0  354.24    0.00    0.00    1.9     77731.550     13.50   47.10740   39.80800  F2               
0 04.04.2019 21:35:42.011   9.99600000   9995.99991   0.11  -74.6   18.4  28.0 10.80  352.7  2382.1  352.75   60.97   41.83     0.0  352.74    0.00    0.00     0.0  352.74    0.00    0.00    1.7     77742.011     13.50   47.10740   39.80800  F2               
0 04.04.2019 21:35:53.097   9.99600000   9995.99982   0.11  -67.1   28.0  28.0 11.40  352.9  2326.6  352.96   60.50   42.18     0.0  352.86    0.00    0.00     0.0  352.86    0.00    0.00    1.5     77753.097     13.50   47.10740   39.80800  F2               
0 04.04.2019 21:36:04.171   9.99600000   9995.99974   0.11  -64.9   30.1  28.0 11.40  353.5  2326.2  353.56   60.53   42.61     0.0  353.50    0.00    0.00     0.0  353.50    0.00    0.00    1.5     77764.171     13.50   47.10740   39.80800  F2               
0 04.04.2019 21:36:14.513   9.99600000   9995.99986   0.11  -61.8   33.2  28.0 11.40  353.5  2326.3  353.56   60.54   42.61     0.0  353.48    0.00    0.00     0.0  353.48    0.00    0.00    1.5     77774.513     13.50   47.10740   39.80800  F2               
0 04.04.2019 21:36:25.362   9.99600000   9995.99981   0.11  -58.7   36.3  28.0 12.00  353.5  2272.6  353.57   60.06   42.78     0.0  353.48    0.00    0.00     0.0  353.48    0.00    0.00    1.4     77785.362     13.50   47.10740   39.80800  F2               
0 04.04.2019 21:36:35.728   9.99600000   9995.99979   0.11  -59.9   35.1  28.0 12.00  353.5  2272.6  353.57   60.06   42.78     0.0  353.47    0.00    0.00     0.0  353.47    0.00    0.00    1.4     77795.728     13.50   47.10740   39.80800  F2               
0 04.04.2019 21:36:46.065   9.99600000   9995.99980   0.11  -60.7   34.4  28.0 11.40  353.5  2325.9  353.56   60.53   42.61     0.0  353.48    0.00    0.00     0.0  353.48    0.00    0.00    1.4     77806.065     13.50   47.10740   39.80800  F2               
0 04.04.2019 21:36:57.146   9.99600000   9995.99984   0.11  -59.1   35.9  28.0 11.40  353.5  2326.1  353.56   60.53   42.61     0.0  353.47    0.00    0.00     0.0  353.47    0.00    0.00    1.4     77817.146     13.50   47.10740   39.80800  F2               
0 04.04.2019 21:37:07.670   9.99600000   9995.99981   0.11  -59.0   36.0  28.0 11.40  353.5  2325.9  353.56   60.53   42.61     0.0  353.47    0.00    0.00     0.0  353.47    0.00    0.00    1.5     77827.670     13.50   47.10740   39.80800  F2               
0 04.04.2019 21:37:18.040   9.99600000   9995.99983   0.11  -58.6   36.4  28.0 11.40  353.5  2325.8  353.56   60.53   42.61     0.0  353.47    0.00    0.00     0.0  353.47    0.00    0.00    1.5     77838.040     13.50   47.10740   39.80800  F2               
0 04.04.2019 21:37:29.127   9.99600000   9995.99977   0.11  -57.7   37.3  28.0 11.40  353.5  2325.8  353.56   60.53   42.61     0.0  353.48    0.00    0.00     0.0  353.48    0.00    0.00    1.4     77849.127     13.50   47.10740   39.80800  F2               
0 04.04.2019 21:37:40.270   9.99600000   9995.99982   0.11  -57.5   37.5  28.0 11.40  353.5  2325.6  353.56   60.53   42.61     0.0  353.46    0.00    0.00     0.0  353.46    0.00    0.00    1.5     77860.270     13.50   47.10740   39.80800  F2               
0 04.04.2019 21:38:51.635   9.99600000   9995.99987   0.24  -65.7   25.9  28.0 11.40  352.8  2325.4  352.86   60.48   42.11     0.0  352.84    0.00    0.00     0.0  352.84    0.00    0.00    1.5     77931.635     13.50   47.10740   39.80800  F2               
0 04.04.2019 21:39:01.989   9.99600000   9995.99982   0.27  -65.9   25.4  28.0 11.40  352.9  2325.5  352.96   60.49   42.18     0.0  352.87    0.00    0.00     0.0  352.87    0.00    0.00    1.5     77941.989     13.50   47.10740   39.80800  F2               
0 04.04.2019 21:39:13.064   9.99600000   9995.99999   0.35  -65.9   24.1  28.0 10.80  353.5  2379.6  353.55   61.01   42.43     0.0  353.46    0.00    0.00     0.0  353.46    0.00    0.00    1.5     77953.064     13.50   47.10740   39.80800  F2               
0 04.04.2019 21:39:24.143   9.99600000   9995.99988   0.20  -64.9   27.6  28.0 12.00  353.5  2271.9  353.57   60.05   42.79     0.0  353.47    0.00    0.00     0.0  353.47    0.00    0.00    1.5     77964.143     13.50   47.10740   39.80800  F2               
0 04.04.2019 21:39:34.503   9.99600000   9995.99997   0.29  -65.1   25.8  28.0 11.40  352.9  2325.0  352.96   60.49   42.19     0.0  352.87    0.00    0.00     0.0  352.87    0.00    0.00    1.4     77974.503     13.50   47.10740   39.80800  F2               
0 04.04.2019 21:39:44.859   9.99600000   9995.99967   0.40  -64.3   25.1  28.0 10.80  352.9  2379.8  352.95   60.97   41.99     0.0  352.86    0.00    0.00     0.0  352.86    0.00    0.00    1.5     77984.859     13.50   47.10740   39.80800  F2               
0 04.04.2019 21:39:56.112   9.99600000   9996.00042   0.27  -75.2   16.1  28.0 12.00  353.5  2271.9  353.57   60.05   42.79     0.0  353.46    0.00    0.00     0.0  353.46    0.00    0.00    1.5     77996.112     13.50   47.10740   39.80800  F2               
0 04.04.2019 21:40:06.723   9.99600000   9995.99985   0.11  -72.7   22.3  28.0 12.00  352.8  2272.0  352.87   60.01   42.31     0.0  352.84    0.00    0.00     0.0  352.84    0.00    0.00    1.6     78006.723     13.50   47.10740   39.80800  F2               
0 04.04.2019 21:40:18.166   9.99600000   9996.00043   0.33  -72.3   15.9  28.0 11.40  352.9  2325.1  352.96   60.49   42.19     0.0  352.86    0.00    0.00     0.0  352.86    0.00    0.00    1.5     78018.166     13.50   47.10740   39.80800  F2               
0 04.04.2019 21:40:29.228   9.99600000   9995.99985   0.11  -76.3   18.7  28.0 12.00  352.8  2271.9  352.87   60.01   42.31     0.0  352.83    0.00    0.00     0.0  352.83    0.00    0.00    1.5     78029.228     13.50   47.10740   39.80800  F2               
0 04.04.2019 21:40:40.299   9.99600000   9995.99905   0.18  -77.2   13.8  28.0 10.80  352.8  2379.6  352.85   60.96   41.91     0.0  352.83    0.00    0.00     0.0  352.83    0.00    0.00    1.6     78040.299     13.50   47.10740   39.80800  F2               
0 04.04.2019 21:40:50.636   9.99600000   9995.99956   0.11  -76.7   18.3  28.0 10.20  353.5  2434.5  353.54   61.49   42.24     0.0  353.53    0.00    0.00     0.0  353.53    0.00    0.00    1.8     78050.636     13.50   47.10740   39.80800  F2               
0 04.04.2019 21:41:01.716   9.99600000   9995.99881   0.11  -84.0   11.0  28.0 14.40  353.5  2075.0  353.60   58.31   43.39     0.0  353.51    0.00    0.00     0.0  353.51    0.00    0.00    1.9     78061.716     13.50   47.10740   39.80800  F2               
0 04.04.2019 21:41:56.166   9.99600000   9995.99963   0.13  -82.1   12.1  28.0 13.80  352.8  2122.1  352.89   58.69   42.82     0.0  352.75    0.00    0.00     0.0  352.75    0.00    0.00    1.6     78116.166     13.50   47.10740   39.80800  F2               
0 04.04.2019 21:42:07.301   9.99600000   9995.99897   0.11  -86.3    8.7  28.0 10.80  352.1  2379.6  352.15   60.91   41.40     0.0  352.09    0.00    0.00     0.0  352.09    0.00    0.00    2.0     78127.301     13.50   47.10740   39.80800  F2               
0 04.04.2019 21:53:22.167   9.99600000   9996.00964   0.09  -88.9    7.1  28.0 15.00  352.8  2032.2  352.92   57.89   43.11     0.0  352.77    0.00    0.00     0.0  352.77    0.00    0.00    1.9     78802.167     13.50   47.10740   39.80800  F2               
0 04.04.2019 21:53:42.863   9.99600000   9995.99982   0.18  -84.3    8.6  28.0 13.80  352.8  2124.2  352.90   58.71   42.82     0.0  352.75    0.00    0.00     0.0  352.75    0.00    0.00    1.6     78822.863     13.50   47.10740   39.80800  F2               
0 04.04.2019 21:53:54.004   9.99600000   9995.95400   0.27  -87.6    3.7  28.0 11.40  352.8  2326.2  352.86   60.49   42.11     0.0  352.77    0.00    0.00     0.0  352.77    0.00    0.00    1.8     78834.004     13.50   47.10740   39.80800  F2               
0 04.04.2019 21:54:05.198   9.99600000   9995.99373   0.11  -89.8    5.2  28.0 11.40  352.1  2326.4  352.16   60.44   41.62     0.0  352.09    0.00    0.00     0.0  352.09    0.00    0.00    1.9     78845.198     13.50   47.10740   39.80800  F2               
