0 04.04.2019 22:29:40.487   9.99600000   9996.00302   0.22  -86.6    5.4  28.0  9.60  352.8  2480.7  352.78   61.85   41.48     0.0  352.78    0.00    0.00     0.0  352.78    0.00    0.00    1.6     80980.487     13.50   47.10740   39.80800  F2               
0 04.04.2019 22:42:37.710   9.99600000   9995.99792   0.11  -82.9   12.1  28.0  9.60  354.2  2470.3  354.16   61.85   42.60     0.0  354.21    0.00    0.00     0.0  354.21    0.00    0.00    1.8     81757.710     13.50   47.10740   39.80800  F2               
0 04.04.2019 22:42:48.029   9.99600000   9996.00039   0.07  -87.8    9.4  28.0 10.20  353.5  2420.4  353.47   61.36   42.23     0.0  353.54    0.00    0.00     0.0  353.54    0.00    0.00    2.0     81768.029     13.50   47.10740   39.80800  F2               
0 04.04.2019 22:43:19.388   9.99600000   9996.00053   0.07  -84.2   13.0  28.0 10.80  353.5  2370.1  353.48   60.92   42.41     0.0  353.54    0.00    0.00     0.0  353.54    0.00    0.00    1.6     81799.388     13.50   47.10740   39.80800  F2               
0 04.04.2019 22:43:29.761   9.99600000   9996.00044   0.07  -85.5    9.7  28.0  8.40  353.5  2576.4  353.43   62.74   41.64     0.0  353.49    0.00    0.00     0.0  353.49    0.00    0.00    1.9     81809.761     13.50   47.10740   39.80800  F2               
0 04.04.2019 22:43:40.166   9.99600000   9995.99941   0.07  -84.9   10.3  28.0 10.20  353.5  2420.1  353.47   61.36   42.23     0.0  353.53    0.00    0.00     0.0  353.53    0.00    0.00    1.7     81820.166     13.50   47.10740   39.80800  F2               
0 04.04.2019 22:43:50.511   9.99600000   9995.99961   0.11  -77.3   17.7  28.0 10.20  353.5  2420.0  353.47   61.36   42.23     0.0  353.53    0.00    0.00     0.0  353.53    0.00    0.00    1.6     81830.511     13.50   47.10740   39.80800  F2               
0 04.04.2019 22:44:02.680   9.99600000   9995.99905   0.07  -89.2    6.0  28.0 10.80  353.5  2370.1  353.48   60.92   42.41     0.0  353.51    0.00    0.00     0.0  353.51    0.00    0.00    1.8     81842.680     13.50   47.10740   39.80800  F2               
0 04.04.2019 22:44:14.105   9.99600000   9996.00189   0.09  -88.4    7.6  28.0  9.60  354.2  2469.2  354.15   61.84   42.60     0.0  354.20    0.00    0.00     0.0  354.20    0.00    0.00    1.6     81854.105     13.50   47.10740   39.80800  F2               
0 04.04.2019 22:44:36.015   9.99600000   9996.00262   0.09  -91.0    5.0  28.0  7.80  355.0  2625.6  354.92   63.28   42.76     0.0  354.96    0.00    0.00     0.0  354.96    0.00    0.00    1.5     81876.015     13.50   47.10740   39.80800  F2               
0 04.04.2019 22:45:31.381   9.99600000   9996.00061   0.09  -78.3   17.6  28.0  8.40  354.2  2573.1  354.13   62.76   42.24     0.0  354.23    0.00    0.00     0.0  354.23    0.00    0.00    1.5     81931.381     13.50   47.10740   39.80800  F2               
0 04.04.2019 22:45:54.597   9.99600000   9995.99980   0.15  -76.7   16.8  28.0 10.20  354.3  2417.7  354.26   61.39   42.84     0.0  354.27    0.00    0.00     0.0  354.27    0.00    0.00    1.5     81954.597     13.50   47.10740   39.80800  F2               
0 04.04.2019 22:46:06.188   9.99600000   9995.99961   0.11  -83.7    9.3  28.0  9.00  353.6  2521.3  353.54   62.26   41.93     0.0  353.56    0.00    0.00     0.0  353.56    0.00    0.00    1.6     81966.188     13.50   47.10740   39.80800  F2               
0 04.04.2019 22:46:17.238   9.99600000   9996.00023   0.18  -78.7   14.3  28.0  8.40  353.6  2574.0  353.53   62.72   41.73     0.0  353.55    0.00    0.00     0.0  353.55    0.00    0.00    1.5     81977.238     13.50   47.10740   39.80800  F2               
0 04.04.2019 22:46:28.353   9.99600000   9995.99965   0.07  -79.2   16.0  28.0  9.00  354.2  2519.7  354.14   62.29   42.43     0.0  354.25    0.00    0.00     0.0  354.25    0.00    0.00    1.5     81988.353     13.50   47.10740   39.80800  F2               
0 04.04.2019 22:46:39.761   9.99600000   9996.00037   0.07  -79.4   17.8  28.0  8.40  354.2  2572.3  354.13   62.75   42.24     0.0  354.24    0.00    0.00     0.0  354.24    0.00    0.00    1.5     81999.761     13.50   47.10740   39.80800  F2               
0 04.04.2019 22:46:53.006   9.99600000   9996.00082   0.38  -75.7   14.0  28.0  9.60  354.2  2467.8  354.15   61.83   42.60     0.0  354.23    0.00    0.00     0.0  354.23    0.00    0.00    1.4     82013.006     13.50   47.10740   39.80800  F2               
0 04.04.2019 22:47:04.072   9.99600000   9995.99961   0.07  -82.2   15.0  28.0  9.60  353.5  2469.0  353.45   61.79   42.05     0.0  353.51    0.00    0.00     0.0  353.51    0.00    0.00    1.8     82024.072     13.50   47.10740   39.80800  F2               
0 04.04.2019 22:47:15.285   9.99600000   9995.99973   0.15  -76.3   15.2  28.0 10.20  354.2  2417.3  354.16   61.38   42.77     0.0  354.20    0.00    0.00     0.0  354.20    0.00    0.00    1.4     82035.285     13.50   47.10740   39.80800  F2               
0 04.04.2019 22:47:26.350   9.99600000   9996.00002   0.11  -76.3   16.8  28.0  9.00  354.2  2519.1  354.13   62.28   42.43     0.0  354.23    0.00    0.00     0.0  354.23    0.00    0.00    1.5     82046.350     13.50   47.10740   39.80800  F2               
0 04.04.2019 22:47:36.667   9.99600000   9996.00039   0.09  -77.8   16.2  28.0 10.20  354.2  2417.1  354.16   61.38   42.77     0.0  354.23    0.00    0.00     0.0  354.23    0.00    0.00    1.5     82056.667     13.50   47.10740   39.80800  F2               
0 04.04.2019 22:47:47.716   9.99600000   9995.99956   0.11  -73.1   21.9  28.0  9.00  354.2  2518.8  354.13   62.28   42.43     0.0  354.21    0.00    0.00     0.0  354.21    0.00    0.00    1.5     82067.716     13.50   47.10740   39.80800  F2               
0 04.04.2019 22:47:58.684   9.99600000   9996.00090   0.11  -82.0   13.0  28.0  9.00  354.9  2517.3  354.83   62.31   43.00     0.0  354.94    0.00    0.00     0.0  354.94    0.00    0.00    1.6     82078.684     13.50   47.10740   39.80800  F2               
0 04.04.2019 22:48:09.115   9.99600000   9995.99878   0.07  -83.7   13.5  28.0  9.00  354.3  2518.5  354.23   62.28   42.51     0.0  354.26    0.00    0.00     0.0  354.26    0.00    0.00    1.4     82089.115     13.50   47.10740   39.80800  F2               
0 04.04.2019 22:48:20.158   9.99600000   9995.99988   0.13  -71.0   21.2  28.0  9.60  354.3  2466.9  354.24   61.82   42.68     0.0  354.27    0.00    0.00     0.0  354.27    0.00    0.00    1.4     82100.158     13.50   47.10740   39.80800  F2               
0 04.04.2019 22:48:30.527   9.99600000   9995.99988   0.07  -80.7   16.5  28.0  9.00  353.5  2520.1  353.43   62.24   41.85     0.0  353.51    0.00    0.00     0.0  353.51    0.00    0.00    1.6     82110.527     13.50   47.10740   39.80800  F2               
0 04.04.2019 22:48:41.613   9.99600000   9996.00014   0.29  -70.9   18.0  28.0 10.20  354.3  2416.7  354.26   61.38   42.84     0.0  354.25    0.00    0.00     0.0  354.25    0.00    0.00    1.5     82121.613     13.50   47.10740   39.80800  F2               
0 04.04.2019 22:48:52.676   9.99600000   9995.99996   0.11  -74.6   18.4  28.0  8.40  354.2  2570.6  354.12   62.74   42.24     0.0  354.23    0.00    0.00     0.0  354.23    0.00    0.00    1.5     82132.676     13.50   47.10740   39.80800  F2               
0 04.04.2019 22:49:02.999   9.99600000   9996.00797   0.27  -84.3    6.9  28.0  9.60  354.9  2465.3  354.84   61.85   43.16     0.0  354.90    0.00    0.00     0.0  354.90    0.00    0.00    1.4     82142.999     13.50   47.10740   39.80800  F2               
0 04.04.2019 22:49:14.075   9.99600000   9995.99972   0.07  -84.7   12.6  28.0  7.80  355.0  2622.1  354.91   63.24   42.76     0.0  354.98    0.00    0.00     0.0  354.98    0.00    0.00    2.0     82154.075     13.50   47.10740   39.80800  F2               
0 04.04.2019 22:49:25.266   9.99600000   9995.99985   0.24  -70.5   19.1  28.0  9.00  354.2  2517.9  354.13   62.27   42.43     0.0  354.21    0.00    0.00     0.0  354.21    0.00    0.00    1.5     82165.266     13.50   47.10740   39.80800  F2               
0 04.04.2019 22:49:36.313   9.99600000   9996.00048   0.13  -80.0   14.2  28.0  7.20  354.2  2679.3  354.10   63.70   41.84     0.0  354.19    0.00    0.00     0.0  354.19    0.00    0.00    1.6     82176.313     13.50   47.10740   39.80800  F2               
0 04.04.2019 22:49:59.143   9.99600000   9996.00196   0.15  -75.9   17.6  28.0  9.00  353.5  2519.2  353.43   62.23   41.85     0.0  353.53    0.00    0.00     0.0  353.53    0.00    0.00    1.5     82199.143     13.50   47.10740   39.80800  F2               
0 04.04.2019 22:50:10.558   9.99600000   9996.00225   0.18  -79.6   13.4  28.0  7.80  355.7  2619.5  355.61   63.26   43.38     0.0  355.67    0.00    0.00     0.0  355.67    0.00    0.00    1.5     82210.558     13.50   47.10740   39.80800  F2               
0 04.04.2019 22:50:20.888   9.99600000   9996.00042   0.29  -76.4   12.5  28.0  7.20  355.0  2676.4  354.90   63.73   42.58     0.0  354.96    0.00    0.00     0.0  354.96    0.00    0.00    1.6     82220.888     13.50   47.10740   39.80800  F2               
0 04.04.2019 22:50:34.117   9.99600000   9996.00027   0.38  -70.9   16.8  28.0  9.60  354.3  2465.7  354.24   61.81   42.68     0.0  354.29    0.00    0.00     0.0  354.29    0.00    0.00    1.5     82234.117     13.50   47.10740   39.80800  F2               
0 04.04.2019 22:50:44.470   9.99600000   9996.00114   0.24  -77.6   13.9  28.0 10.80  352.8  2370.2  352.77   60.87   41.89     0.0  352.83    0.00    0.00     0.0  352.83    0.00    0.00    1.7     82244.470     13.50   47.10740   39.80800  F2               
0 04.04.2019 22:50:54.795   9.99600000   9995.99854   0.22  -79.4   10.6  28.0  9.00  354.9  2515.4  354.83   62.29   43.00     0.0  354.89    0.00    0.00     0.0  354.89    0.00    0.00    1.4     82254.795     13.50   47.10740   39.80800  F2               
0 04.04.2019 22:51:05.231   9.99600000   9996.00001   0.40  -73.5   13.9  28.0  8.40  354.2  2569.3  354.12   62.72   42.24     0.0  354.20    0.00    0.00     0.0  354.20    0.00    0.00    1.5     82265.231     13.50   47.10740   39.80800  F2               
0 04.04.2019 22:51:26.626   9.99600000   9996.00028   0.29  -78.7   10.1  28.0  9.60  353.6  2466.8  353.54   61.78   42.12     0.0  353.56    0.00    0.00     0.0  353.56    0.00    0.00    1.4     82286.626     13.50   47.10740   39.80800  F2               
0 04.04.2019 22:51:36.999   9.99600000   9995.99993   0.31  -75.4   15.1  28.0  9.60  352.9  2468.2  352.84   61.74   41.57     0.0  352.85    0.00    0.00     0.0  352.85    0.00    0.00    1.5     82296.999     13.50   47.10740   39.80800  F2               
0 04.04.2019 22:51:48.056   9.99600000   9996.00019   0.40  -68.7   20.8  28.0 10.20  353.5  2417.3  353.45   61.33   42.23     0.0  353.53    0.00    0.00     0.0  353.53    0.00    0.00    1.4     82308.056     13.50   47.10740   39.80800  F2               
0 04.04.2019 22:51:59.110   9.99600000   9996.00149   0.20  -80.5   11.9  28.0  9.00  355.7  2513.0  355.62   62.31   43.66     0.0  355.67    0.00    0.00     0.0  355.67    0.00    0.00    1.5     82319.110     13.50   47.10740   39.80800  F2               
0 04.04.2019 22:52:10.176   9.99600000   9995.99972   0.40  -69.9   17.6  28.0  8.40  353.6  2570.1  353.51   62.69   41.73     0.0  353.56    0.00    0.00     0.0  353.56    0.00    0.00    1.4     82330.176     13.50   47.10740   39.80800  F2               
0 04.04.2019 22:52:20.497   9.99600000   9996.00086   0.40  -72.7   14.8  28.0  7.80  354.2  2622.0  354.10   63.19   42.05     0.0  354.24    0.00    0.00     0.0  354.24    0.00    0.00    1.5     82340.497     13.50   47.10740   39.80800  F2               
0 04.04.2019 22:52:30.819   9.99600000   9996.00033   0.40  -68.0   19.4  28.0  9.60  354.3  2464.6  354.24   61.80   42.68     0.0  354.29    0.00    0.00     0.0  354.29    0.00    0.00    1.5     82350.819     13.50   47.10740   39.80800  F2               
0 04.04.2019 22:52:41.164   9.99600000   9995.99945   0.40  -72.4   17.0  28.0  9.00  354.2  2516.0  354.12   62.25   42.43     0.0  354.18    0.00    0.00     0.0  354.18    0.00    0.00    1.5     82361.164     13.50   47.10740   39.80800  F2               
0 04.04.2019 22:52:51.495   9.99600000   9995.99970   0.40  -69.5   20.0  28.0  9.00  354.2  2515.7  354.12   62.25   42.43     0.0  354.18    0.00    0.00     0.0  354.18    0.00    0.00    1.4     82371.495     13.50   47.10740   39.80800  F2               
0 04.04.2019 22:53:01.827   9.99600000   9995.99741   0.24  -82.0    9.5  28.0 10.20  354.2  2415.5  354.15   61.36   42.76     0.0  354.23    0.00    0.00     0.0  354.23    0.00    0.00    1.5     82381.827     13.50   47.10740   39.80800  F2               
0 04.04.2019 22:53:12.151   9.99600000   9995.99996   0.40  -70.1   19.4  28.0  8.40  354.2  2567.8  354.11   62.71   42.24     0.0  354.20    0.00    0.00     0.0  354.20    0.00    0.00    1.6     82392.151     13.50   47.10740   39.80800  F2               
0 04.04.2019 22:53:24.296   9.99600000   9996.00650   0.15  -83.5   10.1  28.0 11.40  354.2  2319.6  354.17   60.51   43.07     0.0  354.21    0.00    0.00     0.0  354.21    0.00    0.00    1.8     82404.296     13.50   47.10740   39.80800  F2               
0 04.04.2019 22:53:34.666   9.99600000   9996.00050   0.40  -70.6   18.8  28.0  9.60  353.5  2466.0  353.43   61.76   42.05     0.0  353.49    0.00    0.00     0.0  353.49    0.00    0.00    1.5     82414.666     13.50   47.10740   39.80800  F2               
0 04.04.2019 22:53:45.010   9.99600000   9995.99956   0.22  -80.0   12.0  28.0 10.20  355.0  2413.7  354.94   61.39   43.38     0.0  354.99    0.00    0.00     0.0  354.99    0.00    0.00    1.6     82425.010     13.50   47.10740   39.80800  F2               
0 04.04.2019 22:53:56.069   9.99600000   9995.99995   0.40  -67.5   21.9  28.0 10.20  354.3  2415.2  354.24   61.37   42.84     0.0  354.25    0.00    0.00     0.0  354.25    0.00    0.00    1.4     82436.069     13.50   47.10740   39.80800  F2               
0 04.04.2019 22:54:07.208   9.99600000   9996.00000   0.29  -74.0   16.8  28.0  8.40  355.0  2565.1  354.91   62.74   42.93     0.0  354.98    0.00    0.00     0.0  354.98    0.00    0.00    1.5     82447.208     13.50   47.10740   39.80800  F2               
0 04.04.2019 22:54:18.281   9.99600000   9996.00127   0.33  -76.9   13.3  28.0  7.20  352.8  2680.0  352.69   63.59   40.57     0.0  352.80    0.00    0.00     0.0  352.80    0.00    0.00    1.7     82458.281     13.50   47.10740   39.80800  F2               
0 04.04.2019 22:54:28.627   9.99600000   9995.99987   0.40  -75.0   14.4  28.0  9.60  353.5  2465.8  353.43   61.76   42.05     0.0  353.45    0.00    0.00     0.0  353.45    0.00    0.00    1.5     82468.627     13.50   47.10740   39.80800  F2               
0 04.04.2019 22:54:38.966   9.99600000   9995.99885   0.29  -78.9   12.0  28.0 10.80  353.5  2368.9  353.46   60.91   42.40     0.0  353.54    0.00    0.00     0.0  353.54    0.00    0.00    1.6     82478.966     13.50   47.10740   39.80800  F2               
0 04.04.2019 22:54:50.043   9.99600000   9995.99988   0.11  -80.1   12.9  28.0  7.20  354.2  2675.2  354.09   63.66   41.85     0.0  354.24    0.00    0.00     0.0  354.24    0.00    0.00    1.6     82490.043     13.50   47.10740   39.80800  F2               
0 04.04.2019 22:55:01.093   9.99600000   9996.00032   0.40  -69.4   20.0  28.0  9.60  353.5  2465.4  353.43   61.76   42.05     0.0  353.52    0.00    0.00     0.0  353.52    0.00    0.00    1.5     82501.093     13.50   47.10740   39.80800  F2               
0 04.04.2019 22:55:12.184   9.99600000   9996.00047   0.40  -68.0   19.5  28.0  9.00  353.5  2516.1  353.42   62.21   41.85     0.0  353.46    0.00    0.00     0.0  353.46    0.00    0.00    1.5     82512.184     13.50   47.10740   39.80800  F2               
0 04.04.2019 22:55:22.524   9.99600000   9996.00088   0.29  -75.2   13.6  28.0  5.40  352.1  2852.9  351.96   65.03   39.03     0.0  352.11    0.00    0.00     0.0  352.11    0.00    0.00    1.9     82522.524     13.50   47.10740   39.80800  F2               
0 04.04.2019 22:55:32.943   9.99600000   9996.00046   0.40  -65.8   21.6  28.0  9.60  353.6  2465.0  353.53   61.76   42.12     0.0  353.57    0.00    0.00     0.0  353.57    0.00    0.00    1.4     82532.943     13.50   47.10740   39.80800  F2               
0 04.04.2019 22:55:44.013   9.99600000   9996.00033   0.40  -66.3   21.1  28.0  9.60  353.6  2465.0  353.53   61.76   42.12     0.0  353.55    0.00    0.00     0.0  353.55    0.00    0.00    1.4     82544.013     13.50   47.10740   39.80800  F2               
0 04.04.2019 22:55:55.187   9.99600000   9996.00041   0.40  -71.0   16.5  28.0  9.60  353.5  2465.2  353.43   61.76   42.04     0.0  353.50    0.00    0.00     0.0  353.50    0.00    0.00    1.4     82555.187     13.50   47.10740   39.80800  F2               
0 04.04.2019 22:56:06.265   9.99600000   9996.00614   0.20  -86.0    4.4  28.0  9.60  353.5  2465.0  353.43   61.75   42.05     0.0  353.55    0.00    0.00     0.0  353.55    0.00    0.00    1.5     82566.265     13.50   47.10740   39.80800  F2               
0 04.04.2019 22:56:17.041   9.99600000   9995.99972   0.29  -77.7   11.2  28.0  9.60  351.4  2469.7  351.33   61.63   40.40     0.0  351.38    0.00    0.00     0.0  351.38    0.00    0.00    1.4     82577.041     13.50   47.10740   39.80800  F2               
0 04.04.2019 22:56:28.095   9.99600000   9996.00030   0.40  -67.1   20.3  28.0  9.60  353.5  2464.8  353.43   61.75   42.05     0.0  353.53    0.00    0.00     0.0  353.53    0.00    0.00    1.4     82588.095     13.50   47.10740   39.80800  F2               
0 04.04.2019 22:56:40.229   9.99600000   9996.00036   0.40  -76.7   12.7  28.0  9.60  352.8  2466.5  352.73   61.72   41.49     0.0  352.85    0.00    0.00     0.0  352.85    0.00    0.00    1.5     82600.229     13.50   47.10740   39.80800  F2               
0 04.04.2019 22:56:50.568   9.99600000   9995.99981   0.33  -63.7   24.6  28.0  9.00  354.2  2513.5  354.11   62.23   42.43     0.0  354.18    0.00    0.00     0.0  354.18    0.00    0.00    1.5     82610.568     13.50   47.10740   39.80800  F2               
0 04.04.2019 22:57:01.292   9.99600000   9996.00157   0.29  -75.7   15.2  28.0  9.60  354.3  2462.8  354.23   61.79   42.68     0.0  354.25    0.00    0.00     0.0  354.25    0.00    0.00    1.5     82621.292     13.50   47.10740   39.80800  F2               
0 04.04.2019 22:57:11.687   9.99600000   9996.00018   0.40  -65.9   23.5  28.0 10.20  353.6  2416.1  353.54   61.33   42.30     0.0  353.58    0.00    0.00     0.0  353.58    0.00    0.00    1.4     82631.687     13.50   47.10740   39.80800  F2               
0 04.04.2019 22:57:22.073   9.99600000   9995.99984   0.40  -62.9   24.6  28.0  9.60  353.5  2464.3  353.43   61.75   42.05     0.0  353.50    0.00    0.00     0.0  353.50    0.00    0.00    1.4     82642.073     13.50   47.10740   39.80800  F2               
0 04.04.2019 22:57:33.142   9.99600000   9996.00013   0.40  -66.6   20.9  28.0 10.20  354.2  2414.6  354.14   61.35   42.76     0.0  354.20    0.00    0.00     0.0  354.20    0.00    0.00    1.5     82653.142     13.50   47.10740   39.80800  F2               
0 04.04.2019 22:57:45.753   9.99600000   9996.00020   0.40  -68.5   20.9  28.0  9.00  353.5  2514.6  353.41   62.19   41.85     0.0  353.52    0.00    0.00     0.0  353.52    0.00    0.00    1.4     82665.753     13.50   47.10740   39.80800  F2               
0 04.04.2019 22:57:56.101   9.99600000   9996.00121   0.29  -73.5   15.4  28.0 10.20  353.6  2416.0  353.54   61.33   42.30     0.0  353.56    0.00    0.00     0.0  353.56    0.00    0.00    1.5     82676.101     13.50   47.10740   39.80800  F2               
0 04.04.2019 22:58:07.193   9.99600000   9995.99997   0.40  -66.3   21.1  28.0  9.60  353.5  2464.1  353.43   61.75   42.05     0.0  353.52    0.00    0.00     0.0  353.52    0.00    0.00    1.4     82687.193     13.50   47.10740   39.80800  F2               
0 04.04.2019 22:58:18.260   9.99600000   9995.99937   0.40  -73.1   16.3  28.0  9.60  352.9  2465.7  352.83   61.72   41.57     0.0  352.86    0.00    0.00     0.0  352.86    0.00    0.00    1.5     82698.260     13.50   47.10740   39.80800  F2               
0 04.04.2019 22:58:28.584   9.99600000   9996.00012   0.40  -65.3   22.2  28.0 10.20  354.2  2414.4  354.14   61.35   42.76     0.0  354.18    0.00    0.00     0.0  354.18    0.00    0.00    1.4     82708.584     13.50   47.10740   39.80800  F2               
0 04.04.2019 22:58:39.894   9.99600000   9996.00012   0.40  -62.8   26.6  28.0  9.60  353.6  2463.7  353.52   61.75   42.12     0.0  353.56    0.00    0.00     0.0  353.56    0.00    0.00    1.5     82719.894     13.50   47.10740   39.80800  F2               
0 04.04.2019 22:58:52.119   9.99600000   9995.99965   0.40  -63.3   26.2  28.0  9.60  353.6  2463.6  353.52   61.75   42.12     0.0  353.56    0.00    0.00     0.0  353.56    0.00    0.00    1.4     82732.119     13.50   47.10740   39.80800  F2               
0 04.04.2019 22:59:03.937   9.99600000   9996.00001   0.40  -62.6   26.9  28.0  9.60  353.5  2463.8  353.42   61.74   42.04     0.0  353.54    0.00    0.00     0.0  353.54    0.00    0.00    1.4     82743.937     13.50   47.10740   39.80800  F2               
0 04.04.2019 22:59:14.995   9.99600000   9995.99997   0.40  -66.3   23.2  28.0  9.00  353.5  2513.7  353.41   62.18   41.86     0.0  353.48    0.00    0.00     0.0  353.48    0.00    0.00    1.5     82754.995     13.50   47.10740   39.80800  F2               
0 04.04.2019 22:59:27.240   9.99600000   9996.00016   0.40  -63.4   26.1  28.0 10.20  353.6  2415.9  353.54   61.33   42.30     0.0  353.55    0.00    0.00     0.0  353.55    0.00    0.00    1.5     82767.240     13.50   47.10740   39.80800  F2               
