0 04.04.2019 11:59:56.901   9.99600000   9995.99986   0.40  -41.0   54.5  28.0 17.40  352.8  1305.3  352.84   51.44   44.95  3180.5  354.16   75.33   28.72     0.0  352.82    0.00    0.00    1.4     43196.901     13.50   47.10740   39.80800  F2               
0 04.04.2019 11:59:56.901   9.99600000   9995.99986   0.40  -41.0   54.5  28.0 22.20  354.2  1061.8  354.27   49.31   45.83  3393.5  355.56   77.36   29.46     0.0  354.23    0.00    0.00    1.4     43196.901     13.50   47.10740   39.80800  F2               
0 04.04.2019 11:59:56.901   9.99600000   9995.99986   0.40  -41.0   54.5  28.0 20.40  353.5  1129.0  353.56   49.89   45.52     0.0  353.54    0.00    0.00     0.0  353.54    0.00    0.00    1.4     43196.901     13.50   47.10740   39.80800  F2               
0 04.04.2019 12:00:07.527   9.99600000   9995.99971   0.24  -51.6   48.0  28.0 20.40  354.9  1129.5  354.97   49.93   45.90     0.0  354.95    0.00    0.00     0.0  354.95    0.00    0.00    1.7     43207.527     13.50   47.10740   39.80800  F2               
0 04.04.2019 12:00:21.578   9.99600000   9995.99981   0.27  -47.4   51.9  28.0 15.60  353.5  1442.9  353.55   52.69   44.89     0.0  353.51    0.00    0.00     0.0  353.51    0.00    0.00    1.5     43221.578     13.50   47.10740   39.80800  F2               
0 04.04.2019 12:00:32.396   9.99600000   9995.99995   0.24  -48.2   49.4  28.0 19.80  350.7  1154.3  350.74   50.04   44.69  3361.3  352.73   76.64   23.81     0.0  350.67    0.00    0.00    1.4     43232.396     13.50   47.10740   39.80800  F2               
0 04.04.2019 12:00:43.119   9.99600000   9995.99937   0.11  -55.7   43.3  28.0 16.20  352.1  1395.2  352.14   52.22   44.50  3326.5  353.74   76.52   26.32     0.0  352.08    0.00    0.00    1.4     43243.119     13.50   47.10740   39.80800  F2               
0 04.04.2019 12:00:53.884   9.99600000   9995.99972   0.24  -52.0   47.6  28.0 13.80  352.8  1618.1  352.88   54.22   44.23     0.0  352.80    0.00    0.00     0.0  352.80    0.00    0.00    1.5     43253.884     13.50   47.10740   39.80800  F2               
0 04.04.2019 12:01:04.671   9.99600000   9995.99984   0.40  -42.8   54.6  28.0 16.20  352.8  1394.6  352.85   52.24   44.75  3339.3  354.34   76.72   27.39     0.0  352.80    0.00    0.00    1.5     43264.671     13.50   47.10740   39.80800  F2               
0 04.04.2019 12:01:15.506   9.99600000   9995.99989   0.24  -43.3   52.3  28.0 19.80  352.1  1154.9  352.16   50.09   45.08  3354.6  353.88   76.78   26.26     0.0  352.13    0.00    0.00    1.4     43275.506     13.50   47.10740   39.80800  F2               
0 04.04.2019 12:01:27.380   9.99600000   9995.99977   0.24  -48.6   49.0  28.0 12.60  352.8  1886.6  352.94   56.61   43.54  1877.5  353.10   63.81   35.28  3021.2  353.63   73.88   29.30    1.4     43287.380     13.50   47.10740   39.80800  F2               
0 04.04.2019 12:01:40.298   9.99600000   9995.99992   0.24  -46.7   52.9  28.0 22.20  352.8  1061.8  352.87   49.28   45.47  3409.1  354.52   77.35   26.97     0.0  352.85    0.00    0.00    1.4     43300.298     13.50   47.10740   39.80800  F2               
0 04.04.2019 12:01:52.161   9.99600000   9995.99983   0.11  -52.5   50.5  28.0 13.80  351.3  1619.8  351.38   54.17   43.59     0.0  351.34    0.00    0.00     0.0  351.34    0.00    0.00    1.6     43312.161     13.50   47.10740   39.80800  F2               
0 04.04.2019 12:02:04.020   9.99600000   9995.99987   0.20  -51.0   45.4  28.0  7.80  351.4  1153.2  351.41   50.05   44.88  2309.7  351.82   67.51   32.22  3517.2  352.52   77.88   20.83    1.9     43324.020     13.50   47.10740   39.80800  E                
0 04.04.2019 12:02:15.981   9.99600000   9995.99983   0.29  -46.2   50.7  28.0 12.60  352.8  1875.8  352.94   56.51   43.57  1877.7  353.12   63.81   35.29     0.0  352.81    0.00    0.00    1.5     43335.981     13.50   47.10740   39.80800  F2               
0 04.04.2019 12:02:30.139   9.99600000   9995.99984   0.29  -46.7   52.2  28.0 13.20  354.2  1696.5  354.31   54.97   44.67  2153.2  354.61   66.33   35.36  3236.8  355.12   75.94   30.00    1.5     43350.139     13.50   47.10740   39.80800  F2               
0 04.04.2019 12:02:40.900   9.99600000   9995.99979   0.33  -44.3   54.0  28.0  9.60  352.8  1039.5  352.82   49.08   45.50  2066.0  353.08   65.47   34.50  3177.5  353.56   75.22   27.67    1.6     43360.900     13.50   47.10740   39.80800  E                
0 04.04.2019 12:02:51.632   9.99600000   9996.09489   0.13  -93.3    6.9  28.0 12.60  353.5  1862.2  353.64   56.42   43.97  1877.4  353.74   63.84   35.69  3012.3  354.22   73.87   30.30    1.4     43371.632     13.50   47.10740   39.80800  F2               
0 04.04.2019 12:02:51.632   9.99600000   9995.99978   0.20  -43.6   54.9  28.0 12.00  353.5  1020.8  353.54   48.93   45.71     0.0  353.50    0.00    0.00     0.0  353.50    0.00    0.00    1.5     43371.632     13.50   47.10740   39.80800  E                
0 04.04.2019 12:03:03.424   9.99600000   9995.99978   0.29  -43.9   53.0  28.0 14.40  354.2  1547.0  354.28   53.64   44.97     0.0  354.20    0.00    0.00     0.0  354.20    0.00    0.00    1.5     43383.424     13.50   47.10740   39.80800  F2               
0 04.04.2019 12:03:14.176   9.99600000   9995.99979   0.40  -42.2   55.3  28.0 11.40  352.8   986.3  352.83   48.61   45.61  1898.0  353.13   63.99   35.21  3545.2  354.25   78.46   24.46    1.4     43394.176     13.50   47.10740   39.80800  E                
0 04.04.2019 12:03:27.189   9.99600000   9995.99979   0.24  -41.6   46.0  28.0 12.00  353.5  1024.4  353.54   48.96   45.71     0.0  353.47    0.00    0.00     0.0  353.47    0.00    0.00    1.4     43407.189     13.50   47.10740   39.80800  E                
0 04.04.2019 12:03:40.176   9.99600000   9995.99979   0.40  -42.2   55.2  28.0  9.60  352.8  1040.2  352.82   49.08   45.50  2065.9  353.12   65.47   34.53  3177.4  353.59   75.22   27.73    1.4     43420.176     13.50   47.10740   39.80800  E                
0 04.04.2019 12:03:50.900   9.99600000   9995.99980   0.40  -42.4   55.0  28.0  9.60  352.8  1040.3  352.82   49.09   45.50  2066.2  353.14   65.48   34.54  3177.8  353.61   75.23   27.76    1.5     43430.900     13.50   47.10740   39.80800  E                
0 04.04.2019 12:04:02.729   9.99600000   9995.99979   0.40  -41.2   57.1  28.0 10.80  352.8   994.0  352.82   48.67   45.60  1942.9  353.12   64.39   35.04  3050.2  353.59   74.13   28.97    1.4     43442.729     13.50   47.10740   39.80800  E                
0 04.04.2019 12:04:13.460   9.99600000   9995.99980   0.27  -46.8   52.4  28.0  9.60  353.6  1041.0  353.62   49.11   45.70  2066.5  353.84   65.52   35.07  3179.2  354.27   75.33   28.93    1.7     43453.460     13.50   47.10740   39.80800  E                
0 04.04.2019 12:04:24.191   9.99600000   9995.99980   0.40  -42.6   54.8  28.0 11.40  353.5   989.5  353.53   48.65   45.77  1898.3  353.77   64.03   35.63  3583.4  354.85   78.89   25.42    1.5     43464.191     13.50   47.10740   39.80800  E                
0 04.04.2019 12:04:34.924   9.99600000   9995.99979   0.33  -40.3   48.0  28.0  9.60  353.5  1041.3  353.52   49.11   45.67  2066.4  353.76   65.52   35.02  3179.0  354.20   75.32   28.81    1.4     43474.924     13.50   47.10740   39.80800  E                
0 04.04.2019 12:04:46.827   9.99600000   9995.99982   0.35  -39.0   55.0  28.0 12.60  353.5  1841.3  353.64   56.24   44.02  1877.4  353.78   63.84   35.71  3011.7  354.25   73.87   30.36    1.4     43486.827     13.50   47.10740   39.80800  F2               
0 04.04.2019 12:04:59.717   9.99600000   9995.99979   0.40  -40.0   57.4  28.0  9.60  352.9  1041.2  352.92   49.10   45.53  2066.1  353.16   65.48   34.56  3177.8  353.64   75.23   27.80    1.4     43499.717     13.50   47.10740   39.80800  E                
0 04.04.2019 12:05:10.332   9.99600000   9995.99980   0.40  -39.2   58.2  28.0 10.80  352.8   995.4  352.82   48.69   45.59  1942.8  353.12   64.39   35.04  3050.2  353.59   74.13   28.96    1.4     43510.332     13.50   47.10740   39.80800  E                
0 04.04.2019 12:05:22.255   9.99600000   9995.99981   0.40  -40.1   57.4  28.0  8.40  353.5  1113.0  353.52   49.75   45.54  2222.8  353.80   66.90   34.41  3398.6  354.31   77.23   26.63    1.4     43522.255     13.50   47.10740   39.80800  E                
0 04.04.2019 12:05:32.988   9.99600000   9995.99978   0.40  -41.9   55.5  28.0 21.00  351.4  1105.8  351.48   49.63   45.02  3557.9  353.70   78.47   22.89     0.0  351.38    0.00    0.00    1.6     43532.988     13.50   47.10740   39.80800  F2               
0 04.04.2019 12:05:32.988   9.99600000   9995.99978   0.40  -41.9   55.5  28.0 16.20  352.1  1392.5  352.18   52.19   44.52  3307.0  353.77   76.36   26.61     0.0  352.11    0.00    0.00    1.6     43532.988     13.50   47.10740   39.80800  F2               
0 04.04.2019 12:05:32.988   9.99600000   9995.99978   0.40  -41.9   55.5  28.0  8.40  353.5  1113.1  353.52   49.75   45.54  2222.1  353.79   66.89   34.40  3395.3  354.30   77.20   26.65    1.5     43532.988     13.50   47.10740   39.80800  E                
0 04.04.2019 12:05:32.988   9.99600000   9995.99978   0.40  -41.9   55.5  28.0 12.00  352.8  1036.8  352.84   49.05   45.51  1867.7  353.11   63.72   35.32  3117.0  353.72   74.72   28.56    1.5     43532.988     13.50   47.10740   39.80800  E                
0 04.04.2019 12:05:46.029   9.99600000   9995.99980   0.40  -43.3   54.1  28.0  6.00  353.5  1315.9  353.51   51.56   45.15  2636.4  353.89   70.55   32.42  3995.3  354.77   82.30   16.28    1.4     43546.029     13.50   47.10740   39.80800  E                
0 04.04.2019 12:05:57.862   9.99600000   9995.99977   0.40  -41.8   53.7  28.0 12.60  352.8  1834.0  352.95   56.14   43.69  1865.9  353.08   63.70   35.30  3019.4  353.62   73.86   29.28    1.6     43557.862     13.50   47.10740   39.80800  F2               
0 04.04.2019 12:06:10.748   9.99600000   9995.99980   0.40  -37.7   57.8  28.0 12.60  352.8  1831.9  352.95   56.12   43.70  1865.8  353.11   63.71   35.32  3019.0  353.64   73.86   29.33    1.4     43570.748     13.50   47.10740   39.80800  F2               
0 04.04.2019 12:06:21.497   9.99600000   9995.99982   0.40  -37.9   59.6  28.0 12.60  353.5  1826.2  353.65   56.10   44.06  1865.9  353.78   63.74   35.75  3009.9  354.26   73.86   30.39    1.5     43581.497     13.50   47.10740   39.80800  F2               
0 04.04.2019 12:06:32.226   9.99600000   9995.99981   0.40  -38.6   58.9  28.0 12.60  353.5  1824.5  353.65   56.09   44.07  1865.9  353.75   63.74   35.73  3010.4  354.23   73.86   30.33    1.4     43592.226     13.50   47.10740   39.80800  F2               
0 04.04.2019 12:06:42.919   9.99600000   9995.99981   0.40  -41.0   56.5  28.0 10.80  352.8   997.4  352.82   48.70   45.59  1940.3  353.10   64.36   35.03  3034.0  353.55   73.98   29.06    1.4     43602.919     13.50   47.10740   39.80800  E                
0 04.04.2019 12:06:53.646   9.99600000   9995.99980   0.40  -40.4   57.0  28.0 12.00  353.5  1051.8  353.54   49.20   45.66  1864.0  353.73   63.72   35.73  3117.7  354.29   74.80   29.54    1.5     43613.646     13.50   47.10740   39.80800  E                
0 04.04.2019 12:07:05.577   9.99600000   9995.99981   0.35  -43.6   54.3  28.0 13.20  353.5  1683.4  353.63   54.83   44.40  2210.6  353.95   66.80   34.59  3322.3  354.57   76.61   28.07    1.4     43625.577     13.50   47.10740   39.80800  F2               
0 04.04.2019 12:07:31.396   9.99600000   9995.99980   0.33  -44.4   53.9  28.0 11.40  353.5   996.3  353.53   48.71   45.76  1894.6  353.75   63.99   35.64  3487.1  354.71   78.05   26.40    1.4     43651.396     13.50   47.10740   39.80800  E                
0 04.04.2019 12:07:43.290   9.99600000   9995.99979   0.40  -41.0   56.5  28.0 13.20  352.8  1682.7  352.93   54.80   44.08     0.0  352.82    0.00    0.00     0.0  352.82    0.00    0.00    1.4     43663.290     13.50   47.10740   39.80800  F2               
0 04.04.2019 12:07:56.313   9.99600000   9995.99938   0.07  -89.6   15.6  28.0  7.80  352.8  1157.2  352.82   50.12   45.26  2309.6  353.19   67.62   33.47  3519.8  353.81   78.17   23.77    1.5     43676.313     13.50   47.10740   39.80800  E                
0 04.04.2019 12:08:10.311   9.99600000   9996.00016   0.07  -86.9   18.3  28.0 12.60  352.9  1813.4  353.05   55.96   43.80  1865.9  353.16   63.71   35.35  3018.2  353.68   73.86   29.40    1.4     43690.311     13.50   47.10740   39.80800  F2               
0 04.04.2019 12:08:24.291   9.99600000   9995.99939   0.07  -88.2   15.0  28.0 13.20  352.8  1680.6  352.93   54.78   44.09  2202.8  353.31   66.69   34.08  3317.7  353.99   76.48   26.94    1.3     43704.291     13.50   47.10740   39.80800  F2               
0 04.04.2019 12:08:36.208   9.99600000   9995.99993   0.07  -92.6   12.7  28.0  9.00  352.9  1076.6  352.92   49.41   45.45  2136.6  353.19   66.10   34.28  3271.7  353.69   76.05   26.87    1.5     43716.208     13.50   47.10740   39.80800  E                
0 04.04.2019 12:08:49.090   9.99600000   9996.00032   0.07  -95.3    7.9  28.0  9.60  353.5  1044.5  353.52   49.14   45.67  2064.1  353.78   65.50   35.04  3173.0  354.21   75.27   28.89    1.8     43729.090     13.50   47.10740   39.80800  E                
0 04.04.2019 12:09:12.895   9.99600000   9995.99992   0.40  -50.6   44.9  28.0 14.40  352.1  1542.2  352.22   53.52   44.15     0.0  352.07    0.00    0.00     0.0  352.07    0.00    0.00    1.5     43752.895     13.50   47.10740   39.80800  F2               
0 04.04.2019 12:09:25.916   9.99600000   9995.99975   0.40  -59.0   36.5  28.0 19.80  346.3  1156.4  346.37   49.87   43.50  3310.8  349.03   75.41   17.77     0.0  346.31    0.00    0.00    1.8     43765.916     13.50   47.10740   39.80800  F2               
0 04.04.2019 12:09:50.991   9.99600000   9995.99976   0.35  -55.6   42.4  28.0 16.80  352.1  1345.2  352.21   51.78   44.65  3192.6  353.59   75.35   27.55     0.0  352.10    0.00    0.00    1.6     43790.991     13.50   47.10740   39.80800  F2               
0 04.04.2019 12:10:01.708   9.99600000   9996.00009   0.27  -68.1   31.1  28.0 15.60  353.5  1437.5  353.62   52.64   44.93     0.0  353.47    0.00    0.00     0.0  353.47    0.00    0.00    1.5     43801.708     13.50   47.10740   39.80800  F2               
0 04.04.2019 12:10:12.481   9.99600000   9995.99861   0.40  -77.9   19.5  28.0 17.40  352.1  1301.5  352.21   51.39   44.76  3136.7  353.52   74.86   28.01     0.0  352.10    0.00    0.00    1.7     43812.481     13.50   47.10740   39.80800  F2               
0 04.04.2019 12:10:23.967   9.99600000   9995.99957   0.40  -58.7   38.8  28.0 16.20  353.5  1390.0  353.62   52.22   45.03  3307.3  354.85   76.52   28.80     0.0  353.48    0.00    0.00    1.6     43823.967     13.50   47.10740   39.80800  F2               
0 04.04.2019 12:10:48.372   9.99600000   9996.00015   0.40  -67.6   29.8  28.0 21.60  354.2  1084.6  354.32   49.51   45.80  3385.8  355.56   77.29   29.53     0.0  354.23    0.00    0.00    1.7     43848.372     13.50   47.10740   39.80800  F2               
0 04.04.2019 12:11:00.178   9.99600000   9996.00003   0.40  -55.6   39.9  28.0 19.20  352.8  1185.5  352.92   50.38   45.23  3180.6  354.16   75.33   28.72     0.0  352.78    0.00    0.00    1.5     43860.178     13.50   47.10740   39.80800  F2               
0 04.04.2019 12:11:21.663   9.99600000   9995.99977   0.07  -99.5    5.7  28.0 15.60  352.1  1437.0  352.23   52.59   44.43     0.0  352.10    0.00    0.00     0.0  352.10    0.00    0.00    1.9     43881.663     13.50   47.10740   39.80800  F2               
0 04.04.2019 12:11:33.502   9.99600000   9995.99995   0.07  -98.4    6.9  28.0 16.80  352.8  1344.7  352.93   51.80   44.89  3200.3  354.18   75.50   28.56     0.0  352.81    0.00    0.00    1.7     43893.502     13.50   47.10740   39.80800  F2               
0 04.04.2019 12:11:44.941   9.99600000   9995.99989   0.40  -56.5   40.9  28.0 13.20  352.8  1670.9  352.95   54.69   44.12  2201.9  353.30   66.68   34.08  3316.7  353.99   76.48   26.93    1.4     43904.941     13.50   47.10740   39.80800  F2               
0 04.04.2019 12:11:55.777   9.99600000   9995.99990   0.40  -56.6   38.8  28.0 11.40  353.5  1007.4  353.53   48.81   45.74  1894.5  353.75   63.99   35.63  3602.4  354.87   79.06   25.18    1.5     43915.777     13.50   47.10740   39.80800  E                
0 04.04.2019 12:12:06.388   9.99600000   9995.99951   0.40  -60.7   36.8  28.0  6.60  352.9  1260.4  352.92   51.05   45.07  2517.7  353.26   69.46   32.41  3821.0  354.06   80.71   18.58    1.7     43926.388     13.50   47.10740   39.80800  E                
0 04.04.2019 12:12:18.311   9.99600000   9996.00007   0.40  -52.7   42.8  28.0 13.20  352.8  1669.4  352.95   54.68   44.13  2213.0  353.34   66.78   34.06  3327.7  354.03   76.58   26.89    1.4     43938.311     13.50   47.10740   39.80800  F2               
0 04.04.2019 12:12:30.234   9.99600000   9995.99943   0.40  -51.9   41.5  28.0 13.20  352.8  1668.9  352.96   54.68   44.13  2203.7  353.32   66.70   34.08  3318.5  354.00   76.49   26.94    1.7     43950.234     13.50   47.10740   39.80800  F2               
0 04.04.2019 12:12:44.960   9.99600000   9995.99996   0.40  -51.8   43.6  28.0 10.20  353.5  1022.4  353.53   48.94   45.71  1997.3  353.74   64.90   35.26  3087.5  354.15   74.52   29.56    1.4     43964.960     13.50   47.10740   39.80800  E                
0 04.04.2019 12:12:56.898   9.99600000   9995.99997   0.24  -55.9   43.7  28.0  6.00  353.5  1319.7  353.52   51.59   45.14  2636.5  353.91   70.55   32.44  3995.6  354.78   82.30   16.33    1.7     43976.898     13.50   47.10740   39.80800  E                
0 04.04.2019 12:13:09.792   9.99600000   9995.99952   0.40  -48.7   44.8  28.0 23.40  349.9  1024.7  350.00   48.87   44.86  3835.7  353.25   80.62   15.70     0.0  349.93    0.00    0.00    1.5     43989.792     13.50   47.10740   39.80800  F2               
0 04.04.2019 12:13:09.792   9.99600000   9995.99952   0.40  -48.7   44.8  28.0 21.00  350.6  1106.9  350.71   49.62   44.81  3556.1  353.08   78.33   21.43     0.0  350.64    0.00    0.00    1.5     43989.792     13.50   47.10740   39.80800  F2               
0 04.04.2019 12:13:09.792   9.99600000   9995.99952   0.40  -48.7   44.8  28.0 18.00  351.4  1256.6  351.53   50.97   44.65  3095.5  352.87   74.42   27.35     0.0  351.39    0.00    0.00    1.5     43989.792     13.50   47.10740   39.80800  F2               
0 04.04.2019 12:13:09.792   9.99600000   9995.99952   0.40  -48.7   44.8  28.0  8.40  353.5  1117.8  353.52   49.79   45.53  2220.9  353.80   66.88   34.41  3393.9  354.31   77.19   26.68    1.4     43989.792     13.50   47.10740   39.80800  E                
0 04.04.2019 12:13:09.792   9.99600000   9995.99952   0.40  -48.7   44.8  28.0 11.40  352.8  1009.7  352.83   48.81   45.57  1894.3  353.12   63.96   35.22  3462.7  354.12   77.74   25.36    1.4     43989.792     13.50   47.10740   39.80800  E                
0 04.04.2019 12:13:20.557   9.99600000   9996.00023   0.07  -87.4   17.8  28.0 12.60  352.8  1776.2  352.97   55.63   43.86  1865.8  353.15   63.71   35.35  3018.4  353.68   73.86   29.39    1.4     44000.557     13.50   47.10740   39.80800  F2               
0 04.04.2019 12:13:32.370   9.99600000   9995.99990   0.40  -47.0   44.5  28.0 11.40  353.5  1011.9  353.53   48.85   45.73  1894.6  353.73   63.99   35.62  3488.4  354.69   78.06   26.35    1.5     44012.370     13.50   47.10740   39.80800  E                
0 04.04.2019 12:13:43.122   9.99600000   9995.99982   0.40  -49.8   47.6  28.0  8.40  353.5  1118.1  353.52   49.80   45.53  2221.1  353.83   66.89   34.44  3394.2  354.33   77.19   26.73    1.5     44023.122     13.50   47.10740   39.80800  E                
0 04.04.2019 12:13:56.209   9.99600000   9995.99984   0.40  -48.1   47.3  28.0 11.40  352.8  1011.9  352.83   48.83   45.56  1894.3  353.10   63.96   35.21  3445.1  354.08   77.59   25.50    1.5     44036.209     13.50   47.10740   39.80800  E                
0 04.04.2019 12:14:08.007   9.99600000   9995.99994   0.40  -44.7   48.7  28.0 13.80  352.8  1595.1  352.96   54.02   44.32     0.0  352.80    0.00    0.00     0.0  352.80    0.00    0.00    1.5     44048.007     13.50   47.10740   39.80800  F2               
0 04.04.2019 12:14:18.735   9.99600000   9995.99960   0.40  -47.4   46.0  28.0 11.40  353.5  1014.1  353.54   48.87   45.73  1894.5  353.75   63.99   35.64  3534.8  354.77   78.47   25.92    1.5     44058.735     13.50   47.10740   39.80800  E                
0 04.04.2019 12:14:29.446   9.99600000   9996.00012   0.38  -51.2   46.5  28.0 10.80  352.8  1008.6  352.83   48.80   45.57  1940.2  353.11   64.36   35.04  3034.0  353.57   73.98   29.08    1.4     44069.446     13.50   47.10740   39.80800  E                
0 04.04.2019 12:14:41.277   9.99600000   9995.99977   0.40  -47.0   46.5  28.0 13.80  352.1  1594.1  352.26   53.98   44.03     0.0  352.11    0.00    0.00     0.0  352.11    0.00    0.00    1.4     44081.277     13.50   47.10740   39.80800  F2               
0 04.04.2019 12:14:41.277   9.99600000   9995.99977   0.40  -47.0   46.5  28.0 12.00  352.8  2112.0  353.02   58.61   42.93  1863.8  353.08   63.69   35.31  3124.6  353.70   74.78   28.46    1.4     44081.277     13.50   47.10740   39.80800  F2               
0 04.04.2019 12:14:52.018   9.99600000   9995.99956   0.40  -47.0   48.4  28.0 14.40  352.8  1536.5  352.97   53.50   44.46     0.0  352.76    0.00    0.00     0.0  352.76    0.00    0.00    1.4     44092.018     13.50   47.10740   39.80800  F2               
0 04.04.2019 12:14:52.018   9.99600000   9995.99956   0.40  -47.0   48.4  28.0 16.80  352.1  1343.7  352.25   51.76   44.67  3192.6  353.60   75.35   27.57     0.0  352.11    0.00    0.00    1.4     44092.018     13.50   47.10740   39.80800  F2               
0 04.04.2019 12:15:02.775   9.99600000   9995.99995   0.40  -44.6   50.8  28.0 18.00  351.4  1255.8  351.54   50.96   44.66  3095.6  352.88   74.42   27.36     0.0  351.39    0.00    0.00    1.4     44102.775     13.50   47.10740   39.80800  F2               
0 04.04.2019 12:15:02.775   9.99600000   9995.99995   0.40  -44.6   50.8  28.0 16.20  352.1  1388.2  352.25   52.16   44.56  3281.0  353.67   76.12   26.72     0.0  352.06    0.00    0.00    1.4     44102.775     13.50   47.10740   39.80800  F2               
0 04.04.2019 12:15:13.519   9.99600000   9996.00058   0.07  -87.9   17.4  28.0 15.00  352.1  1484.0  352.26   53.01   44.32     0.0  352.06    0.00    0.00     0.0  352.06    0.00    0.00    1.5     44113.519     13.50   47.10740   39.80800  F2               
0 04.04.2019 12:15:25.431   9.99600000   9995.99945   0.40  -55.3   40.2  28.0 12.00  352.8  2088.6  353.02   58.40   43.00  1863.9  353.13   63.69   35.34  3124.3  353.75   74.79   28.53    1.7     44125.431     13.50   47.10740   39.80800  F2               
0 04.04.2019 12:15:37.253   9.99600000   9995.99979   0.40  -54.4   43.0  28.0 24.60  352.1   991.0  352.22   48.63   45.46     0.0  352.09    0.00    0.00     0.0  352.09    0.00    0.00    1.8     44137.253     13.50   47.10740   39.80800  F2               
0 04.04.2019 12:15:59.419   9.99600000   9995.99953   0.40  -47.7   47.7  28.0 16.20  352.8  1387.9  352.96   52.18   44.80  3290.8  354.27   76.29   27.80     0.0  352.78    0.00    0.00    1.4     44159.419     13.50   47.10740   39.80800  F2               
0 04.04.2019 12:16:10.135   9.99600000   9995.99989   0.40  -46.5   49.0  28.0 15.00  352.8  1483.8  352.97   53.03   44.59     0.0  352.76    0.00    0.00     0.0  352.76    0.00    0.00    1.5     44170.135     13.50   47.10740   39.80800  F2               
0 04.04.2019 12:16:10.135   9.99600000   9995.99989   0.40  -46.5   49.0  28.0 16.20  352.1  1387.9  352.26   52.16   44.56  3281.2  353.71   76.13   26.79     0.0  352.10    0.00    0.00    1.4     44170.135     13.50   47.10740   39.80800  F2               
0 04.04.2019 12:16:20.886   9.99600000   9995.99967   0.40  -52.5   44.9  28.0 10.80  353.5  1012.6  353.53   48.85   45.73  1940.7  353.75   64.40   35.47  3035.2  354.17   74.07   30.03    1.5     44180.886     13.50   47.10740   39.80800  E                
0 04.04.2019 12:16:32.689   9.99600000   9995.99763   0.40  -56.1   37.4  28.0 20.40  351.4  1131.7  351.53   49.86   44.97  3793.8  354.09   80.50   19.34     0.0  351.36    0.00    0.00    1.4     44192.689     13.50   47.10740   39.80800  F2               
0 04.04.2019 12:16:32.689   9.99600000   9995.99763   0.40  -56.1   37.4  28.0 17.40  352.1  1299.7  352.25   51.37   44.77  3136.6  353.50   74.86   27.99     0.0  352.08    0.00    0.00    1.4     44192.689     13.50   47.10740   39.80800  F2               
0 04.04.2019 12:16:32.689   9.99600000   9995.99763   0.40  -56.1   37.4  28.0 12.60  352.8  1759.6  352.98   55.48   43.91  1865.8  353.14   63.71   35.34  3018.6  353.67   73.86   29.38    1.4     44192.689     13.50   47.10740   39.80800  F2               
0 04.04.2019 12:16:32.689   9.99600000   9995.99763   0.40  -56.1   37.4  28.0  8.40  353.5  1120.2  353.52   49.81   45.53  2221.1  353.82   66.89   34.43  3394.2  354.33   77.19   26.72    1.3     44192.689     13.50   47.10740   39.80800  E                
0 04.04.2019 12:16:43.397   9.99600000   9996.00005   0.40  -49.1   48.3  28.0 15.00  352.8  1483.7  352.97   53.03   44.59     0.0  352.79    0.00    0.00     0.0  352.79    0.00    0.00    1.6     44203.397     13.50   47.10740   39.80800  F2               
0 04.04.2019 12:16:56.029   9.99600000   9996.00008   0.27  -55.0   44.2  28.0 20.40  351.4  1131.8  351.53   49.86   44.97  3789.1  354.10   80.46   19.46     0.0  351.38    0.00    0.00    1.7     44216.029     13.50   47.10740   39.80800  F2               
0 04.04.2019 12:16:56.029   9.99600000   9996.00008   0.27  -55.0   44.2  28.0 10.20  353.5  1027.4  353.53   48.99   45.70  1997.5  353.81   64.91   35.31  3087.9  354.22   74.53   29.67    1.5     44216.029     13.50   47.10740   39.80800  E                
0 04.04.2019 12:17:06.770   9.99600000   9995.99995   0.40  -47.2   46.2  28.0 21.00  351.4  1107.5  351.52   49.65   45.02  3549.5  353.65   78.39   22.91     0.0  351.39    0.00    0.00    1.6     44226.770     13.50   47.10740   39.80800  F2               
0 04.04.2019 12:17:06.770   9.99600000   9995.99995   0.40  -47.2   46.2  28.0  9.60  353.5  1051.8  353.52   49.20   45.65  2064.0  353.78   65.50   35.04  3172.9  354.21   75.27   28.89    1.5     44226.770     13.50   47.10740   39.80800  E                
0 04.04.2019 12:17:06.770   9.99600000   9995.99995   0.40  -47.2   46.2  28.0 18.60  352.1  1217.6  352.24   50.64   44.96  3088.4  353.45   74.44   28.37     0.0  352.07    0.00    0.00    1.5     44226.770     13.50   47.10740   39.80800  F2               
0 04.04.2019 12:17:06.770   9.99600000   9995.99995   0.40  -47.2   46.2  28.0 13.80  352.8  1592.8  352.97   54.00   44.33     0.0  352.81    0.00    0.00     0.0  352.81    0.00    0.00    1.5     44226.770     13.50   47.10740   39.80800  F2               
0 04.04.2019 12:17:30.003   9.99600000   9995.99884   0.40  -50.6   42.8  28.0 18.00  352.1  1254.9  352.24   50.98   44.88     0.0  352.11    0.00    0.00     0.0  352.11    0.00    0.00    1.5     44250.003     13.50   47.10740   39.80800  F2               
0 04.04.2019 12:17:30.003   9.99600000   9995.99884   0.40  -50.6   42.8  28.0 10.80  353.5  1014.7  353.53   48.87   45.72  1940.5  353.75   64.40   35.47  3035.1  354.17   74.07   30.03    1.4     44250.003     13.50   47.10740   39.80800  E                
0 04.04.2019 12:17:30.003   9.99600000   9995.99884   0.40  -50.6   42.8  28.0 14.40  352.8  1535.7  352.97   53.49   44.46     0.0  352.81    0.00    0.00     0.0  352.81    0.00    0.00    1.4     44250.003     13.50   47.10740   39.80800  F2               
0 04.04.2019 12:17:41.799   9.99600000   9995.99992   0.40  -44.9   52.6  28.0 18.60  352.0  1217.6  352.14   50.64   44.93  3087.9  353.42   74.43   28.33     0.0  352.04    0.00    0.00    1.4     44261.799     13.50   47.10740   39.80800  F2               
0 04.04.2019 12:17:52.580   9.99600000   9996.00021   0.07  -87.1   16.1  28.0 16.80  352.8  1343.0  352.96   51.78   44.90  3199.9  354.14   75.49   28.49     0.0  352.76    0.00    0.00    1.7     44272.580     13.50   47.10740   39.80800  F2               
0 04.04.2019 12:18:03.303   9.99600000   9995.99999   0.40  -56.3   41.1  28.0  9.60  353.5  1052.7  353.52   49.21   45.65  2064.2  353.79   65.50   35.04  3173.1  354.22   75.27   28.90    1.5     44283.303     13.50   47.10740   39.80800  E                
0 04.04.2019 12:18:14.036   9.99600000   9996.00008   0.40  -50.1   45.3  28.0 22.20  350.7  1063.9  350.82   49.24   44.95  3390.5  352.80   76.90   23.51     0.0  350.66    0.00    0.00    1.7     44294.036     13.50   47.10740   39.80800  F2               
0 04.04.2019 12:18:24.771   9.99600000   9996.00055   0.40  -58.6   36.8  28.0  9.00  353.5  1084.4  353.52   49.49   45.59  2136.8  353.81   66.14   34.77  3273.3  354.27   76.14   27.99    1.6     44304.771     13.50   47.10740   39.80800  E                
0 04.04.2019 12:18:24.771   9.99600000   9996.00055   0.40  -58.6   36.8  28.0 13.20  352.8  1658.7  352.97   54.59   44.17  2204.4  353.28   66.70   34.05  3318.9  353.97   76.49   26.87    1.6     44304.771     13.50   47.10740   39.80800  F2               
0 04.04.2019 12:18:24.771   9.99600000   9996.00055   0.40  -58.6   36.8  28.0 20.40  350.7  1131.9  350.82   49.84   44.78  3776.5  353.55   80.23   18.11     0.0  350.66    0.00    0.00    1.5     44304.771     13.50   47.10740   39.80800  F2               
0 04.04.2019 12:18:24.771   9.99600000   9996.00055   0.40  -58.6   36.8  28.0 18.60  351.3  1217.6  351.44   50.62   44.73  3086.0  352.84   74.33   27.39     0.0  351.35    0.00    0.00    1.5     44304.771     13.50   47.10740   39.80800  F2               
0 04.04.2019 12:18:46.855   9.99600000   9996.00006   0.40  -52.2   45.2  28.0 15.60  352.8  1434.3  352.97   52.59   44.70     0.0  352.82    0.00    0.00     0.0  352.82    0.00    0.00    1.5     44326.855     13.50   47.10740   39.80800  F2               
0 04.04.2019 12:19:08.996   9.99600000   9995.99970   0.40  -49.9   39.5  28.0 10.80  353.5  1017.9  353.53   48.90   45.72  1940.4  353.76   64.40   35.48  3035.0  354.17   74.07   30.04    1.4     44348.996     13.50   47.10740   39.80800  E                
0 04.04.2019 12:19:08.996   9.99600000   9995.99970   0.40  -49.9   39.5  28.0 18.00  352.1  1254.5  352.25   50.97   44.88     0.0  352.09    0.00    0.00     0.0  352.09    0.00    0.00    1.4     44348.996     13.50   47.10740   39.80800  F2               
0 04.04.2019 12:19:08.996   9.99600000   9995.99970   0.40  -49.9   39.5  28.0 14.40  352.8  1535.3  352.97   53.49   44.47     0.0  352.80    0.00    0.00     0.0  352.80    0.00    0.00    1.4     44348.996     13.50   47.10740   39.80800  F2               
0 04.04.2019 12:19:19.708   9.99600000   9996.00002   0.15  -57.1   44.5  28.0 12.00  352.8  1982.6  353.01   57.46   43.31  1863.8  353.12   63.69   35.34  3123.8  353.74   74.78   28.53    1.5     44359.708     13.50   47.10740   39.80800  F2               
0 04.04.2019 12:19:30.330   9.99600000   9995.99923   0.40  -53.0   42.5  28.0 15.00  352.1  1482.9  352.27   53.00   44.32     0.0  352.09    0.00    0.00     0.0  352.09    0.00    0.00    1.5     44370.330     13.50   47.10740   39.80800  F2               
0 04.04.2019 12:19:43.939   9.99600000   9995.99999   0.40  -55.0   40.5  28.0  7.80  352.8  1164.6  352.82   50.19   45.25  2309.5  353.18   67.62   33.46  3519.6  353.80   78.17   23.75    1.8     44383.939     13.50   47.10740   39.80800  E                
0 04.04.2019 12:19:54.672   9.99600000   9995.99986   0.40  -44.9   44.6  28.0 19.20  351.4  1186.2  351.54   50.34   44.83  3182.0  353.03   75.18   26.68     0.0  351.40    0.00    0.00    1.4     44394.672     13.50   47.10740   39.80800  F2               
0 04.04.2019 12:19:54.672   9.99600000   9995.99986   0.40  -44.9   44.6  28.0 10.20  353.5  1031.4  353.53   49.02   45.69  1997.4  353.77   64.91   35.28  3087.7  354.18   74.53   29.61    1.4     44394.672     13.50   47.10740   39.80800  E                
0 04.04.2019 12:19:54.672   9.99600000   9995.99986   0.40  -44.9   44.6  28.0 16.80  352.1  1342.4  352.25   51.75   44.67  3191.9  353.57   75.34   27.54     0.0  352.09    0.00    0.00    1.4     44394.672     13.50   47.10740   39.80800  F2               
0 04.04.2019 12:19:54.672   9.99600000   9995.99986   0.40  -44.9   44.6  28.0 13.80  352.8  1591.6  352.97   53.99   44.33     0.0  352.79    0.00    0.00     0.0  352.79    0.00    0.00    1.4     44394.672     13.50   47.10740   39.80800  F2               
0 04.04.2019 12:20:06.664   9.99600000   9995.99889   0.40  -51.2   34.3  28.0 15.00  352.1  1482.8  352.27   53.00   44.32     0.0  352.10    0.00    0.00     0.0  352.10    0.00    0.00    1.4     44406.664     13.50   47.10740   39.80800  F2               
0 04.04.2019 12:20:06.664   9.99600000   9995.99889   0.40  -51.2   34.3  28.0  7.20  353.5  1212.8  353.52   50.64   45.35  2409.4  353.85   68.55   33.60  3666.6  354.49   79.53   23.10    1.4     44406.664     13.50   47.10740   39.80800  E                
0 04.04.2019 12:20:06.664   9.99600000   9995.99889   0.40  -51.2   34.3  28.0 11.40  352.8  1035.6  352.84   49.04   45.52  1894.3  353.11   63.96   35.21  3489.0  354.15   77.97   25.06    1.4     44406.664     13.50   47.10740   39.80800  E                
0 04.04.2019 12:20:21.699   9.99600000   9995.99955   0.40  -50.0   45.5  28.0 10.80  352.8  1019.6  352.83   48.90   45.55  1940.3  353.12   64.36   35.04  3034.1  353.57   73.98   29.08    1.4     44421.699     13.50   47.10740   39.80800  E                
0 04.04.2019 12:20:32.462   9.99600000   9995.99927   0.40  -48.7   40.8  28.0 18.60  352.1  1217.5  352.24   50.64   44.96  3087.1  353.49   74.43   28.46     0.0  352.11    0.00    0.00    1.4     44432.462     13.50   47.10740   39.80800  F2               
0 04.04.2019 12:20:32.462   9.99600000   9995.99927   0.40  -48.7   40.8  28.0  9.60  353.5  1055.3  353.52   49.24   45.65  2064.1  353.79   65.50   35.04  3173.2  354.22   75.27   28.90    1.4     44432.462     13.50   47.10740   39.80800  E                
0 04.04.2019 12:20:32.462   9.99600000   9995.99927   0.40  -48.7   40.8  28.0 15.00  352.8  1482.8  352.97   53.02   44.59     0.0  352.80    0.00    0.00     0.0  352.80    0.00    0.00    1.4     44432.462     13.50   47.10740   39.80800  F2               
0 04.04.2019 12:20:43.267   9.99600000   9996.00219   0.40  -51.4   30.0  28.0 13.20  352.8  1656.4  352.98   54.57   44.17  2247.2  353.32   67.08   33.89  3289.4  353.96   76.24   27.19    1.5     44443.267     13.50   47.10740   39.80800  F2               
0 04.04.2019 12:20:43.267   9.99600000   9996.00219   0.40  -51.4   30.0  28.0 17.40  352.1  1297.8  352.25   51.36   44.78     0.0  352.08    0.00    0.00     0.0  352.08    0.00    0.00    1.5     44443.267     13.50   47.10740   39.80800  F2               
0 04.04.2019 12:20:43.267   9.99600000   9996.00219   0.40  -51.4   30.0  28.0  7.20  353.5  1213.2  353.52   50.64   45.35  2408.6  353.86   68.54   33.61  3664.0  354.50   79.51   23.15    1.5     44443.267     13.50   47.10740   39.80800  E                
0 04.04.2019 12:20:43.267   9.99600000   9996.00219   0.40  -51.4   30.0  28.0 20.40  351.4  1132.1  351.53   49.87   44.97  3585.3  353.70   78.70   22.43     0.0  351.37    0.00    0.00    1.4     44443.267     13.50   47.10740   39.80800  F2               
0 04.04.2019 12:20:54.012   9.99600000   9996.00097   0.40  -49.5   42.0  28.0 13.20  352.8  1656.2  352.98   54.56   44.17  2246.2  353.33   67.08   33.90  3288.1  353.96   76.23   27.21    1.4     44454.012     13.50   47.10740   39.80800  F2               
0 04.04.2019 12:21:04.747   9.99600000   9995.99954   0.40  -48.0   43.5  28.0 13.20  352.8  1656.0  352.98   54.56   44.17  2247.5  353.31   67.09   33.87  3289.5  353.94   76.24   27.16    1.4     44464.747     13.50   47.10740   39.80800  F2               
0 04.04.2019 12:21:04.747   9.99600000   9995.99954   0.40  -48.0   43.5  28.0 15.00  352.1  1482.6  352.27   53.00   44.32  2963.3  353.29   73.34   29.28     0.0  352.08    0.00    0.00    1.4     44464.747     13.50   47.10740   39.80800  F2               
0 04.04.2019 12:21:15.601   9.99600000   9996.00009   0.40  -47.9   45.5  28.0  9.00  353.5  1086.8  353.52   49.52   45.59  2136.9  353.80   66.14   34.77  3271.8  354.26   76.13   27.99    1.4     44475.601     13.50   47.10740   39.80800  E                
0 04.04.2019 12:21:15.601   9.99600000   9996.00009   0.40  -47.9   45.5  28.0 12.60  352.8  1743.2  352.98   55.34   43.95  1859.7  353.11   63.65   35.35  2964.8  353.60   73.39   29.74    1.4     44475.601     13.50   47.10740   39.80800  F2               
0 04.04.2019 12:21:27.450   9.99600000   9996.00009   0.40  -53.8   29.7  28.0 17.40  352.1  1297.4  352.25   51.35   44.78     0.0  352.12    0.00    0.00     0.0  352.12    0.00    0.00    1.4     44487.450     13.50   47.10740   39.80800  F2               
0 04.04.2019 12:21:27.450   9.99600000   9996.00009   0.40  -53.8   29.7  28.0  8.40  353.5  1123.9  353.52   49.85   45.52  2220.0  353.79   66.88   34.41  3391.5  354.29   77.16   26.68    1.4     44487.450     13.50   47.10740   39.80800  E                
0 04.04.2019 12:21:27.450   9.99600000   9996.00009   0.40  -53.8   29.7  28.0 13.20  352.8  1655.7  352.98   54.56   44.17  2245.2  353.33   67.07   33.90     0.0  352.81    0.00    0.00    1.4     44487.450     13.50   47.10740   39.80800  F2               
0 04.04.2019 12:21:38.200   9.99600000   9995.99950   0.40  -51.8   35.7  28.0  9.60  352.8  1056.0  352.82   49.23   45.47  2062.3  353.15   65.44   34.57  3167.0  353.62   75.14   27.88    1.4     44498.200     13.50   47.10740   39.80800  E                
0 04.04.2019 12:21:38.200   9.99600000   9995.99950   0.40  -51.8   35.7  28.0 15.60  353.5  1433.5  353.67   52.61   44.96     0.0  353.49    0.00    0.00     0.0  353.49    0.00    0.00    1.4     44498.200     13.50   47.10740   39.80800  F2               
0 04.04.2019 12:21:48.947   9.99600000   9995.99984   0.40  -49.4   42.0  28.0 10.80  352.8  1022.6  352.83   48.93   45.54  1938.7  353.10   64.35   35.03  3025.1  353.54   73.90   29.12    1.4     44508.947     13.50   47.10740   39.80800  E                
0 04.04.2019 12:21:59.676   9.99600000   9996.00044   0.40  -47.4   46.0  28.0 12.00  352.8  1931.3  353.00   57.01   43.45  1860.9  353.10   63.66   35.34  3094.1  353.70   74.52   28.74    1.4     44519.676     13.50   47.10740   39.80800  F2               
0 04.04.2019 12:22:11.099   9.99600000   9995.99966   0.40  -48.2   45.3  28.0 15.00  352.8  1482.4  352.97   53.02   44.59  2962.5  353.94   73.41   30.26     0.0  352.84    0.00    0.00    1.5     44531.099     13.50   47.10740   39.80800  F2               
0 04.04.2019 12:22:21.885   9.99600000   9996.00008   0.40  -52.4   39.1  28.0 10.20  353.5  1034.8  353.53   49.05   45.69  1996.0  353.76   64.89   35.28  3082.7  354.17   74.48   29.64    1.4     44541.885     13.50   47.10740   39.80800  E                
0 04.04.2019 12:22:32.665   9.99600000   9996.00063   0.40  -53.5   39.9  28.0 12.60  353.5  1739.6  353.68   55.33   44.29  1860.3  353.77   63.69   35.77  2967.6  354.22   73.48   30.66    1.4     44552.665     13.50   47.10740   39.80800  F2               
0 04.04.2019 12:22:43.384   9.99600000   9996.00060   0.40  -51.0   42.4  28.0 13.80  353.5  1590.7  353.68   54.01   44.63     0.0  353.49    0.00    0.00     0.0  353.49    0.00    0.00    1.4     44563.384     13.50   47.10740   39.80800  F2               
0 04.04.2019 12:22:43.384   9.99600000   9996.00060   0.40  -51.0   42.4  28.0 10.80  352.8  1024.6  352.83   48.95   45.54  1938.6  353.12   64.35   35.05  3025.1  353.57   73.91   29.16    1.4     44563.384     13.50   47.10740   39.80800  E                
0 04.04.2019 12:22:55.334   9.99600000   9996.00001   0.40  -51.1   44.3  28.0 13.20  352.8  1654.4  352.98   54.55   44.18  2248.3  353.32   67.09   33.88  3290.5  353.96   76.25   27.17    1.4     44575.334     13.50   47.10740   39.80800  F2               
0 04.04.2019 12:23:17.937   9.99600000   9996.00059   0.40  -55.9   41.6  28.0 12.00  352.8  1911.7  353.00   56.83   43.50  1860.8  353.12   63.66   35.35  3093.9  353.71   74.52   28.77    1.4     44597.937     13.50   47.10740   39.80800  F2               
0 04.04.2019 12:23:28.675   9.99600000   9996.00043   0.40  -59.1   36.4  28.0  9.60  352.8  1058.1  352.83   49.24   45.47  2062.2  353.11   65.44   34.54  3166.7  353.57   75.13   27.80    1.4     44608.675     13.50   47.10740   39.80800  E                
0 04.04.2019 12:23:40.542   9.99600000   9996.00008   0.40  -63.2   32.2  28.0 23.40  358.5  1027.4  358.68   49.05   46.96  3402.6  358.81   77.69   36.96     0.0  358.54    0.00    0.00    1.7     44620.542     13.50   47.10740   39.80800  F2               
0 04.04.2019 12:23:40.542   9.99600000   9996.00008   0.40  -63.2   32.2  28.0 14.40  352.8  1534.0  352.98   53.48   44.47     0.0  352.82    0.00    0.00     0.0  352.82    0.00    0.00    1.6     44620.542     13.50   47.10740   39.80800  F2               
0 04.04.2019 12:23:52.066   9.99600000   9996.00013   0.40  -59.4   36.0  28.0 18.60  352.8  1217.2  352.95   50.66   45.17     0.0  352.81    0.00    0.00     0.0  352.81    0.00    0.00    1.5     44632.066     13.50   47.10740   39.80800  F2               
0 04.04.2019 12:24:02.855   9.99600000   9996.00082   0.40  -58.3   39.2  28.0 17.40  353.5  1295.9  353.66   51.38   45.23     0.0  353.51    0.00    0.00     0.0  353.51    0.00    0.00    1.4     44642.855     13.50   47.10740   39.80800  F2               
0 04.04.2019 12:24:14.697   9.99600000   9996.00065   0.40  -57.6   39.8  28.0 13.80  352.1  1589.7  352.28   53.94   44.05     0.0  352.09    0.00    0.00     0.0  352.09    0.00    0.00    1.5     44654.697     13.50   47.10740   39.80800  F2               
0 04.04.2019 12:24:25.530   9.99600000   9996.00004   0.40  -55.5   39.9  28.0 12.60  353.5  1735.0  353.69   55.29   44.30  1860.3  353.76   63.69   35.76  2967.5  354.21   73.48   30.63    1.4     44665.530     13.50   47.10740   39.80800  F2               
0 04.04.2019 12:24:36.277   9.99600000   9996.00059   0.40  -56.5   37.0  28.0  7.80  353.5  1168.5  353.52   50.24   45.44  2309.0  353.82   67.66   34.04  3519.7  354.38   78.27   25.17    1.4     44676.277     13.50   47.10740   39.80800  E                
0 04.04.2019 12:24:47.034   9.99600000   9996.00027   0.40  -53.6   41.8  28.0 12.60  352.8  1734.1  352.98   55.26   43.98  1860.0  353.14   63.66   35.36  2965.3  353.63   73.40   29.77    1.4     44687.034     13.50   47.10740   39.80800  F2               
0 04.04.2019 12:24:58.869   9.99600000   9996.00026   0.40  -51.0   42.4  28.0 12.60  352.8  1733.6  352.98   55.25   43.98  1859.7  353.12   63.65   35.35  2964.9  353.61   73.39   29.75    1.4     44698.869     13.50   47.10740   39.80800  F2               
0 04.04.2019 12:25:09.592   9.99600000   9995.99965   0.40  -52.6   42.9  28.0 13.20  352.9  1652.6  353.08   54.54   44.23  2245.5  353.37   67.07   33.93     0.0  352.85    0.00    0.00    1.4     44709.592     13.50   47.10740   39.80800  F2               
0 04.04.2019 12:25:20.280   9.99600000   9995.99958   0.40  -50.4   45.1  28.0 13.80  352.8  1589.4  352.98   53.97   44.34     0.0  352.81    0.00    0.00     0.0  352.81    0.00    0.00    1.4     44720.280     13.50   47.10740   39.80800  F2               
0 04.04.2019 12:25:31.015   9.99600000   9995.99952   0.40  -53.7    9.8  28.0 13.20  352.8  1652.3  352.98   54.53   44.18  2250.2  353.33   67.11   33.88     0.0  352.81    0.00    0.00    1.5     44731.015     13.50   47.10740   39.80800  F2               
0 04.04.2019 12:25:41.762   9.99600000   9995.99937   0.40  -56.6   40.8  28.0  7.80  352.8  1168.8  352.82   50.23   45.24  2308.4  353.17   67.61   33.45  3516.7  353.78   78.14   23.77    1.4     44741.762     13.50   47.10740   39.80800  E                
0 04.04.2019 12:25:52.518   9.99600000   9996.00109   0.40  -59.6   35.9  28.0  6.60  353.5  1269.3  353.52   51.14   45.24  2517.8  353.86   69.51   33.05  3823.0  354.60   80.86   20.26    1.4     44752.518     13.50   47.10740   39.80800  E                
0 04.04.2019 12:26:04.367   9.99600000   9995.99915   0.40  -54.9   40.5  28.0 13.20  353.5  1652.2  353.68   54.56   44.49  2251.0  353.97   67.16   34.44  3297.7  354.56   76.39   28.30    1.5     44764.367     13.50   47.10740   39.80800  F2               
0 04.04.2019 12:26:15.208   9.99600000   9996.00035   0.40  -52.9   38.5  28.0 13.80  352.8  1589.0  352.98   53.97   44.34     0.0  352.84    0.00    0.00     0.0  352.84    0.00    0.00    1.4     44775.208     13.50   47.10740   39.80800  F2               
0 04.04.2019 12:26:25.936   9.99600000   9995.99888   0.40  -51.3   40.2  28.0 16.80  353.5  1340.5  353.67   51.78   45.15     0.0  353.53    0.00    0.00     0.0  353.53    0.00    0.00    1.7     44785.936     13.50   47.10740   39.80800  F2               
0 04.04.2019 12:26:36.646   9.99600000   9996.00123   0.40  -54.2   39.3  28.0 10.20  352.8  1040.5  352.83   49.09   45.50  1995.6  353.11   64.85   34.82  3081.0  353.56   74.39   28.62    1.4     44796.646     13.50   47.10740   39.80800  E                
0 04.04.2019 12:26:47.369   9.99600000   9996.00060   0.40  -50.3   43.1  28.0 15.00  352.8  1481.1  352.98   53.01   44.60  2962.9  353.91   73.41   30.21     0.0  352.80    0.00    0.00    1.5     44807.369     13.50   47.10740   39.80800  F2               
0 04.04.2019 12:27:08.868   9.99600000   9995.99944   0.40  -49.7   41.8  28.0 12.60  352.8  1729.1  352.99   55.21   43.99  1859.9  353.11   63.65   35.35  2965.4  353.60   73.39   29.73    1.5     44828.868     13.50   47.10740   39.80800  F2               
0 04.04.2019 12:27:19.635   9.99600000   9996.00039   0.40  -55.5   39.9  28.0  7.20  353.5  1217.7  353.52   50.68   45.34  2408.6  353.85   68.54   33.61  3664.0  354.49   79.51   23.14    1.4     44839.635     13.50   47.10740   39.80800  E                
0 04.04.2019 12:27:32.569   9.99600000   9996.00022   0.40  -50.1   41.4  28.0 12.60  353.5  1728.5  353.69   55.24   44.32  1860.5  353.78   63.69   35.77  2967.3  354.23   73.48   30.68    1.3     44852.569     13.50   47.10740   39.80800  F2               
0 04.04.2019 12:27:43.334   9.99600000   9996.00037   0.40  -52.0   43.5  28.0 10.80  352.9  1036.5  352.93   49.05   45.54  1938.7  353.15   64.35   35.07  3025.2  353.60   73.91   29.21    1.4     44863.334     13.50   47.10740   39.80800  E                
0 04.04.2019 12:27:54.069   9.99600000   9995.99958   0.40  -49.4   44.0  28.0 14.40  352.8  1532.8  352.98   53.47   44.48     0.0  352.84    0.00    0.00     0.0  352.84    0.00    0.00    1.5     44874.069     13.50   47.10740   39.80800  F2               
0 04.04.2019 12:28:04.777   9.99600000   9996.00026   0.40  -51.8   43.7  28.0 11.40  352.8  1101.1  352.85   49.63   45.39  1892.2  353.09   63.94   35.21  3103.9  353.66   74.60   28.57    1.4     44884.777     13.50   47.10740   39.80800  E                
0 04.04.2019 12:28:15.625   9.99600000   9995.99971   0.40  -53.0   42.4  28.0 10.80  352.8  1037.7  352.83   49.06   45.51  1938.7  353.11   64.35   35.05  3025.1  353.56   73.91   29.15    1.4     44895.625     13.50   47.10740   39.80800  E                
0 04.04.2019 12:28:28.559   9.99600000   9996.00029   0.40  -52.2   43.3  28.0 11.40  352.8  1107.7  352.85   49.69   45.37  1892.1  353.08   63.94   35.21  3105.9  353.66   74.62   28.55    1.4     44908.559     13.50   47.10740   39.80800  E                
0 04.04.2019 12:28:39.292   9.99600000   9996.00030   0.40  -51.5   44.0  28.0 10.20  352.8  1043.7  352.83   49.12   45.50  1995.6  353.15   64.85   34.84  3081.0  353.59   74.39   28.68    1.4     44919.292     13.50   47.10740   39.80800  E                
0 04.04.2019 12:28:51.074   9.99600000   9995.99992   0.40  -47.6   47.8  28.0 10.80  352.9  1039.5  352.94   49.08   45.53  1938.8  353.15   64.35   35.07  3025.2  353.59   73.91   29.20    1.4     44931.074     13.50   47.10740   39.80800  E                
0 04.04.2019 12:29:02.910   9.99600000   9996.00009   0.40  -51.4   42.1  28.0 12.60  352.8  1725.5  352.99   55.18   44.00  1860.0  353.13   63.65   35.35  2965.2  353.62   73.39   29.75    1.4     44942.910     13.50   47.10740   39.80800  F2               
0 04.04.2019 12:29:14.748   9.99600000   9995.99991   0.40  -51.8   43.6  28.0 12.00  352.9  1851.1  353.10   56.30   43.72  1860.9  353.14   63.66   35.36  3094.2  353.74   74.53   28.80    1.4     44954.748     13.50   47.10740   39.80800  F2               
0 04.04.2019 12:29:25.585   9.99600000   9995.99990   0.40  -53.6   41.8  28.0 10.20  352.8  1045.0  352.83   49.13   45.50  1995.4  353.12   64.85   34.82  3080.8  353.56   74.39   28.64    1.4     44965.585     13.50   47.10740   39.80800  E                
0 04.04.2019 12:29:37.413   9.99600000   9996.00033   0.40  -53.1   40.4  28.0 11.40  352.8  1132.5  352.86   49.91   45.32  1892.2  353.11   63.94   35.22  3103.4  353.68   74.60   28.62    1.4     44977.413     13.50   47.10740   39.80800  E                
0 04.04.2019 12:29:48.140   9.99600000   9996.00032   0.07  -97.6    5.6  28.0 11.40  352.8  1137.3  352.86   49.95   45.31  1892.2  353.10   63.94   35.22  3103.7  353.67   74.60   28.60    1.6     44988.140     13.50   47.10740   39.80800  E                
0 04.04.2019 12:29:58.911   9.99600000   9995.99982   0.27  -49.6   49.6  28.0  9.00  353.5  1095.1  353.52   49.59   45.58  2136.8  353.78   66.14   34.75  3271.7  354.24   76.13   27.95    1.5     44998.911     13.50   47.10740   39.80800  E                
0 04.04.2019 12:29:58.911   9.99600000   9995.99982   0.27  -49.6   49.6  28.0 10.80  352.8  1042.4  352.84   49.10   45.50  1938.7  353.13   64.35   35.05  3025.2  353.57   73.91   29.16    1.5     44998.911     13.50   47.10740   39.80800  E                
0 04.04.2019 12:30:11.824   9.99600000   9995.99980   0.24  -50.5   47.1  28.0  7.80  352.1  1171.7  352.12   50.23   45.03  2307.8  352.50   67.55   32.85  3513.5  353.16   77.99   22.34    1.5     45011.824     13.50   47.10740   39.80800  E                
0 04.04.2019 12:30:22.536   9.99600000   9995.99981   0.24  -50.5   49.1  28.0 13.20  352.8  1648.9  352.99   54.50   44.20  2248.5  353.33   67.10   33.88  3290.7  353.96   76.25   27.18    1.5     45022.536     13.50   47.10740   39.80800  F2               
0 04.04.2019 12:30:33.284   9.99600000   9995.99981   0.20  -51.0   49.5  28.0 10.80  352.8  1044.3  352.84   49.12   45.50  1938.7  353.12   64.35   35.05  3025.1  353.56   73.91   29.15    1.4     45033.284     13.50   47.10740   39.80800  E                
0 04.04.2019 12:30:43.994   9.99600000   9995.99981   0.13  -52.4   49.9  28.0 12.00  353.5  1840.3  353.70   56.23   44.06  1861.2  353.78   63.70   35.77  3096.3  354.32   74.62   29.78    1.5     45043.994     13.50   47.10740   39.80800  F2               
0 04.04.2019 12:30:55.919   9.99600000   9995.99981   0.18  -51.1   49.9  28.0 11.40  352.8  1183.1  352.86   50.36   45.22  1892.3  353.10   63.94   35.22  3102.5  353.67   74.59   28.61    1.4     45055.919     13.50   47.10740   39.80800  E                
0 04.04.2019 12:31:07.651   9.99600000   9995.99978   0.22  -51.7   48.3  28.0 11.40  352.8  1194.5  352.87   50.46   45.20  1892.2  353.09   63.94   35.21  3103.5  353.66   74.60   28.58    1.4     45067.651     13.50   47.10740   39.80800  E                
0 04.04.2019 12:31:18.383   9.99600000   9995.99982   0.27  -48.8   50.4  28.0 13.80  353.5  1587.6  353.69   53.98   44.64     0.0  353.49    0.00    0.00     0.0  353.49    0.00    0.00    1.5     45078.383     13.50   47.10740   39.80800  F2               
0 04.04.2019 12:31:29.131   9.99600000   9995.99983   0.20  -51.5   49.0  28.0 11.40  353.5  1246.7  353.57   50.94   45.30  1892.7  353.78   63.98   35.66  3102.2  354.29   74.67   29.67    1.5     45089.131     13.50   47.10740   39.80800  E                
0 04.04.2019 12:31:39.849   9.99600000   9995.99979   0.13  -53.8   46.4  28.0  8.40  353.5  1132.1  353.52   49.92   45.51  2220.1  353.84   66.88   34.45  3391.8  354.34   77.17   26.78    1.4     45099.849     13.50   47.10740   39.80800  E                
0 04.04.2019 12:31:50.594   9.99600000   9995.99974   0.13  -55.1   47.1  28.0  6.00  352.1  1329.6  352.12   51.63   44.66  2634.6  352.60   70.41   30.93  3981.7  353.60   81.85   12.41    1.4     45110.594     13.50   47.10740   39.80800  E                
0 04.04.2019 12:32:01.370   9.99600000   9995.99978   0.22  -49.9   52.3  28.0 12.60  352.8  1721.1  352.99   55.14   44.01  1859.7  353.10   63.65   35.34  2964.8  353.59   73.39   29.72    1.4     45121.370     13.50   47.10740   39.80800  F2               
0 04.04.2019 12:32:14.279   9.99600000   9995.99978   0.20  -50.8   49.6  28.0 11.40  352.8  1340.0  352.89   51.75   44.89  1892.3  353.10   63.94   35.22  3102.5  353.67   74.59   28.61    1.5     45134.279     13.50   47.10740   39.80800  E                
0 04.04.2019 12:32:26.205   9.99600000   9995.99978   0.24  -48.5   51.1  28.0 11.40  352.8  2288.1  353.06   60.17   42.38  1892.4  353.11   63.94   35.23  3100.1  353.68   74.57   28.65    1.4     45146.205     13.50   47.10740   39.80800  F2               
0 04.04.2019 12:32:36.941   9.99600000   9995.99980   0.24  -48.5   51.1  28.0 12.00  352.8  1830.4  353.00   56.11   43.73  1860.9  353.12   63.66   35.35  3093.5  353.71   74.52   28.76    1.4     45156.941     13.50   47.10740   39.80800  F2               
0 04.04.2019 12:32:48.717   9.99600000   9995.99981   0.24  -48.0   51.6  28.0 10.20  353.5  1051.8  353.53   49.20   45.66  1995.8  353.79   64.89   35.30  3082.5  354.20   74.48   29.68    1.3     45168.717     13.50   47.10740   39.80800  E                
0 04.04.2019 12:32:59.424   9.99600000   9995.99980   0.24  -47.1   50.4  28.0 12.00  352.8  1828.4  353.00   56.09   43.73  1860.9  353.12   63.66   35.35  3093.7  353.71   74.52   28.76    1.5     45179.424     13.50   47.10740   39.80800  F2               
0 04.04.2019 12:33:10.155   9.99600000   9995.99982   0.29  -45.0   53.9  28.0 11.40  353.5  2204.1  353.75   59.46   43.11  1892.6  353.76   63.98   35.65  3103.6  354.28   74.68   29.65    1.4     45190.155     13.50   47.10740   39.80800  F2               
0 04.04.2019 12:33:20.963   9.99600000   9995.99980   0.33  -43.9   54.3  28.0 10.80  352.8  1054.0  352.84   49.21   45.48  1938.7  353.09   64.35   35.03  3025.0  353.54   73.90   29.12    1.4     45200.963     13.50   47.10740   39.80800  E                
0 04.04.2019 12:33:33.881   9.99600000   9995.99980   0.40  -43.8   53.6  28.0 10.20  353.5  1053.2  353.53   49.22   45.65  1995.9  353.77   64.89   35.28  3082.6  354.18   74.48   29.64    1.4     45213.881     13.50   47.10740   39.80800  E                
0 04.04.2019 12:33:45.839   9.99600000   9995.99982   0.33  -43.3   52.9  28.0 12.00  353.5  1824.1  353.70   56.09   44.09  1861.2  353.74   63.70   35.74  3096.7  354.29   74.62   29.71    1.4     45225.839     13.50   47.10740   39.80800  F2               
0 04.04.2019 12:33:57.520   9.99600000   9995.99980   0.33  -43.7   52.5  28.0 13.20  352.1  1647.1  352.28   54.45   43.89  2249.6  352.68   67.06   33.31  3287.0  353.36   76.12   26.04    1.3     45237.520     13.50   47.10740   39.80800  F2               
0 04.04.2019 12:34:08.281   9.99600000   9995.99979   0.27  -43.5   45.7  28.0 12.00  353.5  1822.4  353.70   56.07   44.10  1861.3  353.76   63.70   35.75  3097.2  354.31   74.62   29.74    1.4     45248.281     13.50   47.10740   39.80800  F2               
0 04.04.2019 12:34:19.031   9.99600000   9995.99980   0.31  -45.8   52.7  28.0  8.40  352.8  1133.5  352.82   49.91   45.31  2219.5  353.18   66.83   33.89  3389.2  353.73   77.05   25.48    1.4     45259.031     13.50   47.10740   39.80800  E                
0 04.04.2019 12:34:29.765   9.99600000   9995.99980   0.27  -45.9   53.3  28.0  5.40  352.8  1394.3  352.82   52.23   44.74  2764.5  353.28   71.61   30.84     0.0  352.80    0.00    0.00    1.4     45269.765     13.50   47.10740   39.80800  E                
0 04.04.2019 12:34:40.542   9.99600000   9995.99982   0.40  -44.1   54.1  28.0 12.60  352.8  1718.0  352.99   55.11   44.02  1859.7  353.13   63.65   35.36  2965.0  353.62   73.39   29.76    1.4     45280.542     13.50   47.10740   39.80800  F2               
0 04.04.2019 12:34:40.542   9.99600000   9995.99982   0.40  -44.1   54.1  28.0 10.80  353.5  1060.8  353.54   49.28   45.64  1938.9  353.76   64.39   35.49  3026.6  354.17   73.99   30.11    1.4     45280.542     13.50   47.10740   39.80800  E                
0 04.04.2019 12:34:52.411   9.99600000   9995.99978   0.29  -46.7   52.2  28.0 11.40  352.8  2156.3  353.04   59.00   42.80  1892.2  353.10   63.94   35.22  3103.4  353.67   74.60   28.60    1.4     45292.411     13.50   47.10740   39.80800  F2               
0 04.04.2019 12:35:03.168   9.99600000   9995.99977   0.22  -50.2   49.8  28.0  7.80  353.5  1175.5  353.52   50.31   45.42  2309.1  353.84   67.67   34.06  3519.8  354.40   78.28   25.21    1.4     45303.168     13.50   47.10740   39.80800  E                
0 04.04.2019 12:35:15.035   9.99600000   9995.99980   0.27  -50.2   49.0  28.0 10.20  353.5  1056.6  353.53   49.25   45.65  1996.0  353.79   64.89   35.30  3082.7  354.20   74.48   29.68    1.4     45315.035     13.50   47.10740   39.80800  E                
0 04.04.2019 12:35:29.040   9.99600000   9995.99991   0.24  -49.1   50.5  28.0 15.60  352.8  1428.2  352.97   52.54   44.72     0.0  352.81    0.00    0.00     0.0  352.81    0.00    0.00    1.5     45329.040     13.50   47.10740   39.80800  F2               
0 04.04.2019 12:35:43.068   9.99600000   9995.99990   0.24  -50.5   49.1  28.0 18.60  352.8  1216.2  352.96   50.65   45.18     0.0  352.83    0.00    0.00     0.0  352.83    0.00    0.00    1.4     45343.068     13.50   47.10740   39.80800  F2               
0 04.04.2019 12:35:56.059   9.99600000   9995.99986   0.13  -53.3   48.9  28.0 15.00  352.8  1478.0  352.97   52.98   44.60  2930.8  353.91   73.13   30.46  3848.5  354.75   81.10   20.19    1.5     45356.059     13.50   47.10740   39.80800  F2               
0 04.04.2019 12:36:06.811   9.99600000   9995.99984   0.20  -52.3   48.1  28.0 15.00  352.1  1478.0  352.27   52.95   44.34  2929.4  353.26   73.04   29.52  3843.1  354.17   80.92   18.40    1.5     45366.811     13.50   47.10740   39.80800  F2               
0 04.04.2019 12:36:18.670   9.99600000   9995.99977   0.18  -53.9   45.1  28.0  9.00  353.5  1101.1  353.52   49.64   45.56  2136.8  353.81   66.14   34.77  3270.7  354.27   76.12   28.01    1.5     45378.670     13.50   47.10740   39.80800  E                
0 04.04.2019 12:36:30.536   9.99600000   9995.99982   0.24  -48.4   51.2  28.0 12.60  352.8  1716.0  352.99   55.10   44.03  1858.5  353.12   63.64   35.36  2965.8  353.62   73.40   29.75    1.5     45390.536     13.50   47.10740   39.80800  F2               
0 04.04.2019 12:36:42.337   9.99600000   9995.99984   0.22  -49.8   48.2  28.0 15.60  352.1  1427.7  352.27   52.51   44.46     0.0  352.09    0.00    0.00     0.0  352.09    0.00    0.00    1.4     45402.337     13.50   47.10740   39.80800  F2               
0 04.04.2019 12:36:54.197   9.99600000   9995.99982   0.22  -51.2   48.8  28.0 16.20  352.8  1380.9  352.97   52.12   44.82     0.0  352.77    0.00    0.00     0.0  352.77    0.00    0.00    1.5     45414.197     13.50   47.10740   39.80800  F2               
0 04.04.2019 12:37:08.346   9.99600000   9995.99979   0.11  -60.3   42.7  28.0 20.40  351.3  1133.1  351.44   49.87   44.94  3495.4  353.52   77.91   23.49     0.0  351.33    0.00    0.00    1.8     45428.346     13.50   47.10740   39.80800  F2               
0 04.04.2019 12:37:21.296   9.99600000   9995.99978   0.20  -51.1   49.4  28.0  7.80  352.8  1176.3  352.82   50.30   45.22  2308.1  353.18   67.61   33.46  3515.3  353.79   78.13   23.80    1.5     45441.296     13.50   47.10740   39.80800  E                
0 04.04.2019 12:37:33.203   9.99600000   9995.99980   0.27  -48.4   48.8  28.0 10.20  352.8  1060.5  352.83   49.27   45.46  1995.3  353.15   64.85   34.85  3078.7  353.59   74.37   28.71    1.5     45453.203     13.50   47.10740   39.80800  E                
0 04.04.2019 12:37:45.036   9.99600000   9995.99980   0.29  -44.9   54.0  28.0 10.80  353.5  1076.1  353.54   49.42   45.61  1938.7  353.76   64.38   35.49  3022.7  354.17   73.96   30.14    1.4     45465.036     13.50   47.10740   39.80800  E                
0 04.04.2019 12:37:55.891   9.99600000   9995.99822   0.07  -98.2    7.0  28.0 11.40  353.5  2043.9  353.72   58.04   43.55  1892.2  353.77   63.97   35.66  3065.2  354.26   74.34   29.93    2.0     45475.891     13.50   47.10740   39.80800  F2               
0 04.04.2019 12:38:08.815   9.99600000   9996.00006   0.07  -93.7   11.6  28.0 13.80  352.9  1585.2  353.08   53.94   44.39     0.0  352.85    0.00    0.00     0.0  352.85    0.00    0.00    1.4     45488.815     13.50   47.10740   39.80800  F2               
0 04.04.2019 12:38:19.572   9.99600000   9995.99936   0.07  -98.8    6.5  28.0 12.00  352.8  1807.4  352.99   55.91   43.79  1860.2  353.13   63.66   35.36  3100.4  353.74   74.58   28.74    1.7     45499.572     13.50   47.10740   39.80800  F2               
0 04.04.2019 12:38:30.159   9.99600000   9995.99873   0.07  -97.0    8.2  28.0 13.80  353.5  1585.1  353.68   53.96   44.64     0.0  353.47    0.00    0.00     0.0  353.47    0.00    0.00    1.7     45510.159     13.50   47.10740   39.80800  F2               
0 04.04.2019 12:38:43.072   9.99600000   9996.00136   0.07  -93.6    9.6  28.0 11.40  352.8  2032.0  353.02   57.90   43.17  1891.8  353.13   63.94   35.24  3060.6  353.66   74.23   28.99    1.5     45523.072     13.50   47.10740   39.80800  F2               
0 04.04.2019 12:38:54.893   9.99600000   9995.99985   0.40  -47.0   48.5  28.0 11.40  352.8  2027.1  353.02   57.85   43.18  1891.8  353.14   63.94   35.24  3060.6  353.66   74.23   28.99    1.4     45534.893     13.50   47.10740   39.80800  F2               
0 04.04.2019 12:39:05.717   9.99600000   9995.99994   0.40  -47.6   47.8  28.0 10.20  352.8  1064.0  352.83   49.30   45.46  1995.4  353.12   64.85   34.83  3078.8  353.57   74.37   28.66    1.4     45545.717     13.50   47.10740   39.80800  E                
0 04.04.2019 12:39:17.527   9.99600000   9995.99985   0.40  -56.7   38.8  28.0  9.00  352.8  1103.7  352.82   49.65   45.37  2136.5  353.11   66.09   34.22  3268.9  353.61   76.01   26.75    1.7     45557.527     13.50   47.10740   39.80800  E                
0 04.04.2019 12:39:28.252   9.99600000   9995.99984   0.40  -49.3   44.1  28.0 13.20  352.8  1644.8  352.98   54.46   44.20  2263.3  353.31   67.22   33.80  3308.0  353.96   76.40   26.97    1.5     45568.252     13.50   47.10740   39.80800  F2               
0 04.04.2019 12:39:41.189   9.99600000   9995.99974   0.40  -58.2   37.3  28.0  9.60  352.8  1078.7  352.83   49.43   45.43  2062.2  353.15   65.44   34.57  3165.1  353.62   75.12   27.90    1.4     45581.189     13.50   47.10740   39.80800  E                
0 04.04.2019 12:39:51.927   9.99600000   9996.00007   0.40  -63.6   31.9  28.0  5.40  353.5  1395.4  353.52   52.27   44.98  2765.4  353.96   71.69   31.70     0.0  353.52    0.00    0.00    1.5     45591.927     13.50   47.10740   39.80800  E                
0 04.04.2019 12:40:15.311   9.99600000   9995.99961   0.40  -62.1   35.4  28.0 14.40  354.2  1528.9  354.38   53.48   45.04     0.0  354.19    0.00    0.00     0.0  354.19    0.00    0.00    1.4     45615.311     13.50   47.10740   39.80800  F2               
0 04.04.2019 12:40:28.335   9.99600000   9996.00006   0.40  -53.7   37.8  28.0 12.60  353.4  1712.4  353.59   55.09   44.31  1858.9  353.73   63.68   35.74  2968.0  354.18   73.48   30.59    1.4     45628.335     13.50   47.10740   39.80800  F2               
0 04.04.2019 12:40:41.988   9.99600000   9995.99975   0.40  -57.4   34.0  28.0  6.60  352.8  1275.4  352.82   51.18   45.01  2516.3  353.25   69.44   32.41  3816.2  354.05   80.67   18.66    1.5     45641.988     13.50   47.10740   39.80800  E                
0 04.04.2019 12:40:52.686   9.99600000   9995.99998   0.11  -63.9   39.1  28.0  9.60  353.5  1081.2  353.53   49.47   45.60  2062.5  353.78   65.48   35.04  3167.1  354.21   75.22   28.94    1.7     45652.686     13.50   47.10740   39.80800  E                
0 04.04.2019 12:41:08.853   9.99600000   9995.99943   0.40  -65.8   29.7  28.0  9.60  352.1  1080.2  352.13   49.42   45.24  2061.3  352.43   65.39   34.03  3162.2  352.93   74.99   26.72    1.6     45668.853     13.50   47.10740   39.80800  E                
0 04.04.2019 12:41:20.380   9.99600000   9996.00006   0.11  -63.3   37.7  28.0  9.00  352.8  1106.0  352.83   49.67   45.37  2136.5  353.16   66.10   34.26  3269.2  353.66   76.02   26.85    1.7     45680.380     13.50   47.10740   39.80800  E                
0 04.04.2019 12:41:31.089   9.99600000   9995.99983   0.40  -58.5   36.9  28.0 13.80  353.5  1583.9  353.68   53.95   44.64     0.0  353.48    0.00    0.00     0.0  353.48    0.00    0.00    1.5     45691.089     13.50   47.10740   39.80800  F2               
0 04.04.2019 12:41:41.799   9.99600000   9995.99995   0.40  -59.8   35.7  28.0 12.00  352.8  1798.1  352.99   55.82   43.81  1860.1  353.10   63.65   35.34  3100.4  353.70   74.57   28.69    1.5     45701.799     13.50   47.10740   39.80800  F2               
0 04.04.2019 12:41:53.089   9.99600000   9995.99987   0.40  -62.5   35.0  28.0 14.40  352.1  1528.0  352.27   53.40   44.21     0.0  352.11    0.00    0.00     0.0  352.11    0.00    0.00    1.7     45713.089     13.50   47.10740   39.80800  F2               
0 04.04.2019 12:42:15.720   9.99600000   9995.99971   0.40  -58.0   37.5  28.0 13.20  352.8  1643.6  352.98   54.45   44.21  2269.5  353.36   67.28   33.82  3315.3  354.01   76.47   27.00    1.5     45735.720     13.50   47.10740   39.80800  F2               
0 04.04.2019 12:42:27.552   9.99600000   9996.00100   0.07  -97.5    7.8  28.0 13.20  352.8  1643.5  352.98   54.45   44.21  2267.6  353.38   67.27   33.84  3313.5  354.02   76.45   27.04    1.6     45747.552     13.50   47.10740   39.80800  F2               
0 04.04.2019 12:42:40.437   9.99600000   9996.00027   0.40  -68.9   26.5  28.0  9.60  353.5  1084.1  353.53   49.49   45.60  2062.4  353.82   65.48   35.07  3167.0  354.24   75.22   29.00    1.5     45760.437     13.50   47.10740   39.80800  E                
0 04.04.2019 12:42:51.957   9.99600000   9996.00003   0.24  -57.7   35.9  28.0 12.60  352.8  1710.4  352.99   55.05   44.04  1858.5  353.12   63.64   35.36  2965.7  353.61   73.40   29.74    1.5     45771.957     13.50   47.10740   39.80800  F2               
0 04.04.2019 12:43:02.668   9.99600000   9996.00018   0.40  -60.4   35.0  28.0 10.20  352.7  1073.6  352.73   49.38   45.41  1995.3  353.05   64.85   34.77  3078.5  353.49   74.36   28.55    1.4     45782.668     13.50   47.10740   39.80800  E                
0 04.04.2019 12:43:13.380   9.99600000   9995.99999   0.40  -57.2   36.2  28.0 11.40  352.8  1952.8  353.01   57.20   43.39  1891.6  353.10   63.93   35.22  3061.8  353.63   74.23   28.92    1.4     45793.380     13.50   47.10740   39.80800  F2               
0 04.04.2019 12:43:27.433   9.99600000   9995.99930   0.40  -57.1   38.3  28.0 10.80  352.8  1125.1  352.85   49.84   45.34  1938.2  353.11   64.34   35.05  3020.9  353.56   73.87   29.18    1.4     45807.433     13.50   47.10740   39.80800  E                
0 04.04.2019 12:43:38.880   9.99600000   9995.99996   0.40  -51.9   41.6  28.0 10.80  353.5  1134.0  353.55   49.94   45.51  1938.7  353.73   64.38   35.47  3022.6  354.14   73.95   30.09    1.4     45818.880     13.50   47.10740   39.80800  E                
0 04.04.2019 12:43:49.701   9.99600000   9995.99975   0.40  -58.8   34.7  28.0 10.80  352.9  1132.1  352.95   49.91   45.35  1938.2  353.15   64.35   35.07  3021.0  353.59   73.87   29.23    1.5     45829.701     13.50   47.10740   39.80800  E                
0 04.04.2019 12:44:00.416   9.99600000   9995.99988   0.40  -58.2   39.3  28.0 10.20  352.8  1076.4  352.83   49.41   45.43  1995.4  353.14   64.85   34.84  3078.7  353.58   74.37   28.69    1.4     45840.416     13.50   47.10740   39.80800  E                
0 04.04.2019 12:44:21.929   9.99600000   9996.00017   0.40  -65.0   28.5  28.0 15.60  352.8  1423.6  352.96   52.50   44.72     0.0  352.81    0.00    0.00     0.0  352.81    0.00    0.00    1.5     45861.929     13.50   47.10740   39.80800  F2               
0 04.04.2019 12:44:32.643   9.99600000   9996.00141   0.40  -89.1    8.4  28.0 12.60  352.8  1709.1  352.98   55.03   44.04  1858.4  353.07   63.64   35.33  2965.5  353.57   73.39   29.68    1.4     45872.643     13.50   47.10740   39.80800  F2               
0 04.04.2019 12:44:44.186   9.99600000   9995.99975   0.40  -65.3   32.1  28.0 10.20  352.8  1078.6  352.83   49.43   45.43  1995.2  353.11   64.85   34.82  3078.5  353.56   74.37   28.66    1.5     45884.186     13.50   47.10740   39.80800  E                
0 04.04.2019 12:44:54.927   9.99600000   9995.99996   0.40  -52.6   42.9  28.0 11.40  352.9  1933.9  353.11   57.03   43.50  1891.6  353.15   63.94   35.25  3062.3  353.68   74.24   29.00    1.4     45894.927     13.50   47.10740   39.80800  F2               
0 04.04.2019 12:45:05.675   9.99600000   9996.00005   0.18  -63.2   37.8  28.0 10.80  352.8  1160.5  352.85   50.16   45.26  1938.2  353.14   64.35   35.07  3020.7  353.58   73.87   29.22    1.4     45905.675     13.50   47.10740   39.80800  E                
0 04.04.2019 12:45:17.524   9.99600000   9995.99853   0.07  -99.3    5.9  28.0 11.40  352.8  1930.7  353.01   57.00   43.46  1891.6  353.05   63.93   35.19  3060.7  353.58   74.22   28.86    1.7     45917.524     13.50   47.10740   39.80800  F2               
0 04.04.2019 12:45:28.283   9.99600000   9995.99998   0.40  -57.4   38.1  28.0 11.40  353.5  1926.2  353.71   56.99   43.85  1892.1  353.76   63.97   35.65  3066.5  354.24   74.35   29.89    1.4     45928.283     13.50   47.10740   39.80800  F2               
0 04.04.2019 12:45:39.018   9.99600000   9995.99993   0.40  -56.6   38.9  28.0 10.80  352.8  1179.3  352.86   50.32   45.23  1938.2  353.11   64.34   35.05  3020.8  353.55   73.87   29.18    1.5     45939.018     13.50   47.10740   39.80800  E                
0 04.04.2019 12:46:03.693   9.99600000   9995.99986   0.40  -58.2   39.2  28.0 12.00  352.8  1788.9  352.99   55.74   43.84  1860.2  353.12   63.66   35.35  3100.5  353.72   74.58   28.72    1.5     45963.693     13.50   47.10740   39.80800  F2               
0 04.04.2019 12:46:15.644   9.99600000   9995.99745   0.40  -78.2   19.3  28.0 11.40  353.5  1919.7  353.71   56.94   43.86  1892.2  353.75   63.97   35.65  3065.0  354.24   74.33   29.90    1.4     45975.644     13.50   47.10740   39.80800  F2               
0 04.04.2019 12:46:26.375   9.99600000   9995.83690   0.09  -95.3    6.7  28.0 13.20  352.9  1641.6  353.08   54.44   44.25  2270.0  353.39   67.29   33.84  3316.0  354.04   76.48   27.04    1.5     45986.375     13.50   47.10740   39.80800  F2               
0 04.04.2019 12:46:26.375   9.99600000   9995.99999   0.31  -56.6   39.9  28.0 10.80  353.5  1235.0  353.57   50.84   45.32  1938.7  353.76   64.38   35.48  3022.7  354.16   73.96   30.13    1.5     45986.375     13.50   47.10740   39.80800  E                
0 04.04.2019 12:46:39.319   9.99600000   9996.00000   0.40  -52.6   44.8  28.0 10.80  353.5  1250.5  353.57   50.98   45.29  1938.6  353.81   64.39   35.52  3022.9  354.21   73.96   30.21    1.4     45999.319     13.50   47.10740   39.80800  E                
0 04.04.2019 12:46:51.180   9.99600000   9995.99981   0.31  -45.4   53.1  28.0 12.00  353.5  1787.1  353.69   55.76   44.18  1860.7  353.76   63.69   35.76  3102.4  354.31   74.67   29.70    1.4     46011.180     13.50   47.10740   39.80800  F2               
0 04.04.2019 12:47:03.006   9.99600000   9995.99998   0.40  -53.3   44.1  28.0 11.40  352.8  1915.9  353.01   56.87   43.50  1891.8  353.13   63.94   35.24  3060.2  353.65   74.22   28.97    1.4     46023.006     13.50   47.10740   39.80800  F2               
0 04.04.2019 12:47:14.907   9.99600000   9995.99996   0.29  -56.0   42.9  28.0 11.40  353.5  1912.1  353.71   56.87   43.88  1892.3  353.73   63.97   35.63  3064.3  354.22   74.33   29.87    1.4     46034.907     13.50   47.10740   39.80800  F2               
0 04.04.2019 12:47:25.802   9.99600000   9995.99959   0.40  -58.3   37.1  28.0 10.80  353.5  1335.2  353.59   51.73   45.13  1938.9  353.74   64.38   35.47  3022.8  354.15   73.96   30.10    1.4     46045.802     13.50   47.10740   39.80800  E                
0 04.04.2019 12:47:38.690   9.99600000   9995.99988   0.40  -56.6   40.9  28.0 12.00  353.5  1785.7  353.69   55.74   44.18  1860.7  353.72   63.69   35.73  3102.6  354.28   74.67   29.65    1.4     46058.690     13.50   47.10740   39.80800  F2               
0 04.04.2019 12:47:49.411   9.99600000   9996.00003   0.33  -54.2   44.1  28.0 11.40  352.9  1910.0  353.10   56.82   43.57  1891.7  353.15   63.94   35.25  3061.2  353.67   74.23   29.00    1.4     46069.411     13.50   47.10740   39.80800  F2               
0 04.04.2019 12:48:00.178   9.99600000   9995.99984   0.40  -49.8   45.6  28.0 10.80  352.8  1395.7  352.90   52.25   44.76  1938.3  353.14   64.35   35.06  3021.0  353.58   73.87   29.21    1.4     46080.178     13.50   47.10740   39.80800  E                
0 04.04.2019 12:48:10.984   9.99600000   9995.99972   0.40  -55.2   40.3  28.0 11.40  353.5  1905.7  353.70   56.81   43.90  1892.2  353.75   63.97   35.64  3065.3  354.24   74.34   29.89    1.4     46090.984     13.50   47.10740   39.80800  F2               
0 04.04.2019 12:48:21.708   9.99600000   9995.99980   0.40  -54.1   41.3  28.0 11.40  353.5  1904.6  353.70   56.80   43.90  1892.3  353.72   63.97   35.62  3063.9  354.20   74.32   29.85    1.4     46101.708     13.50   47.10740   39.80800  F2               
0 04.04.2019 12:48:32.435   9.99600000   9995.99890   0.40  -62.5   33.0  28.0 11.40  352.9  1905.2  353.10   56.78   43.58  1891.7  353.15   63.94   35.25  3061.9  353.68   74.24   29.00    1.4     46112.435     13.50   47.10740   39.80800  F2               
0 04.04.2019 12:48:45.451   9.99600000   9995.99943   0.07  -93.1   12.1  28.0 10.80  353.5  2322.9  353.77   60.52   42.77  1938.6  353.74   64.38   35.47  3022.7  354.15   73.96   30.11    1.6     46125.451     13.50   47.10740   39.80800  F2               
0 04.04.2019 12:48:56.201   9.99600000   9995.99989   0.40  -55.9   39.5  28.0 10.80  353.5  2324.2  353.77   60.53   42.77  1938.8  353.80   64.39   35.51  3022.9  354.20   73.96   30.19    1.5     46136.201     13.50   47.10740   39.80800  F2               
0 04.04.2019 12:49:08.118   9.99600000   9995.99984   0.40  -62.1   27.4  28.0 11.40  353.5  1899.9  353.70   56.76   43.91  1892.3  353.77   63.97   35.66  3064.9  354.26   74.34   29.94    1.5     46148.118     13.50   47.10740   39.80800  F2               
0 04.04.2019 12:49:31.799   9.99600000   9995.99952   0.40  -59.7   37.8  28.0 12.00  352.8  1783.1  352.99   55.69   43.85  1860.1  353.07   63.65   35.32  3100.4  353.68   74.57   28.65    1.6     46171.799     13.50   47.10740   39.80800  F2               
0 04.04.2019 12:49:43.263   9.99600000   9995.99958   0.40  -63.5   34.0  28.0 11.40  353.5  1896.6  353.70   56.73   43.92  1892.0  353.76   63.97   35.65  3067.4  354.25   74.36   29.90    1.5     46183.263     13.50   47.10740   39.80800  F2               
0 04.04.2019 12:49:54.021   9.99600000   9996.00006   0.40  -68.1   27.4  28.0  6.60  351.4  1278.0  351.42   51.15   44.56  2514.1  351.87   69.29   30.96  3804.6  352.76   80.24   15.11    1.7     46194.021     13.50   47.10740   39.80800  E                
0 04.04.2019 12:50:04.737   9.99600000   9996.00048   0.40  -56.8   38.6  28.0 10.80  354.2  2325.9  354.47   60.59   43.26  1939.2  354.48   64.42   35.98  3025.0  354.85   74.05   31.21    1.5     46204.737     13.50   47.10740   39.80800  F2               
0 04.04.2019 12:50:16.715   9.99600000   9996.00004   0.40  -60.9   32.5  28.0 10.20  353.5  1099.8  353.54   49.63   45.57  1995.7  353.75   64.89   35.27  3080.5  354.16   74.46   29.64    1.5     46216.715     13.50   47.10740   39.80800  E                
0 04.04.2019 12:50:27.440   9.99600000   9995.99998   0.40  -68.7   22.7  28.0 10.80  352.1  2333.5  352.37   60.52   41.74     0.0  352.11    0.00    0.00     0.0  352.11    0.00    0.00    1.4     46227.440     13.50   47.10740   39.80800  F2               
0 04.04.2019 12:50:39.288   9.99600000   9996.00001   0.40  -62.2   33.2  28.0 11.40  352.8  1893.2  353.00   56.67   43.56  1892.6  353.12   63.94   35.23  3061.4  353.65   74.23   28.96    1.5     46239.288     13.50   47.10740   39.80800  F2               
0 04.04.2019 12:50:49.987   9.99600000   9995.99999   0.40  -59.8   33.6  28.0 12.00  353.5  1780.7  353.69   55.70   44.20  1862.5  353.80   63.71   35.78  3104.5  354.35   74.69   29.76    1.4     46249.987     13.50   47.10740   39.80800  F2               
0 04.04.2019 12:51:00.746   9.99600000   9996.00020   0.40  -59.2   36.2  28.0  8.40  353.5  1148.5  353.52   50.07   45.47  2220.2  353.83   66.88   34.45  3390.2  354.34   77.16   26.79    1.6     46260.746     13.50   47.10740   39.80800  E                
0 04.04.2019 12:51:11.443   9.99600000   9996.00016   0.40  -54.4   39.0  28.0 11.40  352.9  1890.4  353.10   56.65   43.62  1892.8  353.15   63.95   35.25  3060.3  353.68   74.22   29.02    1.5     46271.443     13.50   47.10740   39.80800  F2               
0 04.04.2019 12:51:22.181   9.99600000   9996.00014   0.40  -58.5   36.9  28.0 10.20  352.8  1103.0  352.84   49.64   45.38  1995.9  353.14   64.86   34.84  3078.5  353.59   74.37   28.70    1.5     46282.181     13.50   47.10740   39.80800  E                
0 04.04.2019 12:51:33.969   9.99600000   9995.99996   0.40  -57.1   38.3  28.0 11.40  352.1  1890.6  352.30   56.61   43.20  1892.1  352.44   63.90   34.79  3052.7  353.00   74.07   28.00    1.4     46293.969     13.50   47.10740   39.80800  F2               
0 04.04.2019 12:51:44.718   9.99600000   9996.00104   0.40  -73.3   20.1  28.0 10.80  357.1  2194.7  357.35   59.52   45.51  1941.6  357.25   64.54   37.89  3034.8  357.44   74.34   35.46    1.9     46304.718     13.50   47.10740   39.80800  F2               
0 04.04.2019 12:51:44.718   9.99600000   9996.00104   0.40  -73.3   20.1  28.0 13.80  349.9  1579.5  350.06   53.75   43.17     0.0  349.94    0.00    0.00     0.0  349.94    0.00    0.00    1.6     46304.718     13.50   47.10740   39.80800  F2               
0 04.04.2019 12:51:55.603   9.99600000   9996.00024   0.40  -60.5   30.9  28.0 11.40  352.8  1887.1  353.00   56.61   43.57  1892.8  353.08   63.94   35.20  3059.1  353.61   74.21   28.91    1.5     46315.603     13.50   47.10740   39.80800  F2               
0 04.04.2019 12:52:07.467   9.99600000   9995.99996   0.40  -56.8   38.6  28.0 10.80  352.8  2296.1  353.07   60.24   42.36  1939.0  353.12   64.35   35.05  3020.8  353.57   73.87   29.19    1.5     46327.467     13.50   47.10740   39.80800  F2               
0 04.04.2019 12:52:18.226   9.99600000   9996.00048   0.40  -58.2   37.2  28.0  9.60  354.2  1103.1  354.23   49.68   45.75  2063.8  354.49   65.53   35.57  3169.9  354.87   75.32   30.11    1.4     46338.226     13.50   47.10740   39.80800  E                
0 04.04.2019 12:52:30.050   9.99600000   9995.99998   0.40  -52.1   41.4  28.0 11.40  353.5  1882.9  353.70   56.61   43.95  1893.2  353.78   63.98   35.66  3069.9  354.27   74.38   29.90    1.4     46350.050     13.50   47.10740   39.80800  F2               
0 04.04.2019 12:52:40.751   9.99600000   9996.00010   0.40  -50.7   42.8  28.0 10.80  353.5  2246.1  353.76   59.84   42.99  1939.6  353.77   64.39   35.49  3023.2  354.18   73.96   30.15    1.4     46360.751     13.50   47.10740   39.80800  F2               
0 04.04.2019 12:52:51.494   9.99600000   9995.99981   0.40  -49.8   45.7  28.0 10.20  352.8  1110.7  352.84   49.71   45.36  1995.9  353.09   64.85   34.80  3078.4  353.54   74.36   28.63    1.4     46371.494     13.50   47.10740   39.80800  E                
0 04.04.2019 12:53:02.222   9.99600000   9995.99986   0.40  -51.2   42.2  28.0 10.20  353.5  1114.0  353.54   49.76   45.54  1996.4  353.80   64.90   35.31  3080.9  354.21   74.47   29.71    1.4     46382.222     13.50   47.10740   39.80800  E                
0 04.04.2019 12:53:12.938   9.99600000   9996.00007   0.40  -47.6   43.8  28.0 10.80  352.8  2241.8  353.06   59.76   42.54  1939.0  353.12   64.35   35.05  3020.7  353.56   73.87   29.18    1.4     46392.938     13.50   47.10740   39.80800  F2               
0 04.04.2019 12:53:23.700   9.99600000   9996.00001   0.40  -50.0   43.4  28.0 11.40  352.8  1880.7  353.00   56.56   43.59  1892.7  353.12   63.94   35.23  3060.7  353.64   74.22   28.96    1.5     46403.700     13.50   47.10740   39.80800  F2               
0 04.04.2019 12:53:34.435   9.99600000   9996.00019   0.40  -53.6   41.9  28.0 11.40  353.5  1878.5  353.70   56.57   43.96  1893.2  353.74   63.98   35.64  3069.9  354.23   74.38   29.85    1.5     46414.435     13.50   47.10740   39.80800  F2               
0 04.04.2019 12:53:45.331   9.99600000   9996.00052   0.40  -54.0   41.4  28.0 10.80  352.8  2212.8  353.05   59.50   42.63  1938.8  353.11   64.35   35.04  3020.6  353.56   73.87   29.18    1.4     46425.331     13.50   47.10740   39.80800  F2               
0 04.04.2019 12:53:56.114   9.99600000   9995.99980   0.40  -58.7   36.7  28.0 11.40  352.8  1878.5  353.00   56.54   43.60  1892.8  353.12   63.94   35.23  3060.3  353.65   74.22   28.97    1.6     46436.114     13.50   47.10740   39.80800  F2               
0 04.04.2019 12:54:06.869   9.99600000   9995.99942   0.40  -56.2   37.2  28.0 10.80  352.8  2194.2  353.05   59.33   42.68  1939.0  353.14   64.35   35.06  3020.9  353.58   73.87   29.22    1.4     46446.869     13.50   47.10740   39.80800  F2               
0 04.04.2019 12:54:18.735   9.99600000   9996.00038   0.40  -54.8   40.7  28.0 10.20  352.9  1120.0  352.94   49.80   45.37  1995.9  353.15   64.86   34.85  3078.5  353.60   74.37   28.72    1.5     46458.735     13.50   47.10740   39.80800  E                
0 04.04.2019 12:54:29.481   9.99600000   9996.00034   0.40  -56.9   36.6  28.0 12.00  354.2  1775.3  354.39   55.68   44.55  1863.0  354.48   63.75   36.21  3104.0  354.97   74.76   30.83    1.4     46469.481     13.50   47.10740   39.80800  F2               
0 04.04.2019 12:54:40.247   9.99600000   9996.00018   0.40  -58.7   36.7  28.0 10.80  352.8  2167.6  353.04   59.10   42.77  1938.9  353.09   64.35   35.03  3020.6  353.53   73.86   29.14    1.5     46480.247     13.50   47.10740   39.80800  F2               
0 04.04.2019 12:54:51.022   9.99600000   9995.99975   0.40  -49.5   46.0  28.0 11.40  352.1  1876.5  352.30   56.48   43.24  1892.2  352.41   63.90   34.77  3050.8  352.98   74.05   27.98    1.4     46491.022     13.50   47.10740   39.80800  F2               
0 04.04.2019 12:55:01.732   9.99600000   9996.00002   0.40  -61.3   34.1  28.0 11.40  354.2  1871.8  354.40   56.54   44.34  1893.9  354.44   64.02   36.09  3077.8  354.89   74.52   30.88    1.5     46501.732     13.50   47.10740   39.80800  F2               
0 04.04.2019 12:55:12.479   9.99600000   9995.99918   0.40  -60.4   35.1  28.0 15.00  353.5  1465.9  353.66   52.90   44.89     0.0  353.50    0.00    0.00     0.0  353.50    0.00    0.00    1.5     46512.479     13.50   47.10740   39.80800  F2               
0 04.04.2019 12:55:23.227   9.99600000   9995.99948   0.40  -48.9   42.5  28.0 13.20  353.5  1636.4  353.67   54.42   44.52  2236.2  353.98   67.03   34.51     0.0  353.51    0.00    0.00    1.4     46523.227     13.50   47.10740   39.80800  F2               
0 04.04.2019 12:55:33.934   9.99600000   9995.99961   0.40  -49.5   42.0  28.0 12.60  353.5  1700.9  353.68   54.99   44.38  1862.5  353.78   63.71   35.76  2970.8  354.23   73.51   30.64    1.6     46533.934     13.50   47.10740   39.80800  F2               
0 04.04.2019 12:55:55.586   9.99600000   9996.00133   0.40  -49.0   42.5  28.0 12.60  354.3  1700.5  354.48   55.02   44.74  1863.5  354.51   63.75   36.23  2973.0  354.91   73.60   31.68    1.5     46555.586     13.50   47.10740   39.80800  F2               
0 04.04.2019 12:56:06.297   9.99600000   9995.99980   0.40  -52.4   43.1  28.0 17.40  353.5  1278.9  353.66   51.23   45.26     0.0  353.51    0.00    0.00     0.0  353.51    0.00    0.00    1.4     46566.297     13.50   47.10740   39.80800  F2               
0 04.04.2019 12:56:18.094   9.99600000   9995.99942   0.40  -54.5   40.9  28.0 18.60  353.6  1213.8  353.76   50.65   45.42     0.0  353.55    0.00    0.00     0.0  353.55    0.00    0.00    1.5     46578.094     13.50   47.10740   39.80800  F2               
0 04.04.2019 12:56:28.844   9.99600000   9996.00074   0.40  -53.6   41.9  28.0 18.60  353.5  1213.8  353.66   50.65   45.39     0.0  353.53    0.00    0.00     0.0  353.53    0.00    0.00    1.6     46588.844     13.50   47.10740   39.80800  F2               
0 04.04.2019 12:56:40.683   9.99600000   9995.99984   0.40  -47.9   39.5  28.0 18.60  353.5  1213.7  353.66   50.65   45.39     0.0  353.54    0.00    0.00     0.0  353.54    0.00    0.00    1.5     46600.683     13.50   47.10740   39.80800  F2               
0 04.04.2019 12:56:51.421   9.99600000   9995.99985   0.40  -39.4   52.1  28.0 19.80  353.5  1158.7  353.66   50.16   45.49  3200.8  354.81   75.59   29.74     0.0  353.50    0.00    0.00    1.5     46611.421     13.50   47.10740   39.80800  F2               
0 04.04.2019 12:57:02.150   9.99600000   9995.99995   0.40  -51.8   41.6  28.0 21.00  352.1  1109.9  352.26   49.69   45.21  3408.7  353.99   77.26   25.80     0.0  352.10    0.00    0.00    1.4     46622.150     13.50   47.10740   39.80800  F2               
0 04.04.2019 12:57:12.861   9.99600000   9996.00022   0.40  -50.5   42.9  28.0 21.60  352.8  1088.0  352.96   49.51   45.44     0.0  352.80    0.00    0.00     0.0  352.80    0.00    0.00    1.5     46632.861     13.50   47.10740   39.80800  F2               
0 04.04.2019 12:57:23.647   9.99600000   9996.00063   0.40  -52.8   40.7  28.0 15.00  353.5  1464.2  353.66   52.88   44.89     0.0  353.51    0.00    0.00     0.0  353.51    0.00    0.00    1.4     46643.647     13.50   47.10740   39.80800  F2               
0 04.04.2019 12:57:34.366   9.99600000   9995.99972   0.40  -53.4   38.0  28.0 11.40  353.5  1864.7  353.69   56.45   43.99  1893.2  353.74   63.98   35.63  3069.6  354.23   74.37   29.85    1.5     46654.366     13.50   47.10740   39.80800  F2               
0 04.04.2019 12:57:45.284   9.99600000   9995.99982   0.40  -51.0   42.5  28.0 13.80  352.1  1574.8  352.26   53.81   44.08     0.0  352.08    0.00    0.00     0.0  352.08    0.00    0.00    1.5     46665.284     13.50   47.10740   39.80800  F2               
0 04.04.2019 12:57:56.012   9.99600000   9996.00063   0.40  -49.6   41.9  28.0 18.60  353.5  1213.6  353.66   50.65   45.39     0.0  353.49    0.00    0.00     0.0  353.49    0.00    0.00    1.5     46676.012     13.50   47.10740   39.80800  F2               
0 04.04.2019 12:58:06.741   9.99600000   9996.00229   0.40  -56.8   32.6  28.0 20.40  352.1  1133.3  352.26   49.90   45.16  3501.9  354.11   78.07   24.78     0.0  352.08    0.00    0.00    1.5     46686.741     13.50   47.10740   39.80800  F2               
0 04.04.2019 12:58:18.545   9.99600000   9996.00109   0.40  -59.8   35.6  28.0  9.60  352.8  1115.7  352.83   49.76   45.35  2062.5  353.14   65.44   34.56  3164.6  353.60   75.11   27.88    1.6     46698.545     13.50   47.10740   39.80800  E                
0 04.04.2019 12:58:29.276   9.99600000   9995.99930   0.40  -48.5   41.0  28.0 15.60  352.8  1416.2  352.95   52.43   44.74     0.0  352.77    0.00    0.00     0.0  352.77    0.00    0.00    1.5     46709.276     13.50   47.10740   39.80800  F2               
0 04.04.2019 12:58:29.276   9.99600000   9995.99930   0.40  -48.5   41.0  28.0 13.20  352.1  1634.4  352.27   54.34   43.92  2246.4  352.66   67.03   33.32  3281.4  353.34   76.07   26.08    1.5     46709.276     13.50   47.10740   39.80800  F2               
0 04.04.2019 12:58:40.043   9.99600000   9995.99981   0.40  -51.1   42.4  28.0 19.20  353.5  1185.1  353.66   50.40   45.45  3124.2  354.75   74.91   30.28  3994.8  355.72   82.53   20.11    1.4     46720.043     13.50   47.10740   39.80800  F2               
0 04.04.2019 12:58:51.879   9.99600000   9995.99998   0.40  -64.7   24.8  28.0 22.20  352.8  1067.2  352.96   49.33   45.48  3279.3  354.38   76.21   28.13     0.0  352.81    0.00    0.00    1.8     46731.879     13.50   47.10740   39.80800  F2               
0 04.04.2019 12:59:06.038   9.99600000   9996.00010   0.40  -57.8   37.6  28.0 21.00  352.8  1110.0  352.96   49.71   45.40  3407.3  354.53   77.34   27.01     0.0  352.81    0.00    0.00    1.4     46746.038     13.50   47.10740   39.80800  F2               
0 04.04.2019 12:59:17.872   9.99600000   9996.00066   0.40  -63.0   34.4  28.0 18.60  350.6  1212.3  350.74   50.55   44.54     0.0  350.60    0.00    0.00     0.0  350.60    0.00    0.00    1.6     46757.872     13.50   47.10740   39.80800  F2               
0 04.04.2019 12:59:30.800   9.99600000   9996.00008   0.40  -53.9   41.5  28.0 18.60  352.8  1213.1  352.96   50.63   45.18     0.0  352.83    0.00    0.00     0.0  352.83    0.00    0.00    1.6     46770.800     13.50   47.10740   39.80800  F2               
0 04.04.2019 12:59:46.010   9.99600000   9995.99933   0.40  -52.8   42.7  28.0 18.00  352.8  1243.5  352.95   50.90   45.12     0.0  352.79    0.00    0.00     0.0  352.79    0.00    0.00    1.5     46786.010     13.50   47.10740   39.80800  F2               
