0 04.04.2019 15:59:50.441   9.99600000   9996.00057   0.40  -58.9   28.5  28.0 10.80  352.8  1611.9  353.08   54.18   44.33  3059.0  354.03   74.26   29.60     0.0  352.85    0.00    0.00    1.3     57590.441     13.50   47.10740   39.80800  F2               
0 04.04.2019 16:00:02.301   9.99600000   9995.99977   0.33  -43.4   52.9  28.0  9.60  352.8  1687.2  353.07   54.84   44.14  2190.3  353.21   66.58   34.05     0.0  352.81    0.00    0.00    1.4     57602.301     13.50   47.10740   39.80800  F2               
0 04.04.2019 16:00:15.521   9.99600000   9995.99974   0.27  -44.7   50.5  28.0 12.60  353.5  1511.9  353.80   53.31   44.85  3351.4  354.98   76.92   28.62     0.0  353.51    0.00    0.00    1.4     57615.521     13.50   47.10740   39.80800  F2               
0 04.04.2019 16:00:28.450   9.99600000   9995.99982   0.24  -48.3   49.3  28.0 14.40  352.8  1419.0  353.12   52.46   44.79  3155.1  354.23   75.12   29.08     0.0  352.83    0.00    0.00    1.4     57628.450     13.50   47.10740   39.80800  F2               
0 04.04.2019 16:00:39.183   9.99600000   9995.99989   0.20  -49.1   45.3  28.0 14.40  352.1  1418.0  352.41   52.43   44.54  3152.2  353.58   75.01   27.97     0.0  352.06    0.00    0.00    1.4     57639.183     13.50   47.10740   39.80800  F2               
0 04.04.2019 16:00:52.086   9.99600000   9995.99976   0.20  -51.1   47.3  28.0  8.40  353.5  1770.9  353.77   55.62   44.26  2297.4  353.84   67.56   34.12  3577.3  354.54   78.79   24.71    1.5     57652.086     13.50   47.10740   39.80800  F2               
0 04.04.2019 16:01:06.205   9.99600000   9995.99978   0.20  -47.5   49.0  28.0 11.40  353.5  1579.9  353.79   53.92   44.70  2972.1  354.55   73.56   31.12     0.0  353.53    0.00    0.00    1.4     57666.205     13.50   47.10740   39.80800  F2               
0 04.04.2019 16:01:21.297   9.99600000   9995.99985   0.31  -44.1   52.5  28.0 10.80  352.8  1614.3  353.08   54.20   44.32  3058.1  353.99   74.25   29.55     0.0  352.81    0.00    0.00    1.4     57681.297     13.50   47.10740   39.80800  F2               
0 04.04.2019 16:01:35.410   9.99600000   9995.99980   0.24  -45.8   47.8  28.0 13.20  352.1  1479.6  352.39   52.97   44.38  3238.4  353.68   75.76   27.24     0.0  352.08    0.00    0.00    1.5     57695.410     13.50   47.10740   39.80800  F2               
0 04.04.2019 16:01:47.265   9.99600000   9995.99979   0.24  -46.6   51.0  28.0  8.40  352.8  1770.5  353.06   55.58   43.92  2295.3  353.17   67.50   33.52  3559.5  353.91   78.52   23.38    1.5     57707.265     13.50   47.10740   39.80800  F2               
0 04.04.2019 16:02:01.329   9.99600000   9995.99986   0.11  -55.0   44.0  28.0 12.60  352.1  1511.8  352.39   53.26   44.30  3346.3  353.80   76.70   26.19     0.0  352.07    0.00    0.00    1.5     57721.329     13.50   47.10740   39.80800  F2               
0 04.04.2019 16:02:22.834   9.99600000   9995.99980   0.24  -48.7   48.9  28.0 13.80  352.1  1450.1  352.40   52.71   44.46  3159.8  353.61   75.07   27.94     0.0  352.10    0.00    0.00    1.4     57742.834     13.50   47.10740   39.80800  F2               
0 04.04.2019 16:02:33.663   9.99600000   9995.99981   0.29  -46.4   50.4  28.0 13.20  352.8  1482.2  353.10   53.02   44.64  3240.4  354.31   75.86   28.40     0.0  352.83    0.00    0.00    1.4     57753.663     13.50   47.10740   39.80800  F2               
0 04.04.2019 16:02:48.878   9.99600000   9995.99981   0.20  -50.4   48.0  28.0 13.80  352.1  1450.6  352.40   52.72   44.45  3159.9  353.63   75.08   27.98     0.0  352.13    0.00    0.00    1.5     57768.878     13.50   47.10740   39.80800  F2               
0 04.04.2019 16:02:59.725   9.99600000   9995.99983   0.27  -43.7   51.5  28.0 12.00  352.0  1545.4  352.28   53.55   44.17     0.0  352.04    0.00    0.00     0.0  352.04    0.00    0.00    1.5     57779.725     13.50   47.10740   39.80800  F2               
0 04.04.2019 16:03:10.677   9.99600000   9995.99978   0.11  -45.3   43.7  28.0 12.00  353.5  1548.9  353.80   53.64   44.76  3536.8  355.18   78.55   26.92     0.0  353.48    0.00    0.00    1.4     57790.677     13.50   47.10740   39.80800  F2               
0 04.04.2019 16:03:22.536   9.99600000   9995.99979   0.13  -45.5   48.7  28.0 12.60  353.5  1516.5  353.80   53.35   44.84  3351.5  354.96   76.91   28.58     0.0  353.49    0.00    0.00    1.4     57802.536     13.50   47.10740   39.80800  F2               
0 04.04.2019 16:03:33.343   9.99600000   9995.99979   0.11  -49.8   41.2  28.0 12.60  353.5  1516.7  353.80   53.35   44.83  3351.9  354.98   76.92   28.62     0.0  353.51    0.00    0.00    1.4     57813.343     13.50   47.10740   39.80800  F2               
0 04.04.2019 16:03:47.556   9.99600000   9995.99982   0.27  -45.2   50.0  28.0 12.60  352.8  1515.6  353.09   53.32   44.56  3350.0  354.40   76.82   27.40     0.0  352.79    0.00    0.00    1.4     57827.556     13.50   47.10740   39.80800  F2               
0 04.04.2019 16:03:59.415   9.99600000   9995.99982   0.40  -42.0   53.4  28.0 12.60  352.8  1515.9  353.09   53.32   44.56  3350.4  354.43   76.83   27.47     0.0  352.84    0.00    0.00    1.4     57839.415     13.50   47.10740   39.80800  F2               
0 04.04.2019 16:04:10.150   9.99600000   9995.99978   0.20  -43.3   43.2  28.0 13.80  352.8  1453.8  353.11   52.77   44.71  3162.2  354.23   75.18   29.03     0.0  352.84    0.00    0.00    1.4     57850.150     13.50   47.10740   39.80800  F2               
0 04.04.2019 16:04:20.893   9.99600000   9995.99979   0.11  -47.5   45.6  28.0 15.00  352.8  1395.4  353.12   52.25   44.84  3109.5  354.15   74.71   29.36     0.0  352.78    0.00    0.00    1.4     57860.893     13.50   47.10740   39.80800  F2               
0 04.04.2019 16:04:31.628   9.99600000   9995.99980   0.27  -41.8   49.5  28.0 12.60  352.8  1516.7  353.09   53.33   44.56  3350.2  354.40   76.83   27.40     0.0  352.80    0.00    0.00    1.4     57871.628     13.50   47.10740   39.80800  F2               
0 04.04.2019 16:04:44.583   9.99600000   9995.99972   0.11  -45.6   35.4  28.0 13.20  352.8  1485.3  353.10   53.05   44.63  3240.4  354.28   75.86   28.35     0.0  352.80    0.00    0.00    1.4     57884.583     13.50   47.10740   39.80800  F2               
0 04.04.2019 16:04:58.736   9.99600000   9995.99987   0.11  -55.5   43.6  28.0 18.00  351.4  1263.8  351.75   51.04   44.70  3034.3  352.93   73.90   28.07     0.0  351.38    0.00    0.00    1.8     57898.736     13.50   47.10740   39.80800  F2               
0 04.04.2019 16:05:09.480   9.99600000   9995.99984   0.27  -43.5   45.7  28.0 10.80  352.8  1620.0  353.08   54.25   44.30  3058.7  353.97   74.25   29.52     0.0  352.78    0.00    0.00    1.4     57909.480     13.50   47.10740   39.80800  F2               
0 04.04.2019 16:05:22.485   9.99600000   9995.99981   0.40  -38.5   55.0  28.0 10.80  352.1  1618.8  352.37   54.21   44.01  3076.0  353.40   74.33   28.42     0.0  352.10    0.00    0.00    1.4     57922.485     13.50   47.10740   39.80800  F2               
0 04.04.2019 16:05:22.485   9.99600000   9995.99981   0.40  -38.5   55.0  28.0 12.60  352.8  1518.0  353.09   53.34   44.55  3350.1  354.40   76.82   27.40     0.0  352.80    0.00    0.00    1.4     57922.485     13.50   47.10740   39.80800  F2               
0 04.04.2019 16:05:37.677   9.99600000   9995.99983   0.11  -44.5   44.5  28.0 13.20  352.1  1485.2  352.39   53.02   44.36  3249.5  353.75   75.86   27.24     0.0  352.09    0.00    0.00    1.4     57937.677     13.50   47.10740   39.80800  F2               
0 04.04.2019 16:05:37.677   9.99600000   9995.99983   0.11  -44.5   44.5  28.0 14.40  352.8  1426.0  353.11   52.52   44.77  3192.1  354.30   75.45   28.87     0.0  352.79    0.00    0.00    1.4     57937.677     13.50   47.10740   39.80800  F2               
0 04.04.2019 16:05:51.718   9.99600000   9995.99973   0.11  -50.5   40.5  28.0 15.00  353.6  1398.9  353.93   52.31   45.12     0.0  353.56    0.00    0.00     0.0  353.56    0.00    0.00    1.5     57951.718     13.50   47.10740   39.80800  F2               
0 04.04.2019 16:06:05.813   9.99600000   9995.99979   0.40  -38.5   55.0  28.0 12.00  352.8  1552.0  353.09   53.64   44.47     0.0  352.80    0.00    0.00     0.0  352.80    0.00    0.00    1.4     57965.813     13.50   47.10740   39.80800  F2               
0 04.04.2019 16:06:18.709   9.99600000   9995.99981   0.40  -39.3   54.1  28.0 14.40  352.8  1426.9  353.11   52.53   44.77  3178.6  354.34   75.33   29.07     0.0  352.80    0.00    0.00    1.4     57978.709     13.50   47.10740   39.80800  F2               
0 04.04.2019 16:06:29.473   9.99600000   9995.99976   0.20  -49.0   47.4  28.0 17.40  352.8  1292.0  353.15   51.33   45.08  3076.0  354.35   74.44   29.99     0.0  352.82    0.00    0.00    1.5     57989.473     13.50   47.10740   39.80800  F2               
0 04.04.2019 16:06:46.898   9.99600000   9995.99986   0.13  -51.2   47.0  28.0 11.40  354.2  1590.3  354.50   54.03   44.97  3745.8  356.01   80.48   26.33     0.0  354.19    0.00    0.00    1.6     58006.898     13.50   47.10740   39.80800  F2               
0 04.04.2019 16:06:46.898   9.99600000   9995.99986   0.13  -51.2   47.0  28.0 16.80  353.5  1318.8  353.85   51.59   45.25  3085.0  354.92   74.59   30.89     0.0  353.52    0.00    0.00    1.6     58006.898     13.50   47.10740   39.80800  F2               
0 04.04.2019 16:06:57.597   9.99600000   9995.99985   0.24  -43.2   46.4  28.0 12.00  352.8  1553.3  353.09   53.66   44.47     0.0  352.79    0.00    0.00     0.0  352.79    0.00    0.00    1.4     58017.597     13.50   47.10740   39.80800  F2               
0 04.04.2019 16:07:09.424   9.99600000   9995.99980   0.29  -41.2   49.6  28.0 10.80  352.8  1623.1  353.07   54.27   44.30  2991.1  353.92   73.65   30.00     0.0  352.80    0.00    0.00    1.4     58029.424     13.50   47.10740   39.80800  F2               
0 04.04.2019 16:07:23.415   9.99600000   9995.99973   0.24  -49.1   46.5  28.0 12.60  352.9  1521.1  353.19   53.37   44.59  3348.0  354.50   76.82   27.64     0.0  352.85    0.00    0.00    1.6     58043.415     13.50   47.10740   39.80800  F2               
0 04.04.2019 16:07:35.363   9.99600000   9995.99981   0.29  -43.8   51.1  28.0 10.80  352.8  1623.7  353.07   54.28   44.30  2991.1  353.92   73.65   30.00     0.0  352.80    0.00    0.00    1.4     58055.363     13.50   47.10740   39.80800  F2               
0 04.04.2019 16:08:00.948   9.99600000   9995.99989   0.07  -92.8    8.4  28.0  9.00  353.5  1741.2  353.77   55.35   44.33  2271.1  353.87   67.33   34.26  3902.1  355.17   81.64   20.36    1.5     58080.948     13.50   47.10740   39.80800  F2               
0 04.04.2019 16:08:11.705   9.99600000   9995.99938   0.07  -90.3   10.9  28.0 13.20  353.5  1491.6  353.81   53.13   44.89  3255.9  354.93   76.08   29.45     0.0  353.47    0.00    0.00    1.4     58091.705     13.50   47.10740   39.80800  F2               
0 04.04.2019 16:08:58.347   9.99600000   9995.99976   0.11  -60.4   30.6  28.0 15.60  352.1  1372.5  352.42   52.03   44.65  3098.6  353.69   74.56   28.68     0.0  352.07    0.00    0.00    1.5     58138.347     13.50   47.10740   39.80800  F2               
0 04.04.2019 16:09:10.219   9.99600000   9995.99980   0.40  -59.4   34.0  28.0 14.40  350.6  1427.0  350.88   52.45   43.97  3153.3  352.50   74.85   26.08     0.0  350.64    0.00    0.00    1.9     58150.219     13.50   47.10740   39.80800  F2               
0 04.04.2019 16:09:34.897   9.99600000   9995.99983   0.40  -48.2   37.2  28.0 11.40  352.8  1591.3  353.08   53.99   44.38  3732.4  354.99   80.18   23.35     0.0  352.83    0.00    0.00    1.4     58174.897     13.50   47.10740   39.80800  F2               
0 04.04.2019 16:09:47.995   9.99600000   9995.99915   0.07  -95.8    5.4  28.0 12.00  353.5  1559.1  353.79   53.73   44.74     0.0  353.50    0.00    0.00     0.0  353.50    0.00    0.00    1.8     58187.995     13.50   47.10740   39.80800  F2               
0 04.04.2019 16:10:04.973   9.99600000   9996.00001   0.40  -55.0   36.4  28.0 12.60  353.5  1526.3  353.80   53.44   44.81  3355.1  355.03   76.95   28.67     0.0  353.49    0.00    0.00    1.4     58204.973     13.50   47.10740   39.80800  F2               
0 04.04.2019 16:10:18.014   9.99600000   9996.00001   0.40  -52.1   41.4  28.0 12.00  352.8  1558.3  353.08   53.70   44.46     0.0  352.81    0.00    0.00     0.0  352.81    0.00    0.00    1.5     58218.014     13.50   47.10740   39.80800  F2               
0 04.04.2019 16:10:30.979   9.99600000   9995.99974   0.11  -62.5    8.5  28.0 12.60  353.5  1526.9  353.80   53.45   44.81  3355.5  355.02   76.96   28.66     0.0  353.48    0.00    0.00    1.6     58230.979     13.50   47.10740   39.80800  F2               
0 04.04.2019 16:10:42.817   9.99600000   9995.99986   0.40  -55.6   33.9  28.0 10.80  352.8  1628.2  353.07   54.32   44.28  2991.3  353.96   73.66   30.06     0.0  352.85    0.00    0.00    1.5     58242.817     13.50   47.10740   39.80800  F2               
0 04.04.2019 16:10:54.650   9.99600000   9996.00002   0.40  -55.2   22.2  28.0 11.40  353.5  1595.2  353.79   54.05   44.66  3738.4  355.50   80.33   24.83     0.0  353.51    0.00    0.00    1.4     58254.650     13.50   47.10740   39.80800  F2               
0 04.04.2019 16:11:21.032   9.99600000   9995.99964   0.40  -58.0   35.4  28.0 11.40  352.8  1594.1  353.08   54.02   44.37  3730.5  354.99   80.17   23.39     0.0  352.83    0.00    0.00    1.5     58281.032     13.50   47.10740   39.80800  F2               
0 04.04.2019 16:11:31.813   9.99600000   9995.99978   0.33  -63.3   30.9  28.0 13.20  352.1  1493.5  352.39   53.10   44.34  3240.3  353.76   75.79   27.35     0.0  352.07    0.00    0.00    1.5     58291.813     13.50   47.10740   39.80800  F2               
0 04.04.2019 16:11:43.692   9.99600000   9995.99998   0.40  -55.5   36.0  28.0 12.60  353.5  1528.7  353.80   53.46   44.81  3356.0  355.04   76.96   28.69     0.0  353.50    0.00    0.00    1.4     58303.692     13.50   47.10740   39.80800  F2               
0 04.04.2019 16:11:55.622   9.99600000   9995.99947   0.40  -55.2   36.3  28.0 11.40  353.5  1596.8  353.79   54.07   44.66  3739.0  355.52   80.34   24.87     0.0  353.53    0.00    0.00    1.6     58315.622     13.50   47.10740   39.80800  F2               
0 04.04.2019 16:12:06.437   9.99600000   9996.00008   0.40  -58.8   24.6  28.0 12.00  352.1  1559.4  352.37   53.68   44.17     0.0  352.12    0.00    0.00     0.0  352.12    0.00    0.00    1.5     58326.437     13.50   47.10740   39.80800  F2               
0 04.04.2019 16:12:17.983   9.99600000   9995.99998   0.40  -55.2   38.2  28.0 12.00  351.3  1558.0  351.56   53.63   43.85     0.0  351.35    0.00    0.00     0.0  351.35    0.00    0.00    1.5     58337.983     13.50   47.10740   39.80800  F2               
0 04.04.2019 16:12:28.770   9.99600000   9995.99991   0.11  -63.3   33.7  28.0 11.40  352.1  1594.3  352.37   53.99   44.07  3723.6  354.43   80.00   21.86     0.0  352.11    0.00    0.00    1.8     58348.770     13.50   47.10740   39.80800  F2               
0 04.04.2019 16:12:40.847   9.99600000   9995.99969   0.40  -65.0   28.4  28.0  7.80  351.4  1826.0  351.64   56.00   43.06  2384.6  351.90   68.17   31.84  3658.8  352.79   79.09   18.69    1.5     58360.847     13.50   47.10740   39.80800  F2               
0 04.04.2019 16:13:06.973   9.99600000   9995.99982   0.40  -63.8   25.6  28.0 11.40  353.5  1598.7  353.78   54.08   44.65  3738.5  355.49   80.33   24.79     0.0  353.49    0.00    0.00    1.7     58386.973     13.50   47.10740   39.80800  F2               
0 04.04.2019 16:13:17.617   9.99600000   9995.99978   0.40  -65.6   27.9  28.0 10.20  352.8  1669.3  353.07   54.68   44.18  3356.1  354.35   76.87   27.22     0.0  352.82    0.00    0.00    1.9     58397.617     13.50   47.10740   39.80800  F2               
0 04.04.2019 16:13:40.152   9.99600000   9995.99993   0.38  -54.6   39.1  28.0 13.20  352.8  1498.0  353.09   53.16   44.60  3248.8  354.40   75.95   28.49     0.0  352.84    0.00    0.00    1.4     58420.152     13.50   47.10740   39.80800  F2               
0 04.04.2019 16:13:50.878   9.99600000   9995.99985   0.40  -49.7   37.7  28.0 13.80  352.8  1467.2  353.10   52.89   44.68  3217.7  354.34   75.67   28.70     0.0  352.78    0.00    0.00    1.4     58430.878     13.50   47.10740   39.80800  F2               
0 04.04.2019 16:14:02.839   9.99600000   9996.00069   0.29  -64.4   20.5  28.0 12.60  354.2  1533.9  354.50   53.53   45.08  3363.9  355.62   77.10   29.87     0.0  354.21    0.00    0.00    1.8     58442.839     13.50   47.10740   39.80800  F2               
0 04.04.2019 16:14:14.708   9.99600000   9995.99962   0.40  -52.3   41.1  28.0 12.60  352.8  1531.0  353.09   53.46   44.52     0.0  352.82    0.00    0.00     0.0  352.82    0.00    0.00    1.4     58454.708     13.50   47.10740   39.80800  F2               
0 04.04.2019 16:14:25.685   9.99600000   9996.00004   0.11  -60.9   32.1  28.0 13.20  351.3  1496.1  351.57   53.09   44.03  3232.5  353.13   75.62   26.26     0.0  351.33    0.00    0.00    1.7     58465.685     13.50   47.10740   39.80800  F2               
0 04.04.2019 16:14:37.518   9.99600000   9995.99983   0.40  -54.8   38.7  28.0 13.20  352.1  1498.0  352.38   53.14   44.33  3241.1  353.79   75.80   27.41     0.0  352.12    0.00    0.00    1.5     58477.518     13.50   47.10740   39.80800  F2               
0 04.04.2019 16:14:48.281   9.99600000   9996.00594   0.40  -79.2   14.3  28.0 13.80  352.8  1468.5  353.10   52.90   44.67  3217.5  354.34   75.67   28.68     0.0  352.77    0.00    0.00    1.5     58488.281     13.50   47.10740   39.80800  F2               
0 04.04.2019 16:14:59.088   9.99600000   9995.99995   0.11  -55.9   39.1  28.0 10.80  353.5  1637.2  353.78   54.43   44.57  2996.9  354.50   73.77   30.86     0.0  353.47    0.00    0.00    1.4     58499.088     13.50   47.10740   39.80800  F2               
0 04.04.2019 16:15:14.263   9.99600000   9996.01655   0.40  -79.8   11.7  28.0 13.80  352.1  1467.8  352.39   52.87   44.41  3209.0  353.80   75.52   27.78     0.0  352.14    0.00    0.00    1.5     58514.263     13.50   47.10740   39.80800  F2               
0 04.04.2019 16:15:27.375   9.99600000   9996.01448   0.40  -80.1   13.3  28.0 15.60  353.5  1383.6  353.83   52.17   45.12  3112.7  354.91   74.83   30.66     0.0  353.51    0.00    0.00    1.7     58527.375     13.50   47.10740   39.80800  F2               
0 04.04.2019 16:15:39.286   9.99600000   9996.01023   0.40  -79.8   13.6  28.0 13.20  352.1  1499.7  352.38   53.15   44.33  3241.4  353.79   75.80   27.41     0.0  352.11    0.00    0.00    1.6     58539.286     13.50   47.10740   39.80800  F2               
0 04.04.2019 16:16:19.422   9.99600000   9995.99943   0.40  -56.1   33.3  28.0 13.20  352.8  1502.3  353.09   53.20   44.59  3248.5  354.38   75.94   28.45     0.0  352.81    0.00    0.00    1.4     58579.422     13.50   47.10740   39.80800  F2               
0 04.04.2019 16:16:32.375   9.99600000   9996.00137   0.40  -81.4   14.1  28.0 13.80  353.5  1472.9  353.81   52.96   44.93  3227.1  354.94   75.83   29.73     0.0  353.48    0.00    0.00    1.8     58592.375     13.50   47.10740   39.80800  F2               
0 04.04.2019 16:16:46.816   9.99600000   9995.99984   0.11  -63.2   33.8  28.0 10.80  353.5  1640.8  353.78   54.46   44.56  2997.5  354.56   73.78   30.96     0.0  353.54    0.00    0.00    2.0     58606.816     13.50   47.10740   39.80800  F2               
0 04.04.2019 16:17:00.767   9.99600000   9996.13258   0.40  -85.6   10.6  28.0 12.00  352.1  1567.4  352.37   53.75   44.15     0.0  352.09    0.00    0.00     0.0  352.09    0.00    0.00    1.5     58620.767     13.50   47.10740   39.80800  F2               
0 04.04.2019 16:17:00.767   9.99600000   9995.99990   0.11  -53.4   43.6  28.0 12.00  352.1  1567.4  352.37   53.75   44.15     0.0  352.14    0.00    0.00     0.0  352.14    0.00    0.00    1.4     58620.767     13.50   47.10740   39.80800  F2               
0 04.04.2019 16:17:12.602   9.99600000   9996.00020   0.40  -59.8   29.6  28.0 15.00  351.3  1410.5  351.60   52.33   44.27  3117.7  353.08   74.64   27.46     0.0  351.34    0.00    0.00    1.6     58632.602     13.50   47.10740   39.80800  F2               
0 04.04.2019 16:17:25.632   9.99600000   9996.13248   0.40  -87.4   10.8  28.0 13.20  352.8  1504.2  353.09   53.22   44.59  3248.4  354.36   75.94   28.42     0.0  352.79    0.00    0.00    1.5     58645.632     13.50   47.10740   39.80800  F2               
0 04.04.2019 16:17:25.632   9.99600000   9995.99996   0.11  -51.6   47.4  28.0 13.80  352.8  1472.9  353.10   52.94   44.66  3218.0  354.37   75.68   28.73     0.0  352.80    0.00    0.00    1.4     58645.632     13.50   47.10740   39.80800  F2               
0 04.04.2019 16:17:38.546   9.99600000   9996.11666   0.40  -85.8   12.4  28.0 14.40  352.8  1443.2  353.11   52.68   44.73  3179.1  354.39   75.34   29.14     0.0  352.85    0.00    0.00    1.4     58658.546     13.50   47.10740   39.80800  F2               
0 04.04.2019 16:17:38.546   9.99600000   9995.99999   0.11  -59.5   39.5  28.0 13.80  352.8  1473.4  353.10   52.95   44.66  3218.7  354.40   75.69   28.80     0.0  352.85    0.00    0.00    1.4     58658.546     13.50   47.10740   39.80800  F2               
0 04.04.2019 16:18:00.987   9.99600000   9996.11267   0.40  -85.7   12.6  28.0 13.20  354.9  1510.1  355.22   53.34   45.40  3272.2  356.13   76.35   31.74     0.0  354.93    0.00    0.00    1.7     58680.987     13.50   47.10740   39.80800  F2               
0 04.04.2019 16:18:00.987   9.99600000   9995.99967   0.13  -62.7   35.5  28.0 12.60  354.9  1542.6  355.21   53.63   45.35  3373.3  356.21   77.25   31.10     0.0  354.94    0.00    0.00    1.7     58680.987     13.50   47.10740   39.80800  F2               
0 04.04.2019 16:18:12.813   9.99600000   9996.11798   0.40  -84.9   13.4  28.0 12.00  352.8  1571.3  353.08   53.81   44.43     0.0  352.81    0.00    0.00     0.0  352.81    0.00    0.00    1.8     58692.813     13.50   47.10740   39.80800  F2               
0 04.04.2019 16:18:12.813   9.99600000   9995.99989   0.11  -59.4   39.6  28.0 10.80  352.1  1639.7  352.36   54.39   43.95  2989.3  353.33   73.57   29.10     0.0  352.13    0.00    0.00    1.5     58692.813     13.50   47.10740   39.80800  F2               
0 04.04.2019 16:18:24.632   9.99600000   9995.99997   0.11  -60.5   38.5  28.0 12.00  353.5  1573.5  353.79   53.86   44.71     0.0  353.48    0.00    0.00     0.0  353.48    0.00    0.00    1.5     58704.632     13.50   47.10740   39.80800  F2               
0 04.04.2019 16:18:38.711   9.99600000   9995.99966   0.38  -57.8   35.9  28.0 13.80  352.8  1475.1  353.10   52.96   44.66  3218.0  354.36   75.68   28.73     0.0  352.80    0.00    0.00    1.4     58718.711     13.50   47.10740   39.80800  F2               
0 04.04.2019 16:18:50.555   9.99600000   9996.00009   0.33  -58.6   29.7  28.0 11.40  352.8  1607.1  353.08   54.13   44.34  3731.2  354.94   80.16   23.24     0.0  352.77    0.00    0.00    1.5     58730.555     13.50   47.10740   39.80800  F2               
0 04.04.2019 16:19:14.191   9.99600000   9995.86596   0.40  -85.5   12.7  28.0 13.20  353.5  1509.0  353.80   53.29   44.85  3255.7  354.95   76.08   29.50     0.0  353.50    0.00    0.00    1.4     58754.191     13.50   47.10740   39.80800  F2               
0 04.04.2019 16:19:14.191   9.99600000   9995.99997   0.15  -63.0   34.6  28.0 13.80  353.5  1477.7  353.81   53.01   44.92  3227.6  354.97   75.84   29.80     0.0  353.53    0.00    0.00    1.4     58754.191     13.50   47.10740   39.80800  F2               
0 04.04.2019 16:19:28.177   9.99600000   9996.00009   0.11  -53.8   39.2  28.0 11.40  352.8  1608.3  353.08   54.14   44.33  3730.9  354.97   80.17   23.31     0.0  352.80    0.00    0.00    1.4     58768.177     13.50   47.10740   39.80800  F2               
0 04.04.2019 16:19:52.058   9.99600000   9996.00015   0.40  -50.5   30.9  28.0 12.60  352.8  1540.7  353.09   53.54   44.50     0.0  352.83    0.00    0.00     0.0  352.83    0.00    0.00    1.4     58792.058     13.50   47.10740   39.80800  F2               
0 04.04.2019 16:20:03.901   9.99600000   9996.00031   0.40  -54.0   39.5  28.0 12.00  352.1  1572.9  352.37   53.80   44.13     0.0  352.10    0.00    0.00     0.0  352.10    0.00    0.00    1.4     58803.901     13.50   47.10740   39.80800  F2               
0 04.04.2019 16:20:14.662   9.99600000   9996.00035   0.40  -49.0   42.4  28.0 12.00  352.8  1575.1  353.08   53.85   44.42     0.0  352.84    0.00    0.00     0.0  352.84    0.00    0.00    1.4     58814.662     13.50   47.10740   39.80800  F2               
0 04.04.2019 16:20:28.896   9.99600000   9996.00030   0.40  -58.7   32.8  28.0 11.40  352.1  1608.3  352.37   54.11   44.04  3723.4  354.43   79.99   21.84     0.0  352.10    0.00    0.00    1.4     58828.896     13.50   47.10740   39.80800  F2               
0 04.04.2019 16:20:44.031   9.99600000   9996.00027   0.40  -59.3   30.2  28.0 16.80  352.8  1337.2  353.14   51.74   44.98  3126.2  354.46   74.89   29.75     0.0  352.83    0.00    0.00    1.3     58844.031     13.50   47.10740   39.80800  F2               
0 04.04.2019 16:20:59.308   9.99600000   9996.00053   0.40  -54.2   39.3  28.0 13.80  353.5  1480.6  353.81   53.03   44.91  3287.7  355.06   76.37   29.42     0.0  353.49    0.00    0.00    1.5     58859.308     13.50   47.10740   39.80800  F2               
0 04.04.2019 16:21:11.141   9.99600000   9996.00014   0.40  -59.2   30.3  28.0 10.80  353.6  1649.5  353.88   54.54   44.59  3928.6  355.86   82.01   22.35     0.0  353.56    0.00    0.00    1.6     58871.141     13.50   47.10740   39.80800  F2               
0 04.04.2019 16:21:22.995   9.99600000   9995.99962   0.40  -51.4   42.0  28.0 15.60  352.8  1391.9  353.12   52.22   44.85  3159.5  354.47   75.18   29.47     0.0  352.85    0.00    0.00    1.7     58882.995     13.50   47.10740   39.80800  F2               
0 04.04.2019 16:21:33.758   9.99600000   9995.99952   0.40  -60.0   33.4  28.0 12.60  352.0  1541.9  352.28   53.52   44.18  3339.8  353.88   76.66   26.44     0.0  352.04    0.00    0.00    1.6     58893.758     13.50   47.10740   39.80800  F2               
0 04.04.2019 16:21:59.730   9.99600000   9995.99984   0.40  -53.1   38.3  28.0 30.60  353.5   913.9  354.14   47.98   46.03     0.0  353.52    0.00    0.00     0.0  353.52    0.00    0.00    1.7     58919.730     13.50   47.10740   39.80800  F2               
0 04.04.2019 16:21:59.730   9.99600000   9995.99984   0.40  -53.1   38.3  28.0 13.20  353.4  1513.5  353.70   53.32   44.80  3333.3  355.05   76.77   28.95     0.0  353.45    0.00    0.00    1.4     58919.730     13.50   47.10740   39.80800  F2               
0 04.04.2019 16:22:11.625   9.99600000   9996.00036   0.40  -56.4   37.1  28.0 33.00  351.4   863.5  352.10   47.50   45.71     0.0  351.35    0.00    0.00     0.0  351.35    0.00    0.00    2.0     58931.625     13.50   47.10740   39.80800  F2               
0 04.04.2019 16:22:11.625   9.99600000   9996.00036   0.40  -56.4   37.1  28.0 10.20  352.8  1685.4  353.07   54.83   44.14  3105.1  354.01   74.66   29.17     0.0  352.80    0.00    0.00    1.6     58931.625     13.50   47.10740   39.80800  F2               
0 04.04.2019 16:22:22.403   9.99600000   9996.00100   0.40  -50.8   38.6  28.0 16.80  353.5  1341.0  353.85   51.79   45.21  3133.4  355.03   75.02   30.69     0.0  353.51    0.00    0.00    1.5     58942.403     13.50   47.10740   39.80800  F2               
0 04.04.2019 16:22:34.235   9.99600000   9995.99751   0.40  -54.3   27.2  28.0 15.60  353.5  1395.3  353.83   52.27   45.09  3167.9  355.01   75.32   30.38     0.0  353.49    0.00    0.00    1.8     58954.235     13.50   47.10740   39.80800  F2               
0 04.04.2019 16:22:46.228   9.99600000   9996.00025   0.40  -49.5   41.9  28.0 10.80  352.8  1650.4  353.08   54.52   44.23  3913.0  355.31   81.76   20.60     0.0  352.81    0.00    0.00    1.5     58966.228     13.50   47.10740   39.80800  F2               
0 04.04.2019 16:22:46.228   9.99600000   9996.00025   0.40  -49.5   41.9  28.0 31.20  351.4   899.9  352.04   47.82   45.62     0.0  351.35    0.00    0.00     0.0  351.35    0.00    0.00    1.5     58966.228     13.50   47.10740   39.80800  F2               
0 04.04.2019 16:22:58.044   9.99600000   9995.99999   0.40  -50.3   31.2  28.0 31.79  352.8   889.4  353.47   47.76   45.93     0.0  352.80    0.00    0.00     0.0  352.80    0.00    0.00    1.5     58978.044     13.50   47.10740   39.80800  F2               
0 04.04.2019 16:23:12.179   9.99600000   9996.00087   0.40  -48.0   41.5  28.0 12.00  352.1  1578.5  352.38   53.85   44.12  3449.1  354.05   77.62   25.39     0.0  352.10    0.00    0.00    1.6     58992.179     13.50   47.10740   39.80800  F2               
0 04.04.2019 16:23:12.179   9.99600000   9996.00087   0.40  -48.0   41.5  28.0 30.00  352.1   926.8  352.71   48.07   45.70     0.0  352.12    0.00    0.00     0.0  352.12    0.00    0.00    1.6     58992.179     13.50   47.10740   39.80800  F2               
0 04.04.2019 16:23:31.744   9.99600000   9995.99978   0.40  -40.5   37.0  28.0 30.59  352.1   914.3  352.73   47.96   45.73     0.0  352.08    0.00    0.00     0.0  352.08    0.00    0.00    1.4     59011.744     13.50   47.10740   39.80800  F2               
0 04.04.2019 16:23:43.555   9.99600000   9996.00034   0.40  -45.3   42.1  28.0 30.59  350.6   913.0  351.21   47.92   45.41     0.0  350.65    0.00    0.00     0.0  350.65    0.00    0.00    1.4     59023.555     13.50   47.10740   39.80800  F2               
0 04.04.2019 16:23:55.517   9.99600000   9996.00055   0.40  -43.0   44.4  28.0 31.20  352.8   902.6  353.46   47.87   45.91     0.0  352.79    0.00    0.00     0.0  352.79    0.00    0.00    1.6     59035.517     13.50   47.10740   39.80800  F2               
0 04.04.2019 16:23:55.517   9.99600000   9996.00055   0.40  -43.0   44.4  28.0 10.20  353.6  1691.1  353.88   54.91   44.49  3109.7  354.67   74.77   30.26     0.0  353.56    0.00    0.00    1.5     59035.517     13.50   47.10740   39.80800  F2               
0 04.04.2019 16:24:10.636   9.99600000   9996.00007   0.40  -37.5   35.9  28.0 30.00  352.8   928.6  353.42   48.10   45.85     0.0  352.79    0.00    0.00     0.0  352.79    0.00    0.00    1.4     59050.636     13.50   47.10740   39.80800  F2               
0 04.04.2019 16:24:22.521   9.99600000   9996.00051   0.40  -48.0   45.4  28.0 30.60  353.5   916.5  354.15   48.01   46.03     0.0  353.51    0.00    0.00     0.0  353.51    0.00    0.00    1.6     59062.521     13.50   47.10740   39.80800  F2               
0 04.04.2019 16:24:35.527   9.99600000   9996.00006   0.40  -41.0   46.4  28.0 29.40  352.7   942.5  353.30   48.22   45.80     0.0  352.75    0.00    0.00     0.0  352.75    0.00    0.00    1.5     59075.527     13.50   47.10740   39.80800  F2               
0 04.04.2019 16:24:47.370   9.99600000   9995.96626   0.40  -78.1   15.3  28.0 30.60  352.8   916.2  353.44   47.99   45.88     0.0  352.78    0.00    0.00     0.0  352.78    0.00    0.00    1.6     59087.370     13.50   47.10740   39.80800  F2               
0 04.04.2019 16:24:59.166   9.99600000   9996.00069   0.40  -42.3   45.1  28.0 12.60  352.8  1549.7  353.09   53.62   44.48  3355.1  354.54   76.89   27.63     0.0  352.82    0.00    0.00    1.6     59099.166     13.50   47.10740   39.80800  F2               
0 04.04.2019 16:24:59.166   9.99600000   9996.00069   0.40  -42.3   45.1  28.0 30.60  352.8   916.4  353.44   47.99   45.88     0.0  352.76    0.00    0.00     0.0  352.76    0.00    0.00    1.5     59099.166     13.50   47.10740   39.80800  F2               
0 04.04.2019 16:25:09.927   9.99600000   9995.99955   0.40  -41.2   40.3  28.0 15.00  352.8  1426.4  353.12   52.53   44.77  3182.1  354.40   75.37   29.15     0.0  352.77    0.00    0.00    1.8     59109.927     13.50   47.10740   39.80800  F2               
0 04.04.2019 16:25:09.927   9.99600000   9995.99955   0.40  -41.2   40.3  28.0 28.20  352.1   970.7  352.66   48.46   45.60     0.0  352.10    0.00    0.00     0.0  352.10    0.00    0.00    1.6     59109.927     13.50   47.10740   39.80800  F2               
0 04.04.2019 16:25:23.627   9.99600000   9996.00006   0.40  -46.5   42.9  28.0 29.40  352.8   943.5  353.40   48.24   45.82     0.0  352.80    0.00    0.00     0.0  352.80    0.00    0.00    1.6     59123.627     13.50   47.10740   39.80800  F2               
0 04.04.2019 16:25:35.602   9.99600000   9995.99900   0.40  -41.9   41.5  28.0 27.60  353.5   987.4  354.06   48.64   45.90     0.0  353.53    0.00    0.00     0.0  353.53    0.00    0.00    1.6     59135.602     13.50   47.10740   39.80800  F2               
0 04.04.2019 16:25:46.385   9.99600000   9995.99953   0.40  -47.3   36.1  28.0 30.00  352.8   930.3  353.42   48.12   45.85     0.0  352.78    0.00    0.00     0.0  352.78    0.00    0.00    1.5     59146.385     13.50   47.10740   39.80800  F2               
0 04.04.2019 16:25:46.385   9.99600000   9995.99953   0.40  -47.3   36.1  28.0 13.20  354.2  1522.1  354.52   53.42   45.11  3350.9  355.67   77.00   30.11     0.0  354.19    0.00    0.00    1.5     59146.385     13.50   47.10740   39.80800  F2               
0 04.04.2019 16:25:59.340   9.99600000   9996.00092   0.40  -47.1   42.4  28.0 25.80  352.8  1034.1  353.31   49.04   45.63     0.0  352.78    0.00    0.00     0.0  352.78    0.00    0.00    1.7     59159.340     13.50   47.10740   39.80800  F2               
0 04.04.2019 16:25:59.340   9.99600000   9996.00092   0.40  -47.1   42.4  28.0 28.20  352.1   971.6  352.66   48.47   45.60     0.0  352.10    0.00    0.00     0.0  352.10    0.00    0.00    1.7     59159.340     13.50   47.10740   39.80800  F2               
0 04.04.2019 16:25:59.340   9.99600000   9996.00092   0.40  -47.1   42.4  28.0 14.40  353.6  1458.9  353.92   52.84   45.00  3235.0  355.11   75.92   29.99     0.0  353.58    0.00    0.00    1.5     59159.340     13.50   47.10740   39.80800  F2               
0 04.04.2019 16:26:10.086   9.99600000   9995.99959   0.40  -41.9   45.6  28.0 21.00  353.5  1183.3  353.92   50.39   45.52     0.0  353.55    0.00    0.00     0.0  353.55    0.00    0.00    1.5     59170.086     13.50   47.10740   39.80800  F2               
0 04.04.2019 16:26:10.086   9.99600000   9995.99959   0.40  -41.9   45.6  28.0 29.99  352.1   930.2  352.71   48.10   45.70     0.0  352.11    0.00    0.00     0.0  352.11    0.00    0.00    1.5     59170.086     13.50   47.10740   39.80800  F2               
0 04.04.2019 16:26:10.086   9.99600000   9995.99959   0.40  -41.9   45.6  28.0 28.20  352.8   972.6  353.37   48.49   45.76     0.0  352.78    0.00    0.00     0.0  352.78    0.00    0.00    1.5     59170.086     13.50   47.10740   39.80800  F2               
0 04.04.2019 16:26:21.899   9.99600000   9996.00042   0.40  -41.2   44.3  28.0 10.20  354.9  1700.0  355.20   55.03   45.07  3110.9  355.82   74.90   32.26     0.0  354.91    0.00    0.00    1.5     59181.899     13.50   47.10740   39.80800  F2               
0 04.04.2019 16:26:21.899   9.99600000   9996.00042   0.40  -41.2   44.3  28.0 28.80  352.8   958.4  353.39   48.37   45.79     0.0  352.82    0.00    0.00     0.0  352.82    0.00    0.00    1.4     59181.899     13.50   47.10740   39.80800  F2               
0 04.04.2019 16:26:34.767   9.99600000   9995.99995   0.40  -39.9   45.6  28.0 29.40  352.8   944.7  353.40   48.25   45.82     0.0  352.83    0.00    0.00     0.0  352.83    0.00    0.00    1.4     59194.767     13.50   47.10740   39.80800  F2               
0 04.04.2019 16:26:45.605   9.99600000   9995.99986   0.40  -38.3   39.2  28.0 28.81  352.7   958.4  353.28   48.37   45.77     0.0  352.74    0.00    0.00     0.0  352.74    0.00    0.00    1.4     59205.605     13.50   47.10740   39.80800  F2               
0 04.04.2019 16:26:56.344   9.99600000   9996.00093   0.40  -47.1   32.3  28.0 15.60  352.8  1400.8  353.13   52.30   44.83  3159.4  354.47   75.18   29.47     0.0  352.85    0.00    0.00    1.7     59216.344     13.50   47.10740   39.80800  F2               
0 04.04.2019 16:26:56.344   9.99600000   9996.00093   0.40  -47.1   32.3  28.0 27.60  352.8   988.2  353.35   48.63   45.73     0.0  352.79    0.00    0.00     0.0  352.79    0.00    0.00    1.4     59216.344     13.50   47.10740   39.80800  F2               
0 04.04.2019 16:27:07.848   9.99600000   9996.00053   0.40  -40.8   40.7  28.0 10.80  351.4  1654.2  351.66   54.49   43.60  3880.5  354.18   81.22   17.47     0.0  351.35    0.00    0.00    1.9     59227.848     13.50   47.10740   39.80800  F2               
0 04.04.2019 16:27:07.848   9.99600000   9996.00053   0.40  -40.8   40.7  28.0 28.20  352.1   972.8  352.66   48.48   45.60     0.0  352.10    0.00    0.00     0.0  352.10    0.00    0.00    1.5     59227.848     13.50   47.10740   39.80800  F2               
0 04.04.2019 16:27:20.814   9.99600000   9996.00058   0.40  -39.7   45.7  28.0 17.40  352.8  1321.8  353.15   51.60   45.01  3124.0  354.48   74.88   29.80     0.0  352.83    0.00    0.00    1.5     59240.814     13.50   47.10740   39.80800  F2               
0 04.04.2019 16:27:20.814   9.99600000   9996.00058   0.40  -39.7   45.7  28.0 28.20  352.8   973.8  353.37   48.51   45.76     0.0  352.85    0.00    0.00     0.0  352.85    0.00    0.00    1.5     59240.814     13.50   47.10740   39.80800  F2               
0 04.04.2019 16:27:33.821   9.99600000   9995.99896   0.40  -49.8   35.7  28.0 16.20  352.8  1374.3  353.13   52.07   44.89  3139.4  354.45   75.01   29.62     0.0  352.83    0.00    0.00    1.7     59253.821     13.50   47.10740   39.80800  F2               
0 04.04.2019 16:27:33.821   9.99600000   9995.99896   0.40  -49.8   35.7  28.0 30.00  352.8   932.1  353.42   48.13   45.85     0.0  352.79    0.00    0.00     0.0  352.79    0.00    0.00    1.6     59253.821     13.50   47.10740   39.80800  F2               
0 04.04.2019 16:27:44.578   9.99600000   9996.00073   0.40  -43.0   38.5  28.0 25.80  352.8  1036.1  353.31   49.06   45.63     0.0  352.81    0.00    0.00     0.0  352.81    0.00    0.00    1.5     59264.578     13.50   47.10740   39.80800  F2               
0 04.04.2019 16:27:55.415   9.99600000   9995.99956   0.40  -41.5   44.0  28.0 25.20  353.5  1053.9  354.00   49.23   45.77     0.0  353.50    0.00    0.00     0.0  353.50    0.00    0.00    1.4     59275.415     13.50   47.10740   39.80800  F2               
0 04.04.2019 16:28:09.416   9.99600000   9996.00034   0.40  -43.8   45.6  28.0 29.39  352.8   946.5  353.40   48.26   45.82     0.0  352.77    0.00    0.00     0.0  352.77    0.00    0.00    1.5     59289.416     13.50   47.10740   39.80800  F2               
0 04.04.2019 16:28:22.314   9.99600000   9995.99980   0.40  -41.3   38.1  28.0 28.20  352.8   974.9  353.37   48.51   45.76     0.0  352.81    0.00    0.00     0.0  352.81    0.00    0.00    1.5     59302.314     13.50   47.10740   39.80800  F2               
0 04.04.2019 16:28:22.314   9.99600000   9995.99980   0.40  -41.3   38.1  28.0 13.20  352.8  1522.9  353.10   53.38   44.55  3319.1  354.55   76.58   28.06     0.0  352.85    0.00    0.00    1.4     59302.314     13.50   47.10740   39.80800  F2               
0 04.04.2019 16:28:34.105   9.99600000   9995.99890   0.40  -45.9   33.6  28.0 28.20  353.5   975.9  354.08   48.54   45.92     0.0  353.50    0.00    0.00     0.0  353.50    0.00    0.00    1.7     59314.105     13.50   47.10740   39.80800  F2               
0 04.04.2019 16:28:34.105   9.99600000   9995.99890   0.40  -45.9   33.6  28.0  6.00  354.9  2004.8  355.19   57.76   44.49  2710.0  355.29   71.31   33.73     0.0  354.92    0.00    0.00    1.6     59314.105     13.50   47.10740   39.80800  F2               
0 04.04.2019 16:28:44.928   9.99600000   9996.00077   0.40  -44.0   37.4  28.0 27.00  352.1  1004.5  352.63   48.76   45.53     0.0  352.10    0.00    0.00     0.0  352.10    0.00    0.00    1.5     59324.928     13.50   47.10740   39.80800  F2               
0 04.04.2019 16:28:57.959   9.99600000   9995.99920   0.40  -43.8   37.6  28.0 16.80  353.5  1351.2  353.85   51.88   45.19  3133.7  355.04   75.03   30.72     0.0  353.53    0.00    0.00    1.5     59337.959     13.50   47.10740   39.80800  F2               
0 04.04.2019 16:29:08.755   9.99600000   9995.99906   0.40  -49.5   37.9  28.0 21.00  352.8  1186.2  353.21   50.39   45.31     0.0  352.80    0.00    0.00     0.0  352.80    0.00    0.00    1.8     59348.755     13.50   47.10740   39.80800  F2               
0 04.04.2019 16:29:19.506   9.99600000   9996.00005   0.40  -44.0   43.5  28.0 10.20  350.6  1692.3  350.85   54.78   43.13  3108.0  352.17   74.42   26.05     0.0  350.65    0.00    0.00    1.9     59359.506     13.50   47.10740   39.80800  F2               
0 04.04.2019 16:29:19.506   9.99600000   9996.00005   0.40  -44.0   43.5  28.0 29.99  353.5   934.8  354.13   48.17   46.00     0.0  353.48    0.00    0.00     0.0  353.48    0.00    0.00    1.5     59359.506     13.50   47.10740   39.80800  F2               
0 04.04.2019 16:29:33.581   9.99600000   9995.99907   0.40  -42.9   42.6  28.0 29.40  352.8   947.7  353.40   48.27   45.81     0.0  352.81    0.00    0.00     0.0  352.81    0.00    0.00    1.5     59373.581     13.50   47.10740   39.80800  F2               
0 04.04.2019 16:29:33.581   9.99600000   9995.99907   0.40  -42.9   42.6  28.0 12.60  353.5  1559.2  353.81   53.73   44.75  3368.6  355.10   77.08   28.69     0.0  353.49    0.00    0.00    1.5     59373.581     13.50   47.10740   39.80800  F2               
0 04.04.2019 16:29:46.657   9.99600000   9996.00042   0.40  -46.7   46.7  28.0 30.60  352.8   921.1  353.44   48.04   45.87     0.0  352.81    0.00    0.00     0.0  352.81    0.00    0.00    1.5     59386.657     13.50   47.10740   39.80800  F2               
0 04.04.2019 16:29:46.657   9.99600000   9996.00042   0.40  -46.7   46.7  28.0 13.20  354.2  1528.7  354.52   53.48   45.09  3351.3  355.68   77.00   30.13     0.0  354.20    0.00    0.00    1.5     59386.657     13.50   47.10740   39.80800  F2               
0 04.04.2019 16:29:58.586   9.99600000   9995.99975   0.40  -36.7   54.8  28.0 15.60  352.8  1405.4  353.13   52.34   44.82  3159.2  354.45   75.18   29.45     0.0  352.83    0.00    0.00    1.7     59398.586     13.50   47.10740   39.80800  F2               
0 04.04.2019 16:29:58.586   9.99600000   9995.99975   0.40  -36.7   54.8  28.0 28.80  354.3   963.7  354.91   48.44   46.12     0.0  354.27    0.00    0.00     0.0  354.27    0.00    0.00    1.5     59398.586     13.50   47.10740   39.80800  F2               
0 04.04.2019 16:30:10.459   9.99600000   9995.99985   0.40  -35.2   58.3  28.0 30.60  353.5   922.3  354.15   48.06   46.02     0.0  353.49    0.00    0.00     0.0  353.49    0.00    0.00    1.5     59410.459     13.50   47.10740   39.80800  F2               
0 04.04.2019 16:30:22.359   9.99600000   9995.99976   0.22  -38.2   47.8  28.0 31.80  352.1   895.8  352.77   47.80   45.78     0.0  352.10    0.00    0.00     0.0  352.10    0.00    0.00    1.6     59422.359     13.50   47.10740   39.80800  F2               
0 04.04.2019 16:30:22.359   9.99600000   9995.99976   0.22  -38.2   47.8  28.0 15.60  353.6  1407.9  353.94   52.39   45.11  3169.2  355.08   75.34   30.49     0.0  353.57    0.00    0.00    1.4     59422.359     13.50   47.10740   39.80800  F2               
0 04.04.2019 16:30:34.203   9.99600000   9995.99982   0.27  -43.1   52.1  28.0 34.20  353.5   851.6  354.28   47.43   46.15     0.0  353.50    0.00    0.00     0.0  353.50    0.00    0.00    2.0     59434.203     13.50   47.10740   39.80800  F2               
0 04.04.2019 16:30:44.932   9.99600000   9995.99980   0.40  -35.6   55.9  28.0 30.60  352.1   921.6  352.73   48.03   45.72     0.0  352.11    0.00    0.00     0.0  352.11    0.00    0.00    1.7     59444.932     13.50   47.10740   39.80800  F2               
0 04.04.2019 16:30:44.932   9.99600000   9995.99980   0.40  -35.6   55.9  28.0 13.20  353.6  1529.0  353.91   53.47   44.85  3336.2  355.15   76.81   29.13     0.0  353.56    0.00    0.00    1.4     59444.932     13.50   47.10740   39.80800  F2               
0 04.04.2019 16:30:55.747   9.99600000   9995.99982   0.27  -38.1   57.1  28.0 28.21  352.8   977.6  353.37   48.54   45.75     0.0  352.79    0.00    0.00     0.0  352.79    0.00    0.00    1.7     59455.747     13.50   47.10740   39.80800  F2               
0 04.04.2019 16:31:07.594   9.99600000   9995.99982   0.40  -36.6   50.9  28.0 28.80  352.8   963.7  353.39   48.42   45.78     0.0  352.82    0.00    0.00     0.0  352.82    0.00    0.00    1.5     59467.594     13.50   47.10740   39.80800  F2               
0 04.04.2019 16:31:20.487   9.99600000   9995.99984   0.40  -35.7   57.7  28.0 14.40  353.5  1467.9  353.83   52.92   44.95  3233.3  355.02   75.89   29.85     0.0  353.48    0.00    0.00    1.6     59480.487     13.50   47.10740   39.80800  F2               
0 04.04.2019 16:31:20.487   9.99600000   9995.99984   0.40  -35.7   57.7  28.0 29.40  352.8   950.1  353.41   48.29   45.81     0.0  352.79    0.00    0.00     0.0  352.79    0.00    0.00    1.5     59480.487     13.50   47.10740   39.80800  F2               
0 04.04.2019 16:31:36.576   9.99600000   9996.00001   0.40  -48.8   44.7  28.0 26.40  352.1  1024.0  352.62   48.94   45.49     0.0  352.07    0.00    0.00     0.0  352.07    0.00    0.00    1.8     59496.576     13.50   47.10740   39.80800  F2               
0 04.04.2019 16:31:36.576   9.99600000   9996.00001   0.40  -48.8   44.7  28.0 12.00  352.8  1595.5  353.09   54.03   44.37     0.0  352.81    0.00    0.00     0.0  352.81    0.00    0.00    1.7     59496.576     13.50   47.10740   39.80800  F2               
0 04.04.2019 16:31:47.192   9.99600000   9995.99979   0.33  -36.9   51.4  28.0 12.00  354.2  1599.9  354.51   54.12   44.96  3494.2  355.77   78.26   28.91     0.0  354.20    0.00    0.00    1.5     59507.192     13.50   47.10740   39.80800  F2               
0 04.04.2019 16:32:01.197   9.99600000   9995.99978   0.40  -38.9   54.5  28.0 30.00  352.8   937.4  353.43   48.18   45.84     0.0  352.79    0.00    0.00     0.0  352.79    0.00    0.00    1.4     59521.197     13.50   47.10740   39.80800  F2               
0 04.04.2019 16:32:01.197   9.99600000   9995.99978   0.40  -38.9   54.5  28.0 31.80  352.1   898.1  352.77   47.82   45.77     0.0  352.09    0.00    0.00     0.0  352.09    0.00    0.00    1.4     59521.197     13.50   47.10740   39.80800  F2               
0 04.04.2019 16:32:13.997   9.99600000   9995.99984   0.33  -39.7   54.6  28.0 30.60  352.1   923.7  352.74   48.05   45.71     0.0  352.09    0.00    0.00     0.0  352.09    0.00    0.00    1.7     59533.997     13.50   47.10740   39.80800  F2               
0 04.04.2019 16:32:13.997   9.99600000   9995.99984   0.33  -39.7   54.6  28.0 21.00  352.8  1191.2  353.21   50.44   45.30     0.0  352.83    0.00    0.00     0.0  352.83    0.00    0.00    1.5     59533.997     13.50   47.10740   39.80800  F2               
0 04.04.2019 16:32:29.158   9.99600000   9995.99972   0.35  -36.7   53.3  28.0 31.80  352.8   899.5  353.48   47.84   45.92     0.0  352.80    0.00    0.00     0.0  352.80    0.00    0.00    1.6     59549.158     13.50   47.10740   39.80800  F2               
0 04.04.2019 16:32:29.158   9.99600000   9995.99972   0.35  -36.7   53.3  28.0 21.60  354.2  1173.0  354.64   50.31   45.75     0.0  354.21    0.00    0.00     0.0  354.21    0.00    0.00    1.4     59549.158     13.50   47.10740   39.80800  F2               
0 04.04.2019 16:32:44.218   9.99600000   9995.99985   0.27  -40.1   55.1  28.0 26.40  354.9  1029.2  355.45   49.04   46.17     0.0  354.95    0.00    0.00     0.0  354.95    0.00    0.00    1.8     59564.218     13.50   47.10740   39.80800  F2               
0 04.04.2019 16:32:57.075   9.99600000   9995.81718   0.07  -92.1    9.1  28.0 27.60  353.5   996.6  354.07   48.72   45.88     0.0  353.50    0.00    0.00     0.0  353.50    0.00    0.00    1.9     59577.075     13.50   47.10740   39.80800  F2               
0 04.04.2019 16:32:57.075   9.99600000   9995.99983   0.29  -37.7   57.1  28.0 28.80  353.5   967.2  354.10   48.46   45.94     0.0  353.52    0.00    0.00     0.0  353.52    0.00    0.00    1.7     59577.075     13.50   47.10740   39.80800  F2               
0 04.04.2019 16:33:13.310   9.99600000   9995.99986   0.24  -39.6   52.0  28.0 21.00  352.8  1192.9  353.21   50.45   45.30     0.0  352.80    0.00    0.00     0.0  352.80    0.00    0.00    1.7     59593.310     13.50   47.10740   39.80800  F2               
0 04.04.2019 16:33:27.390   9.99600000   9995.99993   0.24  -35.2   46.4  28.0 28.80  352.8   967.1  353.39   48.45   45.78     0.0  352.79    0.00    0.00     0.0  352.79    0.00    0.00    1.4     59607.390     13.50   47.10740   39.80800  F2               
0 04.04.2019 16:33:38.129   9.99600000   9995.99979   0.13  -39.0   53.3  28.0 31.79  351.4   899.8  352.07   47.82   45.62     0.0  351.36    0.00    0.00     0.0  351.36    0.00    0.00    1.5     59618.129     13.50   47.10740   39.80800  F2               
0 04.04.2019 16:33:55.511   9.99600000   9996.12707   0.40  -84.4   12.6  28.0 31.80  352.8   901.4  353.49   47.86   45.91     0.0  352.82    0.00    0.00     0.0  352.82    0.00    0.00    1.9     59635.511     13.50   47.10740   39.80800  F2               
0 04.04.2019 16:33:55.511   9.99600000   9995.99992   0.20  -35.7   58.7  28.0 15.60  353.5  1415.0  353.84   52.45   45.06  3168.2  355.03   75.33   30.42     0.0  353.52    0.00    0.00    1.5     59635.511     13.50   47.10740   39.80800  F2               
0 04.04.2019 16:33:55.511   9.99600000   9995.99992   0.20  -35.7   58.7  28.0 28.20  352.8   982.3  353.38   48.58   45.75     0.0  352.82    0.00    0.00     0.0  352.82    0.00    0.00    1.4     59635.511     13.50   47.10740   39.80800  F2               
0 04.04.2019 16:34:12.826   9.99600000   9995.99995   0.24  -34.3   53.3  28.0 27.00  352.9  1013.1  353.45   48.86   45.71     0.0  352.85    0.00    0.00     0.0  352.85    0.00    0.00    1.4     59652.826     13.50   47.10740   39.80800  F2               
0 04.04.2019 16:34:24.658   9.99600000   9996.16532   0.04  -91.2    7.8  28.0 27.60  352.1   997.1  352.65   48.70   45.55     0.0  352.10    0.00    0.00     0.0  352.10    0.00    0.00    1.5     59664.658     13.50   47.10740   39.80800  F2               
0 04.04.2019 16:34:24.658   9.99600000   9995.99995   0.35  -32.9   57.0  28.0 29.40  352.8   954.4  353.41   48.33   45.80     0.0  352.77    0.00    0.00     0.0  352.77    0.00    0.00    1.4     59664.658     13.50   47.10740   39.80800  F2               
0 04.04.2019 16:34:36.606   9.99600000   9995.99995   0.40  -35.1   56.4  28.0 22.80  353.5  1135.9  353.96   49.96   45.62     0.0  353.49    0.00    0.00     0.0  353.49    0.00    0.00    1.5     59676.606     13.50   47.10740   39.80800  F2               
0 04.04.2019 16:34:36.606   9.99600000   9995.99995   0.40  -35.1   56.4  28.0 24.60  352.8  1079.8  353.29   49.45   45.54     0.0  352.81    0.00    0.00     0.0  352.81    0.00    0.00    1.5     59676.606     13.50   47.10740   39.80800  F2               
0 04.04.2019 16:34:48.823   9.99600000   9995.99999   0.40  -26.6   66.8  28.0 13.80  354.2  1507.9  354.53   53.30   45.14     0.0  354.23    0.00    0.00     0.0  354.23    0.00    0.00    1.7     59688.823     13.50   47.10740   39.80800  F2               
0 04.04.2019 16:34:48.823   9.99600000   9995.99999   0.40  -26.6   66.8  28.0 28.80  352.8   969.0  353.39   48.46   45.77     0.0  352.83    0.00    0.00     0.0  352.83    0.00    0.00    1.4     59688.823     13.50   47.10740   39.80800  F2               
0 04.04.2019 16:35:00.658   9.99600000   9995.99993   0.40  -22.7   68.7  28.0 15.00  353.5  1445.9  353.84   52.72   44.99  3192.6  355.03   75.54   30.21     0.0  353.51    0.00    0.00    1.5     59700.658     13.50   47.10740   39.80800  F2               
0 04.04.2019 16:35:00.658   9.99600000   9995.99993   0.40  -22.7   68.7  28.0 27.00  353.5  1015.0  354.06   48.89   45.85     0.0  353.47    0.00    0.00     0.0  353.47    0.00    0.00    1.4     59700.658     13.50   47.10740   39.80800  F2               
0 04.04.2019 16:35:12.502   9.99600000   9996.00001   0.40  -27.6   53.8  28.0 28.20  352.8   984.1  353.38   48.60   45.74     0.0  352.83    0.00    0.00     0.0  352.83    0.00    0.00    1.4     59712.502     13.50   47.10740   39.80800  F2               
0 04.04.2019 16:35:27.749   9.99600000   9996.00000   0.40  -26.7   64.8  28.0 28.20  353.5   985.3  354.09   48.62   45.90     0.0  353.48    0.00    0.00     0.0  353.48    0.00    0.00    1.4     59727.749     13.50   47.10740   39.80800  F2               
0 04.04.2019 16:35:40.733   9.99600000   9996.00004   0.40  -27.1   54.4  28.0 27.59  352.8  1000.0  353.36   48.74   45.71     0.0  352.85    0.00    0.00     0.0  352.85    0.00    0.00    1.4     59740.733     13.50   47.10740   39.80800  F2               
0 04.04.2019 16:35:54.694   9.99600000   9996.00005   0.40  -29.0   62.5  28.0 12.00  354.2  1609.4  354.52   54.20   44.94  3547.1  355.86   78.73   28.55     0.0  354.20    0.00    0.00    1.8     59754.694     13.50   47.10740   39.80800  F2               
0 04.04.2019 16:35:54.694   9.99600000   9996.00005   0.40  -29.0   62.5  28.0 27.60  353.5  1000.9  354.07   48.76   45.88     0.0  353.47    0.00    0.00     0.0  353.47    0.00    0.00    1.4     59754.694     13.50   47.10740   39.80800  F2               
0 04.04.2019 16:36:08.706   9.99600000   9995.99987   0.20  -42.7   45.7  28.0 31.80  351.4   902.8  352.07   47.85   45.62     0.0  351.38    0.00    0.00     0.0  351.38    0.00    0.00    1.9     59768.706     13.50   47.10740   39.80800  F2               
0 04.04.2019 16:36:21.591   9.99600000   9996.00008   0.40  -26.1   57.4  28.0 12.00  354.2  1610.5  354.52   54.21   44.94  3546.9  355.85   78.73   28.53     0.0  354.19    0.00    0.00    1.6     59781.591     13.50   47.10740   39.80800  F2               
0 04.04.2019 16:36:21.591   9.99600000   9996.00008   0.40  -26.1   57.4  28.0 28.20  352.8   985.7  353.38   48.61   45.74     0.0  352.82    0.00    0.00     0.0  352.82    0.00    0.00    1.4     59781.591     13.50   47.10740   39.80800  F2               
0 04.04.2019 16:36:33.475   9.99600000   9995.99992   0.24  -39.8   43.8  28.0 25.20  352.8  1065.5  353.31   49.32   45.57     0.0  352.82    0.00    0.00     0.0  352.82    0.00    0.00    1.5     59793.475     13.50   47.10740   39.80800  F2               
0 04.04.2019 16:36:33.475   9.99600000   9995.99992   0.24  -39.8   43.8  28.0 24.00  353.5  1101.6  353.99   49.66   45.69     0.0  353.49    0.00    0.00     0.0  353.49    0.00    0.00    1.5     59793.475     13.50   47.10740   39.80800  F2               
0 04.04.2019 16:36:47.570   9.99600000   9996.00009   0.40  -31.3   56.1  28.0  8.40  353.5  1839.2  353.79   56.22   44.10  2429.8  353.95   68.74   33.60  3921.2  355.12   81.79   19.72    1.4     59807.570     13.50   47.10740   39.80800  F2               
0 04.04.2019 16:36:47.570   9.99600000   9996.00009   0.40  -31.3   56.1  28.0 28.20  352.8   986.3  353.38   48.62   45.74     0.0  352.82    0.00    0.00     0.0  352.82    0.00    0.00    1.4     59807.570     13.50   47.10740   39.80800  F2               
0 04.04.2019 16:37:01.582   9.99600000   9996.00004   0.40  -31.9   51.6  28.0 11.40  354.2  1647.6  354.52   54.54   44.87  3667.9  356.01   79.80   27.45     0.0  354.24    0.00    0.00    1.5     59821.582     13.50   47.10740   39.80800  F2               
0 04.04.2019 16:37:01.582   9.99600000   9996.00004   0.40  -31.9   51.6  28.0 26.40  352.8  1032.9  353.33   49.03   45.64     0.0  352.81    0.00    0.00     0.0  352.81    0.00    0.00    1.5     59821.582     13.50   47.10740   39.80800  F2               
0 04.04.2019 16:37:16.817   9.99600000   9995.99986   0.40  -29.8   55.7  28.0 30.60  352.1   930.4  352.74   48.11   45.70     0.0  352.11    0.00    0.00     0.0  352.11    0.00    0.00    1.6     59836.817     13.50   47.10740   39.80800  F2               
0 04.04.2019 16:37:16.817   9.99600000   9995.99986   0.40  -29.8   55.7  28.0 15.60  354.2  1423.3  354.56   52.54   45.30  3243.9  355.70   76.06   31.07     0.0  354.22    0.00    0.00    1.4     59836.817     13.50   47.10740   39.80800  F2               
0 04.04.2019 16:37:30.343   9.99600000   9995.99994   0.40  -31.9   57.5  28.0 29.40  352.1   957.8  352.71   48.35   45.64     0.0  352.09    0.00    0.00     0.0  352.09    0.00    0.00    1.7     59850.343     13.50   47.10740   39.80800  F2               
0 04.04.2019 16:37:41.057   9.99600000   9996.00003   0.40  -28.1   65.3  28.0 12.60  353.6  1577.3  353.92   53.90   44.76  3486.3  355.34   78.14   27.95     0.0  353.58    0.00    0.00    1.5     59861.057     13.50   47.10740   39.80800  F2               
0 04.04.2019 16:37:41.057   9.99600000   9996.00003   0.40  -28.1   65.3  28.0 28.20  352.8   987.5  353.38   48.63   45.74     0.0  352.81    0.00    0.00     0.0  352.81    0.00    0.00    1.4     59861.057     13.50   47.10740   39.80800  F2               
0 04.04.2019 16:37:52.882   9.99600000   9995.99991   0.07  -80.5    4.8  28.0 24.60  352.8  1084.8  353.29   49.49   45.53     0.0  352.80    0.00    0.00     0.0  352.80    0.00    0.00    1.8     59872.882     13.50   47.10740   39.80800  F2               
0 04.04.2019 16:38:06.423   9.99600000   9996.00135   0.09  -80.3   17.7  28.0 25.20  353.5  1068.6  354.02   49.36   45.75     0.0  353.50    0.00    0.00     0.0  353.50    0.00    0.00    1.9     59886.423     13.50   47.10740   39.80800  F2               
0 04.04.2019 16:38:21.204   9.99600000   9996.00005   0.11  -77.4   21.6  28.0 27.60  352.8  1003.4  353.37   48.77   45.71     0.0  352.81    0.00    0.00     0.0  352.81    0.00    0.00    1.3     59901.204     13.50   47.10740   39.80800  F2               
0 04.04.2019 16:38:34.719   9.99600000   9995.99992   0.11  -80.1   16.9  28.0 27.00  352.8  1019.2  353.35   48.91   45.67     0.0  352.81    0.00    0.00     0.0  352.81    0.00    0.00    1.8     59914.719     13.50   47.10740   39.80800  F2               
0 04.04.2019 16:39:00.527   9.99600000   9995.99991   0.40  -38.3   43.2  28.0 25.20  352.8  1069.0  353.31   49.35   45.57     0.0  352.84    0.00    0.00     0.0  352.84    0.00    0.00    1.5     59940.527     13.50   47.10740   39.80800  F2               
0 04.04.2019 16:39:15.675   9.99600000   9996.00010   0.40  -32.2   51.2  28.0 19.80  353.6  1248.2  354.01   50.97   45.43  3453.3  355.54   77.88   28.80     0.0  353.55    0.00    0.00    1.5     59955.675     13.50   47.10740   39.80800  F2               
0 04.04.2019 16:39:15.675   9.99600000   9996.00010   0.40  -32.2   51.2  28.0 28.80  352.8   975.0  353.40   48.52   45.76     0.0  352.78    0.00    0.00     0.0  352.78    0.00    0.00    1.4     59955.675     13.50   47.10740   39.80800  F2               
0 04.04.2019 16:39:26.461   9.99600000   9996.00009   0.40  -33.9   51.6  28.0 19.20  353.6  1271.5  354.00   51.17   45.39  3308.8  355.34   76.59   29.80     0.0  353.55    0.00    0.00    1.4     59966.461     13.50   47.10740   39.80800  F2               
0 04.04.2019 16:39:26.461   9.99600000   9996.00009   0.40  -33.9   51.6  28.0 27.60  352.8  1004.9  353.37   48.78   45.70     0.0  352.81    0.00    0.00     0.0  352.81    0.00    0.00    1.4     59966.461     13.50   47.10740   39.80800  F2               
0 04.04.2019 16:39:37.287   9.99600000   9996.00011   0.40  -28.9   50.5  28.0 16.80  353.5  1371.4  353.87   52.06   45.15  3196.5  355.08   75.58   30.27     0.0  353.47    0.00    0.00    1.5     59977.287     13.50   47.10740   39.80800  F2               
0 04.04.2019 16:39:37.287   9.99600000   9996.00011   0.40  -28.9   50.5  28.0 27.60  352.8  1005.2  353.37   48.78   45.70     0.0  352.80    0.00    0.00     0.0  352.80    0.00    0.00    1.4     59977.287     13.50   47.10740   39.80800  F2               
0 04.04.2019 16:39:49.807   9.99600000   9996.00140   0.09  -86.6   13.3  28.0 17.40  354.2  1347.0  354.59   51.86   45.44  3203.2  355.71   75.70   31.41     0.0  354.22    0.00    0.00    1.7     59989.807     13.50   47.10740   39.80800  F2               
0 04.04.2019 16:39:49.807   9.99600000   9996.00140   0.09  -86.6   13.3  28.0 26.40  352.8  1036.9  353.34   49.07   45.64     0.0  352.81    0.00    0.00     0.0  352.81    0.00    0.00    1.6     59989.807     13.50   47.10740   39.80800  F2               
0 04.04.2019 16:40:02.687   9.99600000   9995.99991   0.40  -40.8   46.7  28.0 25.20  352.8  1070.6  353.31   49.37   45.57     0.0  352.81    0.00    0.00     0.0  352.81    0.00    0.00    1.3     60002.687     13.50   47.10740   39.80800  F2               
0 04.04.2019 16:40:14.907   9.99600000   9996.00022   0.40  -44.6   46.9  28.0 28.20  352.8   990.9  353.39   48.66   45.73     0.0  352.76    0.00    0.00     0.0  352.76    0.00    0.00    1.4     60014.907     13.50   47.10740   39.80800  F2               
0 04.04.2019 16:40:26.691   9.99600000   9995.99985   0.40  -50.3   41.1  28.0 22.20  352.8  1163.7  353.25   50.19   45.37     0.0  352.84    0.00    0.00     0.0  352.84    0.00    0.00    1.6     60026.691     13.50   47.10740   39.80800  F2               
0 04.04.2019 16:40:26.691   9.99600000   9995.99985   0.40  -50.3   41.1  28.0 13.80  353.5  1517.9  353.84   53.37   44.85  3353.3  355.20   76.96   29.08     0.0  353.54    0.00    0.00    1.6     60026.691     13.50   47.10740   39.80800  F2               
0 04.04.2019 16:40:37.947   9.99600000   9996.00279   0.40  -48.2   37.3  28.0 30.60  352.0   934.4  352.65   48.14   45.67     0.0  352.05    0.00    0.00     0.0  352.05    0.00    0.00    1.7     60037.947     13.50   47.10740   39.80800  F2               
0 04.04.2019 16:40:37.947   9.99600000   9996.00279   0.40  -48.2   37.3  28.0 10.80  352.8  1687.9  353.10   54.85   44.15  3798.5  355.15   80.77   22.59     0.0  352.85    0.00    0.00    1.5     60037.947     13.50   47.10740   39.80800  F2               
0 04.04.2019 16:40:48.722   9.99600000   9996.00025   0.40  -44.2   37.2  28.0 22.80  352.8  1144.7  353.26   50.03   45.41     0.0  352.79    0.00    0.00     0.0  352.79    0.00    0.00    1.5     60048.722     13.50   47.10740   39.80800  F2               
0 04.04.2019 16:41:00.578   9.99600000   9996.00050   0.40  -46.7   34.7  28.0 16.20  352.8  1399.4  353.15   52.29   44.85  3200.2  354.55   75.55   29.25     0.0  352.85    0.00    0.00    1.6     60060.578     13.50   47.10740   39.80800  F2               
0 04.04.2019 16:41:11.319   9.99600000   9996.00106   0.07  -81.1   14.1  28.0 22.20  353.5  1166.0  353.96   50.23   45.56     0.0  353.49    0.00    0.00     0.0  353.49    0.00    0.00    1.4     60071.319     13.50   47.10740   39.80800  F2               
0 04.04.2019 16:41:25.417   9.99600000   9996.00014   0.13  -44.5   43.7  28.0 23.40  352.9  1126.6  353.38   49.87   45.48     0.0  352.85    0.00    0.00     0.0  352.85    0.00    0.00    1.6     60085.417     13.50   47.10740   39.80800  F2               
0 04.04.2019 16:41:36.144   9.99600000   9995.99989   0.40  -43.0   50.4  28.0 27.60  352.8  1007.7  353.37   48.81   45.70     0.0  352.80    0.00    0.00     0.0  352.80    0.00    0.00    1.3     60096.144     13.50   47.10740   39.80800  F2               
0 04.04.2019 16:41:47.914   9.99600000   9995.99994   0.40  -44.6   44.8  28.0 10.20  354.2  1733.8  354.52   55.31   44.69     0.0  354.22    0.00    0.00     0.0  354.22    0.00    0.00    1.5     60107.914     13.50   47.10740   39.80800  F2               
0 04.04.2019 16:41:47.914   9.99600000   9995.99994   0.40  -44.6   44.8  28.0 27.60  352.8  1008.0  353.37   48.81   45.70     0.0  352.76    0.00    0.00     0.0  352.76    0.00    0.00    1.3     60107.914     13.50   47.10740   39.80800  F2               
0 04.04.2019 16:42:01.846   9.99600000   9996.00136   0.40  -46.1   39.4  28.0 10.80  352.8  1691.1  353.10   54.88   44.14  3795.2  355.08   80.73   22.42     0.0  352.76    0.00    0.00    1.9     60121.846     13.50   47.10740   39.80800  F2               
0 04.04.2019 16:42:13.707   9.99600000   9996.00043   0.40  -46.7   38.7  28.0 24.60  352.8  1091.1  353.30   49.55   45.52     0.0  352.81    0.00    0.00     0.0  352.81    0.00    0.00    1.7     60133.707     13.50   47.10740   39.80800  F2               
0 04.04.2019 16:42:26.722   9.99600000   9995.99938   0.40  -42.9   44.6  28.0 28.20  352.8   993.7  353.39   48.68   45.73     0.0  352.76    0.00    0.00     0.0  352.76    0.00    0.00    1.6     60146.722     13.50   47.10740   39.80800  F2               
0 04.04.2019 16:42:39.668   9.99600000   9996.00026   0.40  -35.9   45.5  28.0 21.60  353.5  1188.7  353.95   50.43   45.52     0.0  353.50    0.00    0.00     0.0  353.50    0.00    0.00    1.4     60159.668     13.50   47.10740   39.80800  F2               
0 04.04.2019 16:42:39.668   9.99600000   9996.00026   0.40  -35.9   45.5  28.0 27.00  352.8  1024.7  353.36   48.96   45.66     0.0  352.78    0.00    0.00     0.0  352.78    0.00    0.00    1.4     60159.668     13.50   47.10740   39.80800  F2               
0 04.04.2019 16:42:50.350   9.99600000   9996.00015   0.11  -79.0   18.0  28.0 26.40  352.8  1040.9  353.34   49.10   45.63     0.0  352.80    0.00    0.00     0.0  352.80    0.00    0.00    1.4     60170.350     13.50   47.10740   39.80800  F2               
0 04.04.2019 16:43:04.393   9.99600000   9996.00334   0.40  -48.8   36.7  28.0  7.80  353.6  1898.6  353.90   56.76   44.02  2463.3  354.02   69.04   33.50     0.0  353.59    0.00    0.00    1.5     60184.393     13.50   47.10740   39.80800  F2               
0 04.04.2019 16:43:04.393   9.99600000   9996.00334   0.40  -48.8   36.7  28.0 25.80  352.8  1057.8  353.33   49.25   45.59     0.0  352.79    0.00    0.00     0.0  352.79    0.00    0.00    1.4     60184.393     13.50   47.10740   39.80800  F2               
0 04.04.2019 16:43:17.446   9.99600000   9995.99993   0.40  -44.2   45.2  28.0 28.80  352.8   980.0  353.41   48.56   45.76     0.0  352.80    0.00    0.00     0.0  352.80    0.00    0.00    1.4     60197.446     13.50   47.10740   39.80800  F2               
0 04.04.2019 16:43:29.291   9.99600000   9995.99970   0.07  -79.1   22.1  28.0 23.40  353.5  1130.5  353.99   49.92   45.63     0.0  353.53    0.00    0.00     0.0  353.53    0.00    0.00    1.5     60209.291     13.50   47.10740   39.80800  F2               
0 04.04.2019 16:43:41.137   9.99600000   9995.99957   0.40  -42.9   48.6  28.0 23.40  352.8  1129.8  353.28   49.89   45.44     0.0  352.82    0.00    0.00     0.0  352.82    0.00    0.00    1.5     60221.137     13.50   47.10740   39.80800  F2               
0 04.04.2019 16:43:54.051   9.99600000   9995.99997   0.40  -43.4   48.0  28.0 25.81  352.8  1058.5  353.33   49.26   45.59     0.0  352.80    0.00    0.00     0.0  352.80    0.00    0.00    1.3     60234.051     13.50   47.10740   39.80800  F2               
0 04.04.2019 16:44:05.933   9.99600000   9996.00014   0.40  -43.6   43.8  28.0 12.60  353.6  1591.2  353.93   54.02   44.73  3485.8  355.33   78.13   27.92     0.0  353.56    0.00    0.00    1.6     60245.933     13.50   47.10740   39.80800  F2               
0 04.04.2019 16:44:05.933   9.99600000   9996.00014   0.40  -43.6   43.8  28.0 27.00  352.8  1026.5  353.36   48.97   45.66     0.0  352.75    0.00    0.00     0.0  352.75    0.00    0.00    1.4     60245.933     13.50   47.10740   39.80800  F2               
0 04.04.2019 16:44:21.168   9.99600000   9996.00016   0.40  -47.9   41.6  28.0 21.00  353.5  1212.2  353.94   50.64   45.48     0.0  353.47    0.00    0.00     0.0  353.47    0.00    0.00    1.5     60261.168     13.50   47.10740   39.80800  F2               
0 04.04.2019 16:44:34.094   9.99600000   9995.99992   0.40  -45.0   40.5  28.0 21.60  353.5  1191.6  353.95   50.46   45.52     0.0  353.53    0.00    0.00     0.0  353.53    0.00    0.00    1.4     60274.094     13.50   47.10740   39.80800  F2               
0 04.04.2019 16:44:45.878   9.99600000   9996.00018   0.40  -45.5   43.9  28.0 27.00  352.8  1027.3  353.36   48.98   45.66     0.0  352.83    0.00    0.00     0.0  352.83    0.00    0.00    1.4     60285.878     13.50   47.10740   39.80800  F2               
0 04.04.2019 16:44:57.840   9.99600000   9996.00007   0.40  -43.4   48.1  28.0 26.41  352.8  1043.3  353.35   49.12   45.63     0.0  352.78    0.00    0.00     0.0  352.78    0.00    0.00    1.5     60297.840     13.50   47.10740   39.80800  F2               
0 04.04.2019 16:45:11.839   9.99600000   9996.00003   0.40  -41.6   43.9  28.0 22.80  353.5  1152.2  353.98   50.11   45.59     0.0  353.49    0.00    0.00     0.0  353.49    0.00    0.00    1.5     60311.839     13.50   47.10740   39.80800  F2               
0 04.04.2019 16:45:23.662   9.99600000   9996.00052   0.40  -40.9   44.5  28.0 27.00  352.8  1028.0  353.36   48.99   45.66     0.0  352.82    0.00    0.00     0.0  352.82    0.00    0.00    1.4     60323.662     13.50   47.10740   39.80800  F2               
0 04.04.2019 16:45:36.699   9.99600000   9996.00004   0.40  -41.6   43.9  28.0 22.20  353.5  1172.6  353.97   50.29   45.55     0.0  353.50    0.00    0.00     0.0  353.50    0.00    0.00    1.5     60336.699     13.50   47.10740   39.80800  F2               
0 04.04.2019 16:45:47.396   9.99600000   9995.99925   0.40  -44.9   42.6  28.0  8.40  352.8  1857.9  353.10   56.36   43.70  2421.3  353.33   68.62   33.02  3920.1  354.61   81.65   17.88    1.7     60347.396     13.50   47.10740   39.80800  F2               
0 04.04.2019 16:45:47.396   9.99600000   9995.99925   0.40  -44.9   42.6  28.0 27.00  352.8  1028.5  353.36   48.99   45.66     0.0  352.83    0.00    0.00     0.0  352.83    0.00    0.00    1.4     60347.396     13.50   47.10740   39.80800  F2               
0 04.04.2019 16:45:58.194   9.99600000   9995.99938   0.09  -75.2   18.7  28.0 24.00  352.8  1114.2  353.29   49.75   45.48     0.0  352.83    0.00    0.00     0.0  352.83    0.00    0.00    1.5     60358.194     13.50   47.10740   39.80800  F2               
0 04.04.2019 16:46:09.994   9.99600000   9995.99970   0.40  -43.9   45.6  28.0 13.20  353.6  1561.9  353.94   53.76   44.80  3422.0  355.30   77.57   28.57     0.0  353.59    0.00    0.00    1.4     60369.994     13.50   47.10740   39.80800  F2               
0 04.04.2019 16:46:09.994   9.99600000   9995.99970   0.40  -43.9   45.6  28.0 28.20  352.8   998.0  353.39   48.72   45.72     0.0  352.84    0.00    0.00     0.0  352.84    0.00    0.00    1.4     60369.994     13.50   47.10740   39.80800  F2               
0 04.04.2019 16:46:21.784   9.99600000   9996.00009   0.40  -34.9   48.5  28.0 15.00  354.2  1470.2  354.57   52.96   45.22  3275.8  355.69   76.34   30.81     0.0  354.20    0.00    0.00    1.4     60381.784     13.50   47.10740   39.80800  F2               
0 04.04.2019 16:46:21.784   9.99600000   9996.00009   0.40  -34.9   48.5  28.0 20.40  353.5  1237.1  353.94   50.87   45.43     0.0  353.51    0.00    0.00     0.0  353.51    0.00    0.00    1.4     60381.784     13.50   47.10740   39.80800  F2               
0 04.04.2019 16:46:21.784   9.99600000   9996.00009   0.40  -34.9   48.5  28.0 24.60  352.8  1096.6  353.31   49.60   45.52     0.0  352.80    0.00    0.00     0.0  352.80    0.00    0.00    1.4     60381.784     13.50   47.10740   39.80800  F2               
0 04.04.2019 16:46:33.615   9.99600000   9995.99950   0.40  -42.2   45.3  28.0 14.40  353.5  1499.0  353.85   53.20   44.89  3298.1  355.15   76.47   29.51     0.0  353.53    0.00    0.00    1.5     60393.615     13.50   47.10740   39.80800  F2               
0 04.04.2019 16:46:33.615   9.99600000   9995.99950   0.40  -42.2   45.3  28.0 27.00  352.8  1029.4  353.36   49.00   45.66     0.0  352.77    0.00    0.00     0.0  352.77    0.00    0.00    1.4     60393.615     13.50   47.10740   39.80800  F2               
0 04.04.2019 16:46:45.584   9.99600000   9995.99978   0.40  -43.6   41.8  28.0 22.81  352.8  1152.9  353.27   50.10   45.40     0.0  352.81    0.00    0.00     0.0  352.81    0.00    0.00    1.4     60405.584     13.50   47.10740   39.80800  F2               
0 04.04.2019 16:46:57.397   9.99600000   9996.00039   0.40  -49.1   30.3  28.0 25.21  352.8  1079.4  353.32   49.45   45.55     0.0  352.84    0.00    0.00     0.0  352.84    0.00    0.00    1.4     60417.397     13.50   47.10740   39.80800  F2               
0 04.04.2019 16:47:09.234   9.99600000   9995.99977   0.07  -90.5    6.8  28.0 22.20  353.5  1174.8  353.97   50.31   45.55     0.0  353.50    0.00    0.00     0.0  353.50    0.00    0.00    1.7     60429.234     13.50   47.10740   39.80800  F2               
0 04.04.2019 16:47:19.963   9.99600000   9996.00014   0.40  -44.4   45.0  28.0 23.40  352.8  1134.7  353.28   49.94   45.44     0.0  352.82    0.00    0.00     0.0  352.82    0.00    0.00    1.4     60439.963     13.50   47.10740   39.80800  F2               
0 04.04.2019 16:47:31.772   9.99600000   9995.99977   0.40  -44.2   47.3  28.0 21.00  352.8  1215.8  353.24   50.66   45.26     0.0  352.77    0.00    0.00     0.0  352.77    0.00    0.00    1.8     60451.772     13.50   47.10740   39.80800  F2               
0 04.04.2019 16:47:43.582   9.99600000   9995.99954   0.40  -36.5   45.0  28.0 12.60  353.5  1598.2  353.84   54.08   44.68  3483.9  355.28   78.11   27.83     0.0  353.50    0.00    0.00    1.5     60463.582     13.50   47.10740   39.80800  F2               
0 04.04.2019 16:47:43.582   9.99600000   9995.99954   0.40  -36.5   45.0  28.0 25.80  352.8  1063.5  353.34   49.30   45.59     0.0  352.77    0.00    0.00     0.0  352.77    0.00    0.00    1.4     60463.582     13.50   47.10740   39.80800  F2               
0 04.04.2019 16:47:54.337   9.99600000   9995.99962   0.07  -86.6   12.6  28.0 15.00  353.5  1471.1  353.86   52.95   44.95     0.0  353.52    0.00    0.00     0.0  353.52    0.00    0.00    1.7     60474.337     13.50   47.10740   39.80800  F2               
0 04.04.2019 16:48:05.182   9.99600000   9995.99627   0.40  -64.6   26.9  28.0 22.80  352.8  1155.0  353.27   50.12   45.39     0.0  352.82    0.00    0.00     0.0  352.82    0.00    0.00    1.5     60485.182     13.50   47.10740   39.80800  F2               
0 04.04.2019 16:48:18.152   9.99600000   9996.00007   0.40  -45.0   48.5  28.0 27.00  352.8  1031.3  353.37   49.02   45.65     0.0  352.84    0.00    0.00     0.0  352.84    0.00    0.00    1.6     60498.152     13.50   47.10740   39.80800  F2               
0 04.04.2019 16:48:30.020   9.99600000   9996.00039   0.40  -38.3   41.2  28.0 22.80  352.8  1155.5  353.27   50.12   45.39     0.0  352.78    0.00    0.00     0.0  352.78    0.00    0.00    1.4     60510.020     13.50   47.10740   39.80800  F2               
0 04.04.2019 16:48:41.870   9.99600000   9996.00010   0.40  -42.2   49.2  28.0 24.60  352.8  1099.4  353.31   49.62   45.51     0.0  352.80    0.00    0.00     0.0  352.80    0.00    0.00    1.6     60521.870     13.50   47.10740   39.80800  F2               
0 04.04.2019 16:48:58.171   9.99600000   9995.99926   0.40  -46.8   36.7  28.0 21.60  352.8  1196.6  353.25   50.49   45.30     0.0  352.82    0.00    0.00     0.0  352.82    0.00    0.00    1.4     60538.171     13.50   47.10740   39.80800  F2               
0 04.04.2019 16:49:11.059   9.99600000   9996.00038   0.40  -46.9   38.6  28.0 19.20  352.8  1285.8  353.21   51.28   45.11  3304.5  354.76   76.48   28.65     0.0  352.83    0.00    0.00    1.9     60551.059     13.50   47.10740   39.80800  F2               
0 04.04.2019 16:49:11.059   9.99600000   9996.00038   0.40  -46.9   38.6  28.0 31.80  353.5   919.2  354.22   48.03   46.04     0.0  353.48    0.00    0.00     0.0  353.48    0.00    0.00    1.5     60551.059     13.50   47.10740   39.80800  F2               
0 04.04.2019 16:49:22.871   9.99600000   9996.00008   0.40  -41.4   52.0  28.0 24.00  352.8  1118.5  353.30   49.79   45.47     0.0  352.76    0.00    0.00     0.0  352.76    0.00    0.00    1.4     60562.871     13.50   47.10740   39.80800  F2               
0 04.04.2019 16:49:35.909   9.99600000   9995.99991   0.40  -39.5   45.9  28.0 24.60  352.8  1100.5  353.31   49.63   45.51     0.0  352.84    0.00    0.00     0.0  352.84    0.00    0.00    1.8     60575.909     13.50   47.10740   39.80800  F2               
0 04.04.2019 16:50:01.075   9.99600000   9996.00074   0.40  -40.4   41.0  28.0  8.40  353.5  1870.7  353.82   56.51   44.04  2429.9  353.99   68.74   33.63  3917.9  355.15   81.76   19.88    1.6     60601.075     13.50   47.10740   39.80800  F2               
0 04.04.2019 16:50:01.075   9.99600000   9996.00074   0.40  -40.4   41.0  28.0 26.40  352.8  1049.4  353.35   49.18   45.62     0.0  352.79    0.00    0.00     0.0  352.79    0.00    0.00    1.4     60601.075     13.50   47.10740   39.80800  F2               
0 04.04.2019 16:50:12.883   9.99600000   9995.99955   0.40  -39.1   40.4  28.0  6.60  354.2  2008.7  354.52   57.76   44.10  2622.2  354.63   70.49   33.37     0.0  354.22    0.00    0.00    1.9     60612.883     13.50   47.10740   39.80800  F2               
0 04.04.2019 16:50:12.883   9.99600000   9995.99955   0.40  -39.1   40.4  28.0 25.80  352.8  1066.3  353.34   49.33   45.58     0.0  352.82    0.00    0.00     0.0  352.82    0.00    0.00    1.4     60612.883     13.50   47.10740   39.80800  F2               
0 04.04.2019 16:50:23.620   9.99600000   9996.00086   0.40  -44.5   44.9  28.0 27.00  352.7  1033.4  353.27   49.03   45.63     0.0  352.74    0.00    0.00     0.0  352.74    0.00    0.00    1.4     60623.620     13.50   47.10740   39.80800  F2               
0 04.04.2019 16:50:34.373   9.99600000   9995.99896   0.40  -40.6   40.8  28.0 13.80  353.5  1537.6  353.86   53.54   44.81  3435.2  355.31   77.69   28.44     0.0  353.50    0.00    0.00    1.4     60634.373     13.50   47.10740   39.80800  F2               
0 04.04.2019 16:50:34.373   9.99600000   9995.99896   0.40  -40.6   40.8  28.0 25.20  352.8  1083.9  353.33   49.49   45.54     0.0  352.77    0.00    0.00     0.0  352.77    0.00    0.00    1.4     60634.373     13.50   47.10740   39.80800  F2               
0 04.04.2019 16:50:46.327   9.99600000   9995.99912   0.40  -45.7   41.7  28.0 25.20  352.8  1084.1  353.33   49.49   45.54     0.0  352.80    0.00    0.00     0.0  352.80    0.00    0.00    1.5     60646.327     13.50   47.10740   39.80800  F2               
0 04.04.2019 16:50:57.111   9.99600000   9996.00226   0.40  -48.9   38.6  28.0 28.80  352.8   988.0  353.42   48.63   45.75     0.0  352.83    0.00    0.00     0.0  352.83    0.00    0.00    1.6     60657.111     13.50   47.10740   39.80800  F2               
0 04.04.2019 16:50:57.111   9.99600000   9996.00226   0.40  -48.9   38.6  28.0 15.60  353.5  1447.1  353.88   52.74   45.01  3310.4  355.16   76.58   29.41     0.0  353.47    0.00    0.00    1.5     60657.111     13.50   47.10740   39.80800  F2               
0 04.04.2019 16:51:08.949   9.99600000   9996.00055   0.40  -47.6   37.9  28.0 24.00  352.1  1119.5  352.59   49.78   45.28     0.0  352.08    0.00    0.00     0.0  352.08    0.00    0.00    1.4     60668.949     13.50   47.10740   39.80800  F2               
0 04.04.2019 16:51:21.840   9.99600000   9996.00003   0.40  -40.6   40.9  28.0 18.00  352.9  1338.1  353.30   51.75   45.03  3287.1  354.73   76.33   28.75     0.0  352.86    0.00    0.00    1.5     60681.840     13.50   47.10740   39.80800  F2               
0 04.04.2019 16:51:21.840   9.99600000   9996.00003   0.40  -40.6   40.9  28.0 30.60  352.8   946.2  353.47   48.26   45.83     0.0  352.82    0.00    0.00     0.0  352.82    0.00    0.00    1.5     60681.840     13.50   47.10740   39.80800  F2               
0 04.04.2019 16:51:32.651   9.99600000   9995.99938   0.40  -41.4   46.1  28.0 24.59  352.8  1103.0  353.32   49.66   45.51     0.0  352.81    0.00    0.00     0.0  352.81    0.00    0.00    1.5     60692.651     13.50   47.10740   39.80800  F2               
0 04.04.2019 16:51:45.690   9.99600000   9996.00071   0.40  -37.0   38.4  28.0 22.20  352.8  1179.6  353.27   50.34   45.34     0.0  352.76    0.00    0.00     0.0  352.76    0.00    0.00    1.4     60705.690     13.50   47.10740   39.80800  F2               
0 04.04.2019 16:51:57.574   9.99600000   9995.99914   0.40  -38.5   43.0  28.0 25.80  352.8  1068.1  353.34   49.35   45.58     0.0  352.80    0.00    0.00     0.0  352.80    0.00    0.00    1.4     60717.574     13.50   47.10740   39.80800  F2               
0 04.04.2019 16:52:10.488   9.99600000   9995.99968   0.40  -38.2   45.2  28.0 14.40  353.5  1509.0  353.87   53.29   44.88  3384.8  355.23   77.24   28.81     0.0  353.49    0.00    0.00    1.4     60730.488     13.50   47.10740   39.80800  F2               
0 04.04.2019 16:52:10.488   9.99600000   9995.99968   0.40  -38.2   45.2  28.0 25.80  352.8  1068.3  353.34   49.35   45.58     0.0  352.81    0.00    0.00     0.0  352.81    0.00    0.00    1.4     60730.488     13.50   47.10740   39.80800  F2               
0 04.04.2019 16:52:23.370   9.99600000   9995.99978   0.40  -40.7   32.7  28.0 20.40  352.8  1244.3  353.24   50.91   45.20     0.0  352.78    0.00    0.00     0.0  352.78    0.00    0.00    1.4     60743.370     13.50   47.10740   39.80800  F2               
0 04.04.2019 16:52:35.315   9.99600000   9996.00046   0.40  -38.0   39.4  28.0 22.80  352.8  1160.5  353.28   50.17   45.38     0.0  352.79    0.00    0.00     0.0  352.79    0.00    0.00    1.4     60755.315     13.50   47.10740   39.80800  F2               
0 04.04.2019 16:52:49.334   9.99600000   9995.99992   0.40  -39.7   41.8  28.0 22.20  352.9  1181.0  353.37   50.35   45.37     0.0  352.86    0.00    0.00     0.0  352.86    0.00    0.00    1.4     60769.334     13.50   47.10740   39.80800  F2               
0 04.04.2019 16:53:03.329   9.99600000   9995.99886   0.40  -48.3   35.2  28.0 28.20  352.9  1005.0  353.51   48.79   45.73     0.0  352.85    0.00    0.00     0.0  352.85    0.00    0.00    1.5     60783.329     13.50   47.10740   39.80800  F2               
0 04.04.2019 16:53:03.329   9.99600000   9995.99886   0.40  -48.3   35.2  28.0 19.20  352.9  1291.5  353.32   51.33   45.13  3431.1  354.96   77.60   27.69     0.0  352.86    0.00    0.00    1.5     60783.329     13.50   47.10740   39.80800  F2               
0 04.04.2019 16:53:15.256   9.99600000   9995.99850   0.40  -51.0   32.5  28.0 13.20  354.2  1577.2  354.57   53.92   45.02  3508.7  355.89   78.40   29.05     0.0  354.20    0.00    0.00    1.5     60795.256     13.50   47.10740   39.80800  F2               
0 04.04.2019 16:53:15.256   9.99600000   9995.99850   0.40  -51.0   32.5  28.0 21.00  353.5  1224.7  353.96   50.76   45.46     0.0  353.47    0.00    0.00     0.0  353.47    0.00    0.00    1.4     60795.256     13.50   47.10740   39.80800  F2               
0 04.04.2019 16:53:15.256   9.99600000   9995.99850   0.40  -51.0   32.5  28.0 24.00  352.8  1122.9  353.31   49.83   45.46     0.0  352.80    0.00    0.00     0.0  352.80    0.00    0.00    1.4     60795.256     13.50   47.10740   39.80800  F2               
0 04.04.2019 16:53:30.352   9.99600000   9996.00003   0.40  -38.4   41.0  28.0 24.60  352.8  1104.8  353.32   49.67   45.50     0.0  352.82    0.00    0.00     0.0  352.82    0.00    0.00    1.4     60810.352     13.50   47.10740   39.80800  F2               
0 04.04.2019 16:53:43.207   9.99600000   9995.99975   0.40  -43.9   37.5  28.0 15.60  353.5  1451.6  353.88   52.78   45.00  3310.5  355.17   76.58   29.42     0.0  353.47    0.00    0.00    1.4     60823.207     13.50   47.10740   39.80800  F2               
0 04.04.2019 16:53:43.207   9.99600000   9995.99975   0.40  -43.9   37.5  28.0 24.60  352.8  1105.1  353.32   49.67   45.50     0.0  352.81    0.00    0.00     0.0  352.81    0.00    0.00    1.3     60823.207     13.50   47.10740   39.80800  F2               
0 04.04.2019 16:53:56.253   9.99600000   9995.99814   0.40  -45.7   29.8  28.0 22.20  352.8  1182.2  353.27   50.36   45.34     0.0  352.83    0.00    0.00     0.0  352.83    0.00    0.00    1.4     60836.253     13.50   47.10740   39.80800  F2               
0 04.04.2019 16:53:56.253   9.99600000   9995.99814   0.40  -45.7   29.8  28.0 29.40  353.5   976.9  354.15   48.55   45.93     0.0  353.53    0.00    0.00     0.0  353.53    0.00    0.00    1.4     60836.253     13.50   47.10740   39.80800  F2               
0 04.04.2019 16:54:06.996   9.99600000   9995.99982   0.40  -35.7   39.8  28.0 16.80  352.8  1394.3  353.19   52.25   44.87  3266.5  354.63   76.13   28.75     0.0  352.82    0.00    0.00    1.4     60846.996     13.50   47.10740   39.80800  F2               
0 04.04.2019 16:54:21.001   9.99600000   9996.00093   0.40  -46.5   36.9  28.0 28.20  353.5  1006.8  354.11   48.81   45.88     0.0  353.50    0.00    0.00     0.0  353.50    0.00    0.00    1.4     60861.001     13.50   47.10740   39.80800  F2               
0 04.04.2019 16:54:34.982   9.99600000   9996.00085   0.40  -42.7   40.7  28.0 27.00  352.8  1037.5  353.38   49.07   45.64     0.0  352.81    0.00    0.00     0.0  352.81    0.00    0.00    1.4     60874.982     13.50   47.10740   39.80800  F2               
0 04.04.2019 16:54:49.070   9.99600000   9996.00109   0.07  -87.5   13.7  28.0 22.80  352.8  1163.0  353.28   50.19   45.38     0.0  352.80    0.00    0.00     0.0  352.80    0.00    0.00    1.6     60889.070     13.50   47.10740   39.80800  F2               
0 04.04.2019 16:55:04.161   9.99600000   9995.99983   0.40  -44.2   29.3  28.0 17.40  352.9  1369.2  353.30   52.03   44.96  3268.5  354.68   76.16   28.84     0.0  352.86    0.00    0.00    1.5     60904.161     13.50   47.10740   39.80800  F2               
0 04.04.2019 16:55:04.161   9.99600000   9995.99983   0.40  -44.2   29.3  28.0 25.20  353.5  1089.5  354.04   49.55   45.72     0.0  353.53    0.00    0.00     0.0  353.53    0.00    0.00    1.5     60904.161     13.50   47.10740   39.80800  F2               
0 04.04.2019 16:55:14.951   9.99600000   9995.99938   0.40  -39.4   40.1  28.0 28.80  352.9   991.8  353.52   48.67   45.76     0.0  352.86    0.00    0.00     0.0  352.86    0.00    0.00    1.4     60914.951     13.50   47.10740   39.80800  F2               
0 04.04.2019 16:55:14.951   9.99600000   9995.99938   0.40  -39.4   40.1  28.0 17.40  353.4  1370.6  353.81   52.05   45.13  3275.8  355.16   76.28   29.73     0.0  353.45    0.00    0.00    1.4     60914.951     13.50   47.10740   39.80800  F2               
0 04.04.2019 16:55:25.777   9.99600000   9996.00054   0.40  -34.7   48.8  28.0 21.60  352.1  1203.4  352.55   50.53   45.09     0.0  352.13    0.00    0.00     0.0  352.13    0.00    0.00    1.4     60925.777     13.50   47.10740   39.80800  F2               
0 04.04.2019 16:55:25.777   9.99600000   9996.00054   0.40  -34.7   48.8  28.0 28.20  353.5  1007.7  354.12   48.82   45.87     0.0  353.49    0.00    0.00     0.0  353.49    0.00    0.00    1.4     60925.777     13.50   47.10740   39.80800  F2               
0 04.04.2019 16:55:25.777   9.99600000   9996.00054   0.40  -34.7   48.8  28.0 25.80  352.8  1071.5  353.35   49.38   45.57     0.0  352.82    0.00    0.00     0.0  352.82    0.00    0.00    1.4     60925.777     13.50   47.10740   39.80800  F2               
0 04.04.2019 16:55:36.519   9.99600000   9996.00028   0.40  -43.4   32.1  28.0 24.60  352.8  1106.9  353.32   49.69   45.50     0.0  352.81    0.00    0.00     0.0  352.81    0.00    0.00    1.4     60936.519     13.50   47.10740   39.80800  F2               
0 04.04.2019 16:55:49.382   9.99600000   9996.00105   0.40  -42.8   30.6  28.0 24.60  352.8  1107.1  353.32   49.69   45.50     0.0  352.79    0.00    0.00     0.0  352.79    0.00    0.00    1.4     60949.382     13.50   47.10740   39.80800  F2               
0 04.04.2019 16:56:03.364   9.99600000   9995.99553   0.40  -43.8   33.7  28.0 27.00  352.8  1038.7  353.38   49.08   45.64     0.0  352.85    0.00    0.00     0.0  352.85    0.00    0.00    1.4     60963.364     13.50   47.10740   39.80800  F2               
0 04.04.2019 16:56:03.364   9.99600000   9995.99553   0.40  -43.8   33.7  28.0 16.20  352.8  1424.6  353.19   52.51   44.80  3276.8  354.64   76.22   28.68     0.0  352.85    0.00    0.00    1.4     60963.364     13.50   47.10740   39.80800  F2               
0 04.04.2019 16:56:15.405   9.99600000   9995.99949   0.40  -41.4   48.0  28.0 19.80  353.5  1273.2  353.94   51.19   45.37  3713.9  355.89   80.18   26.44     0.0  353.49    0.00    0.00    1.5     60975.405     13.50   47.10740   39.80800  F2               
0 04.04.2019 16:56:15.405   9.99600000   9995.99949   0.40  -41.4   48.0  28.0 28.20  352.8  1007.4  353.41   48.81   45.71     0.0  352.84    0.00    0.00     0.0  352.84    0.00    0.00    1.5     60975.405     13.50   47.10740   39.80800  F2               
0 04.04.2019 16:56:27.267   9.99600000   9996.00035   0.40  -39.0   38.5  28.0 24.00  352.8  1126.2  353.31   49.86   45.46     0.0  352.83    0.00    0.00     0.0  352.83    0.00    0.00    1.4     60987.267     13.50   47.10740   39.80800  F2               
0 04.04.2019 16:56:41.287   9.99600000   9995.99950   0.40  -37.2   42.3  28.0 25.80  352.8  1072.6  353.35   49.39   45.57     0.0  352.83    0.00    0.00     0.0  352.83    0.00    0.00    1.4     61001.287     13.50   47.10740   39.80800  F2               
0 04.04.2019 16:56:53.113   9.99600000   9996.00116   0.40  -44.0   33.4  28.0 18.60  353.5  1321.9  353.93   51.62   45.27  3338.8  355.29   76.85   29.40     0.0  353.46    0.00    0.00    1.4     61013.113     13.50   47.10740   39.80800  F2               
0 04.04.2019 16:57:07.478   9.99600000   9996.00106   0.40  -40.2   49.3  28.0 27.00  353.5  1040.5  354.09   49.11   45.81     0.0  353.49    0.00    0.00     0.0  353.49    0.00    0.00    1.5     61027.478     13.50   47.10740   39.80800  F2               
0 04.04.2019 16:57:07.478   9.99600000   9996.00106   0.40  -40.2   49.3  28.0 16.20  352.8  1426.1  353.19   52.53   44.80  3275.8  354.59   76.21   28.59     0.0  352.78    0.00    0.00    1.5     61027.478     13.50   47.10740   39.80800  F2               
0 04.04.2019 16:57:21.409   9.99600000   9996.00000   0.40  -45.6   33.8  28.0 12.60  353.5  1615.5  353.86   54.24   44.65  3574.8  355.42   78.91   27.03     0.0  353.50    0.00    0.00    1.5     61041.409     13.50   47.10740   39.80800  F2               
0 04.04.2019 16:57:21.409   9.99600000   9996.00000   0.40  -45.6   33.8  28.0 24.60  352.8  1108.5  353.32   49.70   45.50     0.0  352.76    0.00    0.00     0.0  352.76    0.00    0.00    1.4     61041.409     13.50   47.10740   39.80800  F2               
0 04.04.2019 16:57:32.138   9.99600000   9995.99911   0.40  -50.0   31.4  28.0 21.60  353.5  1208.1  353.98   50.61   45.49     0.0  353.48    0.00    0.00     0.0  353.48    0.00    0.00    1.5     61052.138     13.50   47.10740   39.80800  F2               
0 04.04.2019 16:57:46.302   9.99600000   9996.00174   0.40  -46.1   31.3  28.0 15.60  353.5  1457.6  353.89   52.83   44.99  3310.5  355.16   76.58   29.41     0.0  353.47    0.00    0.00    1.4     61066.302     13.50   47.10740   39.80800  F2               
0 04.04.2019 16:58:00.310   9.99600000   9996.00013   0.40  -35.1   40.4  28.0 25.81  352.8  1073.4  353.35   49.39   45.57     0.0  352.79    0.00    0.00     0.0  352.79    0.00    0.00    1.3     61080.310     13.50   47.10740   39.80800  F2               
0 04.04.2019 16:58:12.154   9.99600000   9995.99924   0.40  -37.4   40.0  28.0 27.00  352.8  1040.3  353.38   49.10   45.64     0.0  352.84    0.00    0.00     0.0  352.84    0.00    0.00    1.4     61092.154     13.50   47.10740   39.80800  F2               
0 04.04.2019 16:58:27.341   9.99600000   9996.00004   0.40  -43.6   39.8  28.0 15.60  353.5  1458.4  353.89   52.84   44.99  3310.8  355.18   76.59   29.45     0.0  353.50    0.00    0.00    1.4     61107.341     13.50   47.10740   39.80800  F2               
0 04.04.2019 16:58:42.387   9.99600000   9996.00012   0.40  -35.4   50.1  28.0 24.60  352.8  1109.6  353.33   49.71   45.50     0.0  352.81    0.00    0.00     0.0  352.81    0.00    0.00    1.4     61122.387     13.50   47.10740   39.80800  F2               
0 04.04.2019 16:58:55.368   9.99600000   9995.99992   0.40  -34.3   33.1  28.0 24.00  352.8  1128.4  353.31   49.88   45.46     0.0  352.83    0.00    0.00     0.0  352.83    0.00    0.00    1.4     61135.368     13.50   47.10740   39.80800  F2               
0 04.04.2019 16:59:07.211   9.99600000   9995.99974   0.40  -37.5   34.0  28.0 26.40  352.9  1057.7  353.47   49.26   45.63     0.0  352.85    0.00    0.00     0.0  352.85    0.00    0.00    1.4     61147.211     13.50   47.10740   39.80800  F2               
0 04.04.2019 16:59:20.111   9.99600000   9995.99994   0.40  -35.6   45.8  28.0 28.20  352.9  1009.6  353.51   48.83   45.73     0.0  352.85    0.00    0.00     0.0  352.85    0.00    0.00    1.4     61160.111     13.50   47.10740   39.80800  F2               
0 04.04.2019 16:59:34.099   9.99600000   9995.99997   0.40  -33.6   35.9  28.0 25.79  352.8  1075.1  353.35   49.41   45.57     0.0  352.83    0.00    0.00     0.0  352.83    0.00    0.00    1.4     61174.099     13.50   47.10740   39.80800  F2               
