0 04.04.2019 14:59:46.011   9.99600000   9995.99952   0.40  -58.0   35.5  28.0 28.20  351.3   909.4  351.79   47.90   45.55     0.0  351.31    0.00    0.00     0.0  351.31    0.00    0.00    1.6     53986.011     13.50   47.10740   39.80800  F2               
0 04.04.2019 14:59:46.011   9.99600000   9995.99952   0.40  -58.0   35.5  28.0 11.40  352.8  1583.0  353.14   53.92   44.42  2002.2  353.19   64.92   34.85  3261.8  353.89   75.99   27.36    1.4     53986.011     13.50   47.10740   39.80800  F2               
0 04.04.2019 14:59:57.873   9.99600000   9995.99989   0.11  -53.6   47.4  28.0 25.80  352.1   969.1  352.57   48.45   45.59     0.0  352.05    0.00    0.00     0.0  352.05    0.00    0.00    1.7     53997.873     13.50   47.10740   39.80800  F2               
0 04.04.2019 14:59:57.873   9.99600000   9995.99989   0.11  -53.6   47.4  28.0 28.80  351.4   895.9  351.91   47.78   45.60     0.0  351.36    0.00    0.00     0.0  351.36    0.00    0.00    1.6     53997.873     13.50   47.10740   39.80800  F2               
0 04.04.2019 14:59:57.873   9.99600000   9995.99989   0.11  -53.6   47.4  28.0 14.40  352.8  1401.3  353.16   52.31   44.84  3259.7  354.43   76.05   28.45     0.0  352.80    0.00    0.00    1.5     53997.873     13.50   47.10740   39.80800  F2               
0 04.04.2019 15:00:08.586   9.99600000   9996.00009   0.22  -52.1   43.9  28.0 28.80  351.4   896.0  351.91   47.78   45.60     0.0  351.36    0.00    0.00     0.0  351.36    0.00    0.00    1.5     54008.586     13.50   47.10740   39.80800  F2               
0 04.04.2019 15:00:20.419   9.99600000   9995.99983   0.29  -45.4   51.5  28.0 28.80  351.3   896.0  351.81   47.78   45.58     0.0  351.33    0.00    0.00     0.0  351.33    0.00    0.00    1.8     54020.419     13.50   47.10740   39.80800  F2               
0 04.04.2019 15:00:20.419   9.99600000   9995.99983   0.29  -45.4   51.5  28.0 10.80  352.9  1624.3  353.24   54.29   44.36  2009.1  353.21   64.98   34.83  3441.1  354.10   77.56   25.60    1.4     54020.419     13.50   47.10740   39.80800  F2               
0 04.04.2019 15:00:20.419   9.99600000   9995.99983   0.29  -45.4   51.5  28.0  9.00  353.5  1766.7  353.83   55.58   44.30  2172.2  353.79   66.45   34.61  3339.0  354.31   76.72   27.34    1.4     54020.419     13.50   47.10740   39.80800  F2               
0 04.04.2019 15:00:33.365   9.99600000   9995.99983   0.29  -44.6   52.2  28.0 29.40  350.7   882.5  351.21   47.65   45.49     0.0  350.68    0.00    0.00     0.0  350.68    0.00    0.00    1.5     54033.365     13.50   47.10740   39.80800  F2               
0 04.04.2019 15:00:33.365   9.99600000   9995.99983   0.29  -44.6   52.2  28.0  9.00  352.8  1765.5  353.13   55.54   43.96  2171.5  353.20   66.41   34.13  3334.4  353.76   76.59   26.25    1.5     54033.365     13.50   47.10740   39.80800  F2               
0 04.04.2019 15:00:45.313   9.99600000   9995.99990   0.29  -44.6   48.2  28.0 28.80  351.4   896.2  351.91   47.78   45.60     0.0  351.38    0.00    0.00     0.0  351.38    0.00    0.00    1.5     54045.313     13.50   47.10740   39.80800  F2               
0 04.04.2019 15:00:45.313   9.99600000   9995.99990   0.29  -44.6   48.2  28.0  9.60  352.8  1715.7  353.13   55.10   44.09  2104.5  353.18   65.82   34.41  3259.4  353.73   75.95   27.08    1.5     54045.313     13.50   47.10740   39.80800  F2               
0 04.04.2019 15:00:56.033   9.99600000   9995.99997   0.40  -39.1   56.3  28.0 28.20  351.3   909.8  351.80   47.90   45.54     0.0  351.33    0.00    0.00     0.0  351.33    0.00    0.00    1.4     54056.033     13.50   47.10740   39.80800  F2               
0 04.04.2019 15:00:56.033   9.99600000   9995.99997   0.40  -39.1   56.3  28.0  9.60  353.5  1716.0  353.84   55.13   44.42  2105.8  353.79   65.87   34.88  3267.3  354.30   76.10   28.10    1.4     54056.033     13.50   47.10740   39.80800  F2               
0 04.04.2019 15:01:07.845   9.99600000   9996.00032   0.27  -47.9   47.3  28.0 28.20  351.3   909.9  351.80   47.90   45.54     0.0  351.31    0.00    0.00     0.0  351.31    0.00    0.00    1.5     54067.845     13.50   47.10740   39.80800  F2               
0 04.04.2019 15:01:07.845   9.99600000   9996.00032   0.27  -47.9   47.3  28.0  9.00  353.5  1765.0  353.83   55.57   44.30  2172.4  353.81   66.46   34.63  3339.4  354.33   76.72   27.37    1.4     54067.845     13.50   47.10740   39.80800  F2               
0 04.04.2019 15:01:18.611   9.99600000   9996.00015   0.40  -38.8   56.6  28.0 28.79  351.3   896.6  351.81   47.78   45.58     0.0  351.35    0.00    0.00     0.0  351.35    0.00    0.00    1.4     54078.611     13.50   47.10740   39.80800  F2               
0 04.04.2019 15:01:30.462   9.99600000   9996.00016   0.40  -31.5   64.0  28.0 28.20  351.3   910.0  351.80   47.90   45.54     0.0  351.33    0.00    0.00     0.0  351.33    0.00    0.00    1.4     54090.462     13.50   47.10740   39.80800  F2               
0 04.04.2019 15:01:42.250   9.99600000   9996.00009   0.40  -33.3   62.2  28.0 10.80  352.8  1622.6  353.13   54.27   44.32  2009.0  353.19   64.98   34.82  3441.0  354.08   77.55   25.57    1.4     54102.250     13.50   47.10740   39.80800  F2               
0 04.04.2019 15:01:42.250   9.99600000   9996.00009   0.40  -33.3   62.2  28.0 28.80  351.3   896.5  351.81   47.78   45.58     0.0  351.34    0.00    0.00     0.0  351.34    0.00    0.00    1.4     54102.250     13.50   47.10740   39.80800  F2               
0 04.04.2019 15:01:54.685   9.99600000   9996.00004   0.40  -34.3   61.1  28.0 28.80  351.4   896.6  351.91   47.79   45.60     0.0  351.42    0.00    0.00     0.0  351.42    0.00    0.00    1.5     54114.685     13.50   47.10740   39.80800  F2               
0 04.04.2019 15:01:54.685   9.99600000   9996.00004   0.40  -34.3   61.1  28.0 12.00  352.8  1541.5  353.14   53.55   44.52     0.0  352.82    0.00    0.00     0.0  352.82    0.00    0.00    1.5     54114.685     13.50   47.10740   39.80800  F2               
0 04.04.2019 15:02:05.504   9.99600000   9995.99996   0.40  -38.6   56.8  28.0 30.00  352.1   871.2  352.63   47.58   45.80     0.0  352.06    0.00    0.00     0.0  352.06    0.00    0.00    1.9     54125.504     13.50   47.10740   39.80800  F2               
0 04.04.2019 15:02:05.504   9.99600000   9995.99996   0.40  -38.6   56.8  28.0  6.60  353.5  1984.9  353.83   57.52   43.76  2537.9  353.89   69.69   32.98  3850.4  354.67   81.10   19.86    1.5     54125.504     13.50   47.10740   39.80800  F2               
0 04.04.2019 15:02:17.467   9.99600000   9996.00011   0.40  -32.6   52.8  28.0 28.80  351.3   896.7  351.81   47.79   45.58     0.0  351.32    0.00    0.00     0.0  351.32    0.00    0.00    1.5     54137.467     13.50   47.10740   39.80800  F2               
0 04.04.2019 15:02:17.467   9.99600000   9996.00011   0.40  -32.6   52.8  28.0  9.00  353.5  1762.6  353.83   55.54   44.31  2172.4  353.83   66.46   34.65  3339.7  354.35   76.73   27.41    1.5     54137.467     13.50   47.10740   39.80800  F2               
0 04.04.2019 15:02:29.302   9.99600000   9995.99994   0.40  -39.3   56.2  28.0 28.20  350.6   909.9  351.10   47.89   45.40     0.0  350.63    0.00    0.00     0.0  350.63    0.00    0.00    1.6     54149.302     13.50   47.10740   39.80800  F2               
0 04.04.2019 15:02:29.302   9.99600000   9995.99994   0.40  -39.3   56.2  28.0 12.00  352.9  1541.2  353.24   53.55   44.56     0.0  352.85    0.00    0.00     0.0  352.85    0.00    0.00    1.5     54149.302     13.50   47.10740   39.80800  F2               
0 04.04.2019 15:02:40.024   9.99600000   9996.00006   0.40  -38.9   56.6  28.0 28.80  351.3   896.8  351.81   47.79   45.58     0.0  351.34    0.00    0.00     0.0  351.34    0.00    0.00    1.6     54160.024     13.50   47.10740   39.80800  F2               
0 04.04.2019 15:02:40.024   9.99600000   9996.00006   0.40  -38.9   56.6  28.0 12.60  353.5  1504.3  353.85   53.25   44.88  2783.9  354.40   71.89   32.17  3897.8  355.42   81.66   21.37    1.5     54160.024     13.50   47.10740   39.80800  F2               
0 04.04.2019 15:02:52.923   9.99600000   9996.00001   0.40  -37.4   58.0  28.0 28.80  351.4   897.0  351.91   47.79   45.60     0.0  351.37    0.00    0.00     0.0  351.37    0.00    0.00    1.5     54172.923     13.50   47.10740   39.80800  F2               
0 04.04.2019 15:02:52.923   9.99600000   9996.00001   0.40  -37.4   58.0  28.0 10.80  353.5  1622.1  353.84   54.29   44.63  2010.9  353.79   65.03   35.25  3432.3  354.60   77.56   26.86    1.5     54172.923     13.50   47.10740   39.80800  F2               
0 04.04.2019 15:03:03.690   9.99600000   9996.00007   0.40  -37.5   57.9  28.0 11.40  353.5  1580.7  353.84   53.93   44.72  2005.7  353.84   64.98   35.30  3264.1  354.48   76.09   28.49    1.5     54183.690     13.50   47.10740   39.80800  F2               
0 04.04.2019 15:03:03.690   9.99600000   9996.00007   0.40  -37.5   57.9  28.0 28.80  350.7   896.6  351.21   47.77   45.45     0.0  350.65    0.00    0.00     0.0  350.65    0.00    0.00    1.4     54183.690     13.50   47.10740   39.80800  F2               
0 04.04.2019 15:03:15.638   9.99600000   9996.00000   0.31  -43.9   48.6  28.0 17.40  352.1  1255.0  352.47   50.98   44.95  3048.2  353.74   74.13   29.22     0.0  352.13    0.00    0.00    1.6     54195.638     13.50   47.10740   39.80800  F2               
0 04.04.2019 15:03:26.403   9.99600000   9996.00004   0.40  -41.3   54.1  28.0 28.20  351.3   910.7  351.80   47.91   45.54     0.0  351.34    0.00    0.00     0.0  351.34    0.00    0.00    1.4     54206.403     13.50   47.10740   39.80800  F2               
0 04.04.2019 15:03:26.403   9.99600000   9996.00004   0.40  -41.3   54.1  28.0  9.00  353.5  1760.2  353.83   55.52   44.31  2172.2  353.78   66.45   34.60  3339.0  354.30   76.71   27.32    1.4     54206.403     13.50   47.10740   39.80800  F2               
0 04.04.2019 15:03:37.196   9.99600000   9995.99998   0.40  -35.7   55.7  28.0 28.20  352.1   911.3  352.61   47.93   45.71     0.0  352.06    0.00    0.00     0.0  352.06    0.00    0.00    1.5     54217.196     13.50   47.10740   39.80800  F2               
0 04.04.2019 15:03:37.196   9.99600000   9995.99998   0.40  -35.7   55.7  28.0 13.20  352.8  1467.1  353.15   52.89   44.69     0.0  352.77    0.00    0.00     0.0  352.77    0.00    0.00    1.5     54217.196     13.50   47.10740   39.80800  F2               
0 04.04.2019 15:03:52.266   9.99600000   9996.00003   0.33  -37.7   52.6  28.0 13.20  352.8  1467.0  353.15   52.89   44.69     0.0  352.83    0.00    0.00     0.0  352.83    0.00    0.00    1.5     54232.266     13.50   47.10740   39.80800  F2               
0 04.04.2019 15:03:52.266   9.99600000   9996.00003   0.33  -37.7   52.6  28.0 29.40  351.4   884.2  351.92   47.68   45.63     0.0  351.37    0.00    0.00     0.0  351.37    0.00    0.00    1.4     54232.266     13.50   47.10740   39.80800  F2               
0 04.04.2019 15:04:14.666   9.99600000   9996.00003   0.40  -39.4   56.0  28.0 28.20  351.3   911.0  351.80   47.91   45.54     0.0  351.35    0.00    0.00     0.0  351.35    0.00    0.00    1.6     54254.666     13.50   47.10740   39.80800  F2               
0 04.04.2019 15:04:38.439   9.99600000   9995.99996   0.40  -41.7   53.7  28.0 28.80  351.3   897.5  351.82   47.79   45.58     0.0  351.34    0.00    0.00     0.0  351.34    0.00    0.00    1.7     54278.439     13.50   47.10740   39.80800  F2               
0 04.04.2019 15:04:38.439   9.99600000   9995.99996   0.40  -41.7   53.7  28.0  6.00  353.5  2032.2  353.82   57.94   43.63  2656.9  353.91   70.73   32.32     0.0  353.48    0.00    0.00    1.6     54278.439     13.50   47.10740   39.80800  F2               
0 04.04.2019 15:04:54.559   9.99600000   9995.99994   0.40  -38.8   56.7  28.0  8.40  353.5  1807.3  353.83   55.94   44.20  2249.3  353.82   67.14   34.31  3440.6  354.37   77.60   26.24    1.4     54294.559     13.50   47.10740   39.80800  F2               
0 04.04.2019 15:05:08.629   9.99600000   9995.99982   0.40  -40.0   55.5  28.0  6.00  352.9  2028.8  353.22   57.88   43.29  2655.3  353.31   70.66   31.62     0.0  352.85    0.00    0.00    1.5     54308.629     13.50   47.10740   39.80800  F2               
0 04.04.2019 15:05:21.588   9.99600000   9995.99994   0.35  -43.3   52.7  28.0 16.20  352.8  1310.0  353.17   51.49   45.05  3119.1  354.37   74.82   29.65     0.0  352.82    0.00    0.00    1.6     54321.588     13.50   47.10740   39.80800  F2               
0 04.04.2019 15:05:21.588   9.99600000   9995.99994   0.35  -43.3   52.7  28.0 28.80  349.2   896.4  349.70   47.73   45.14     0.0  349.23    0.00    0.00     0.0  349.23    0.00    0.00    1.4     54321.588     13.50   47.10740   39.80800  F2               
0 04.04.2019 15:05:50.407   9.99600000   9995.99985   0.40  -40.8   52.6  28.0 30.60  352.8   860.6  353.36   47.50   45.96     0.0  352.81    0.00    0.00     0.0  352.81    0.00    0.00    1.8     54350.407     13.50   47.10740   39.80800  F2               
0 04.04.2019 15:05:50.407   9.99600000   9995.99985   0.40  -40.8   52.6  28.0 11.40  353.5  1578.3  353.84   53.90   44.72  2084.2  353.83   65.68   34.99  3328.6  354.50   76.65   27.85    1.4     54350.407     13.50   47.10740   39.80800  F2               
0 04.04.2019 15:06:09.917   9.99600000   9995.99987   0.29  -44.3   52.5  28.0 12.60  353.5  1502.2  353.85   53.23   44.88  3448.1  355.03   77.76   27.65     0.0  353.51    0.00    0.00    1.4     54369.917     13.50   47.10740   39.80800  F2               
0 04.04.2019 15:06:22.789   9.99600000   9995.99987   0.40  -41.0   52.4  28.0 31.20  350.6   847.4  351.16   47.33   45.56     0.0  350.63    0.00    0.00     0.0  350.63    0.00    0.00    1.8     54382.789     13.50   47.10740   39.80800  F2               
0 04.04.2019 15:06:22.789   9.99600000   9995.99987   0.40  -41.0   52.4  28.0 11.40  352.9  1577.1  353.24   53.87   44.48  2076.0  353.26   65.57   34.59  3318.6  353.98   76.49   26.89    1.4     54382.789     13.50   47.10740   39.80800  F2               
0 04.04.2019 15:06:54.133   9.99600000   9995.99981   0.40  -38.6   56.8  28.0  8.40  353.5  1802.9  353.83   55.90   44.21  2256.1  353.86   67.20   34.31  3457.6  354.42   77.75   26.13    1.4     54414.133     13.50   47.10740   39.80800  F2               
0 04.04.2019 15:06:54.133   9.99600000   9995.99981   0.40  -38.6   56.8  28.0 28.20  349.9   910.9  350.40   47.88   45.25     0.0  349.92    0.00    0.00     0.0  349.92    0.00    0.00    1.4     54414.133     13.50   47.10740   39.80800  F2               
0 04.04.2019 15:07:17.847   9.99600000   9996.00004   0.40  -42.1   53.3  28.0  6.60  352.8  1961.6  353.12   57.28   43.43  2540.6  353.22   69.65   32.23  3850.5  354.07   80.95   17.87    1.8     54437.847     13.50   47.10740   39.80800  F2               
0 04.04.2019 15:07:17.847   9.99600000   9996.00004   0.40  -42.1   53.3  28.0 27.60  349.9   925.1  350.39   48.00   45.21     0.0  349.94    0.00    0.00     0.0  349.94    0.00    0.00    1.5     54437.847     13.50   47.10740   39.80800  F2               
0 04.04.2019 15:07:30.760   9.99600000   9995.99993   0.24  -43.7   49.9  28.0 28.20  351.4   912.1  351.91   47.92   45.56     0.0  351.36    0.00    0.00     0.0  351.36    0.00    0.00    1.8     54450.760     13.50   47.10740   39.80800  F2               
0 04.04.2019 15:07:41.503   9.99600000   9995.99999   0.33  -40.7   53.6  28.0 27.60  350.6   925.7  351.10   48.03   45.36     0.0  350.59    0.00    0.00     0.0  350.59    0.00    0.00    1.5     54461.503     13.50   47.10740   39.80800  F2               
0 04.04.2019 15:08:04.736   9.99600000   9995.99966   0.07  -85.4   17.8  28.0 25.20  351.4   987.4  351.87   48.59   45.39     0.0  351.40    0.00    0.00     0.0  351.40    0.00    0.00    1.5     54484.736     13.50   47.10740   39.80800  F2               
0 04.04.2019 15:08:18.683   9.99600000   9996.00010   0.07  -86.6   16.6  28.0 28.20  349.9   911.3  350.40   47.88   45.25     0.0  349.95    0.00    0.00     0.0  349.95    0.00    0.00    1.5     54498.683     13.50   47.10740   39.80800  F2               
0 04.04.2019 15:08:29.406   9.99600000   9995.99963   0.11  -81.6   19.4  28.0 10.20  352.8  1657.5  353.13   54.58   44.24  2065.6  353.20   65.47   34.59  3853.0  354.73   81.13   20.00    1.5     54509.406     13.50   47.10740   39.80800  F2               
0 04.04.2019 15:08:29.406   9.99600000   9995.99963   0.11  -81.6   19.4  28.0 25.20  352.0   987.9  352.47   48.61   45.53     0.0  352.03    0.00    0.00     0.0  352.03    0.00    0.00    1.4     54509.406     13.50   47.10740   39.80800  F2               
0 04.04.2019 15:08:54.802   9.99600000   9995.99997   0.40  -42.1   49.3  28.0 27.00  350.6   940.5  351.09   48.16   45.32     0.0  350.64    0.00    0.00     0.0  350.64    0.00    0.00    1.5     54534.802     13.50   47.10740   39.80800  F2               
0 04.04.2019 15:09:06.606   9.99600000   9995.99986   0.40  -48.8   42.7  28.0 10.20  352.9  1656.8  353.23   54.58   44.28  2065.6  353.20   65.48   34.60  3849.1  354.73   81.10   20.08    1.4     54546.606     13.50   47.10740   39.80800  F2               
0 04.04.2019 15:09:17.413   9.99600000   9996.00028   0.40  -45.5   48.0  28.0 28.20  350.7   912.1  351.21   47.91   45.42     0.0  350.68    0.00    0.00     0.0  350.68    0.00    0.00    1.5     54557.413     13.50   47.10740   39.80800  F2               
0 04.04.2019 15:09:28.114   9.99600000   9995.99998   0.40  -38.3   53.1  28.0 23.40  352.1  1039.6  352.55   49.07   45.44     0.0  352.06    0.00    0.00     0.0  352.06    0.00    0.00    1.5     54568.114     13.50   47.10740   39.80800  F2               
0 04.04.2019 15:09:28.114   9.99600000   9995.99998   0.40  -38.3   53.1  28.0 25.20  351.4   987.8  351.87   48.60   45.39     0.0  351.38    0.00    0.00     0.0  351.38    0.00    0.00    1.5     54568.114     13.50   47.10740   39.80800  F2               
0 04.04.2019 15:09:38.824   9.99600000   9996.00011   0.40  -45.1   48.3  28.0  6.00  352.8  2008.2  353.11   57.69   43.29  2658.8  353.29   70.69   31.57     0.0  352.82    0.00    0.00    1.8     54578.824     13.50   47.10740   39.80800  F2               
0 04.04.2019 15:09:38.824   9.99600000   9996.00011   0.40  -45.1   48.3  28.0 28.80  350.6   898.5  351.12   47.79   45.43     0.0  350.63    0.00    0.00     0.0  350.63    0.00    0.00    1.7     54578.824     13.50   47.10740   39.80800  F2               
0 04.04.2019 15:10:10.646   9.99600000   9995.99930   0.40  -49.7   43.8  28.0 28.80  350.7   898.7  351.23   47.79   45.45     0.0  350.65    0.00    0.00     0.0  350.65    0.00    0.00    1.9     54610.646     13.50   47.10740   39.80800  F2               
0 04.04.2019 15:10:10.646   9.99600000   9995.99930   0.40  -49.7   43.8  28.0 10.80  353.5  1614.7  353.84   54.23   44.64  2039.3  353.81   65.28   35.15  3388.3  354.55   77.17   27.27    1.4     54610.646     13.50   47.10740   39.80800  F2               
0 04.04.2019 15:10:33.230   9.99600000   9995.99986   0.40  -47.8   45.6  28.0 10.20  352.1  1654.0  352.42   54.52   43.94  2063.4  352.51   65.41   34.09     0.0  352.13    0.00    0.00    1.6     54633.230     13.50   47.10740   39.80800  F2               
0 04.04.2019 15:10:33.230   9.99600000   9995.99986   0.40  -47.8   45.6  28.0 28.20  351.4   912.9  351.92   47.93   45.56     0.0  351.41    0.00    0.00     0.0  351.41    0.00    0.00    1.5     54633.230     13.50   47.10740   39.80800  F2               
0 04.04.2019 15:10:44.062   9.99600000   9995.99988   0.40  -56.4   39.0  28.0 31.20  352.8   849.9  353.39   47.40   45.98     0.0  352.83    0.00    0.00     0.0  352.83    0.00    0.00    1.9     54644.062     13.50   47.10740   39.80800  F2               
0 04.04.2019 15:10:44.062   9.99600000   9995.99988   0.40  -56.4   39.0  28.0  6.00  353.5  2004.5  353.82   57.70   43.70  2660.5  353.96   70.77   32.36     0.0  353.53    0.00    0.00    1.9     54644.062     13.50   47.10740   39.80800  F2               
0 04.04.2019 15:11:06.759   9.99600000   9995.99997   0.40  -54.0   39.5  28.0 12.60  354.2  1500.5  354.56   53.23   45.16     0.0  354.22    0.00    0.00     0.0  354.22    0.00    0.00    1.7     54666.759     13.50   47.10740   39.80800  F2               
0 04.04.2019 15:11:17.506   9.99600000   9996.00071   0.40  -56.6   34.8  28.0 12.00  353.5  1535.8  353.85   53.53   44.81  2831.2  354.38   72.31   31.84  3997.6  355.54   82.51   19.31    1.4     54677.506     13.50   47.10740   39.80800  F2               
0 04.04.2019 15:11:29.338   9.99600000   9996.00030   0.07  -87.7   15.5  28.0 16.20  352.8  1309.6  353.17   51.49   45.05  3077.7  354.22   74.44   29.76     0.0  352.77    0.00    0.00    1.9     54689.338     13.50   47.10740   39.80800  F2               
0 04.04.2019 15:11:40.073   9.99600000   9995.99998   0.40  -47.3   48.1  28.0 30.59  347.1   858.6  347.64   47.33   44.85     0.0  347.05    0.00    0.00     0.0  347.05    0.00    0.00    1.8     54700.073     13.50   47.10740   39.80800  F2               
0 04.04.2019 15:11:40.073   9.99600000   9995.99998   0.40  -47.3   48.1  28.0 12.00  353.5  1535.6  353.85   53.52   44.81  2831.4  354.36   72.31   31.82  3997.0  355.53   82.50   19.26    1.4     54700.073     13.50   47.10740   39.80800  F2               
0 04.04.2019 15:11:50.793   9.99600000   9995.99977   0.27  -43.2   54.0  28.0 12.60  353.5  1499.2  353.85   53.20   44.89  3458.5  355.01   77.85   27.49     0.0  353.47    0.00    0.00    1.4     54710.793     13.50   47.10740   39.80800  F2               
0 04.04.2019 15:12:02.634   9.99600000   9995.99957   0.40  -48.2   43.2  28.0 29.40  352.1   886.9  352.65   47.72   45.77     0.0  352.11    0.00    0.00     0.0  352.11    0.00    0.00    1.7     54722.634     13.50   47.10740   39.80800  F2               
0 04.04.2019 15:12:02.634   9.99600000   9995.99957   0.40  -48.2   43.2  28.0 12.60  353.5  1499.1  353.85   53.20   44.89  3464.0  355.01   77.89   27.41     0.0  353.45    0.00    0.00    1.4     54722.634     13.50   47.10740   39.80800  F2               
0 04.04.2019 15:12:16.701   9.99600000   9995.99985   0.40  -54.2   37.3  28.0 13.80  352.8  1430.0  353.15   52.56   44.78  3333.4  354.42   76.68   27.64     0.0  352.80    0.00    0.00    1.9     54736.701     13.50   47.10740   39.80800  F2               
0 04.04.2019 15:12:27.525   9.99600000   9995.99991   0.13  -60.5   39.7  28.0 15.60  352.8  1337.9  353.17   51.74   44.99  3116.4  354.26   74.78   29.50     0.0  352.80    0.00    0.00    1.5     54747.525     13.50   47.10740   39.80800  F2               
0 04.04.2019 15:12:40.485   9.99600000   9995.99877   0.40  -78.7   16.8  28.0 11.40  352.8  1571.9  353.14   53.82   44.45  2076.2  353.21   65.57   34.56  3318.3  353.94   76.48   26.81    1.6     54760.485     13.50   47.10740   39.80800  F2               
0 04.04.2019 15:12:51.255   9.99600000   9995.99985   0.40  -44.3   49.1  28.0 11.40  352.8  1571.8  353.14   53.82   44.45  2076.3  353.21   65.57   34.56  3318.3  353.94   76.48   26.81    1.3     54771.255     13.50   47.10740   39.80800  F2               
0 04.04.2019 15:13:03.076   9.99600000   9996.00006   0.40  -48.5   44.9  28.0 12.00  353.5  1534.7  353.85   53.52   44.81  2830.8  354.38   72.30   31.85  3996.5  355.55   82.50   19.35    1.4     54783.076     13.50   47.10740   39.80800  F2               
0 04.04.2019 15:13:13.873   9.99600000   9995.99973   0.40  -48.2   45.3  28.0 12.00  352.8  1533.7  353.14   53.48   44.54  2838.4  353.82   72.31   31.02  3998.2  355.07   82.40   17.39    1.4     54793.873     13.50   47.10740   39.80800  F2               
0 04.04.2019 15:13:24.644   9.99600000   9995.99965   0.40  -45.3   44.2  28.0 12.00  352.9  1533.7  353.24   53.49   44.58  2839.0  353.85   72.32   31.06  3999.5  355.10   82.42   17.47    1.4     54804.644     13.50   47.10740   39.80800  F2               
0 04.04.2019 15:13:36.596   9.99600000   9995.99961   0.40  -45.4   46.1  28.0 11.40  352.8  1571.2  353.14   53.82   44.45  2077.0  353.25   65.58   34.58  3319.2  353.97   76.49   26.87    1.4     54816.596     13.50   47.10740   39.80800  F2               
0 04.04.2019 15:13:47.321   9.99600000   9995.99926   0.07  -91.6   11.6  28.0 12.00  352.9  1533.5  353.24   53.48   44.58  2837.7  353.85   72.31   31.07  3997.9  355.10   82.40   17.50    1.3     54827.321     13.50   47.10740   39.80800  F2               
0 04.04.2019 15:14:00.264   9.99600000   9996.00000   0.40  -52.3   43.1  28.0 12.60  352.1  1496.2  352.44   53.12   44.35  3036.7  353.40   73.98   28.78     0.0  352.08    0.00    0.00    1.3     54840.264     13.50   47.10740   39.80800  F2               
0 04.04.2019 15:14:12.066   9.99600000   9996.00001   0.35  -52.9   43.0  28.0 11.40  352.8  1570.7  353.14   53.81   44.45  2076.7  353.22   65.57   34.57  3318.8  353.95   76.49   26.83    1.3     54852.066     13.50   47.10740   39.80800  F2               
0 04.04.2019 15:14:23.918   9.99600000   9995.99971   0.40  -61.4   34.0  28.0 11.40  352.8  1570.6  353.14   53.81   44.45  2075.9  353.24   65.57   34.58  3318.3  353.96   76.49   26.86    1.7     54863.918     13.50   47.10740   39.80800  F2               
0 04.04.2019 15:14:35.867   9.99600000   9995.99974   0.40  -52.1   43.4  28.0 12.00  352.8  1532.8  353.14   53.47   44.54  2838.2  353.81   72.31   31.01  3997.8  355.06   82.39   17.36    1.4     54875.867     13.50   47.10740   39.80800  F2               
0 04.04.2019 15:15:00.198   9.99600000   9995.99988   0.40  -47.5   33.9  28.0 12.60  352.8  1496.6  353.14   53.15   44.62  3516.8  354.56   78.28   25.64     0.0  352.80    0.00    0.00    1.4     54900.198     13.50   47.10740   39.80800  F2               
0 04.04.2019 15:15:14.166   9.99600000   9996.00006   0.40  -53.0   40.4  28.0 10.80  352.8  1609.2  353.13   54.15   44.35  2036.7  353.19   65.22   34.71  3390.5  354.00   77.11   26.06    1.4     54914.166     13.50   47.10740   39.80800  F2               
0 04.04.2019 15:15:30.326   9.99600000   9995.99991   0.07  -87.4   15.8  28.0 12.00  352.8  1532.4  353.14   53.47   44.54  2838.2  353.77   72.31   30.95  3997.1  355.03   82.38   17.25    1.4     54930.326     13.50   47.10740   39.80800  F2               
0 04.04.2019 15:15:41.038   9.99600000   9995.99977   0.40  -50.7   42.8  28.0 12.00  353.5  1533.4  353.84   53.50   44.82  2832.3  354.38   72.32   31.84  3998.5  355.54   82.52   19.29    1.4     54941.038     13.50   47.10740   39.80800  F2               
0 04.04.2019 15:15:52.887   9.99600000   9996.00003   0.40  -53.5   42.0  28.0 13.80  353.5  1430.0  353.86   52.58   45.03  3327.8  355.00   76.71   28.90     0.0  353.52    0.00    0.00    1.3     54952.887     13.50   47.10740   39.80800  F2               
0 04.04.2019 15:16:05.926   9.99600000   9996.00003   0.11  -68.8   30.3  28.0 11.40  350.6  1566.8  350.91   53.68   43.56  2051.2  351.12   65.20   33.12  3292.0  352.00   75.92   23.38    1.7     54965.926     13.50   47.10740   39.80800  F2               
0 04.04.2019 15:16:24.299   9.99600000   9995.99974   0.07  -85.5   17.7  28.0 13.20  353.4  1462.9  353.75   52.87   44.93  3524.9  355.16   78.44   27.02     0.0  353.45    0.00    0.00    1.3     54984.299     13.50   47.10740   39.80800  F2               
0 04.04.2019 15:16:37.333   9.99600000   9995.99977   0.11  -82.2   18.8  28.0 12.00  352.9  1532.3  353.24   53.47   44.58  2838.4  353.86   72.32   31.08  3998.9  355.11   82.42   17.51    1.4     54997.333     13.50   47.10740   39.80800  F2               
0 04.04.2019 15:16:48.045   9.99600000   9995.99968   0.40  -45.2   46.3  28.0 11.40  352.8  1569.4  353.13   53.80   44.45  2076.2  353.25   65.57   34.58  3318.6  353.97   76.49   26.87    1.4     55008.045     13.50   47.10740   39.80800  F2               
0 04.04.2019 15:17:02.817   9.99600000   9995.99965   0.40  -56.4   39.0  28.0 11.40  352.1  1568.3  352.43   53.76   44.17  2067.2  352.56   65.45   34.11  3309.0  353.34   76.31   25.73    1.5     55022.817     13.50   47.10740   39.80800  F2               
0 04.04.2019 15:17:13.581   9.99600000   9995.99991   0.40  -46.4   45.0  28.0 11.40  353.5  1570.3  353.84   53.83   44.74  2084.9  353.85   65.68   35.01  3329.2  354.53   76.66   27.90    1.4     55033.581     13.50   47.10740   39.80800  F2               
0 04.04.2019 15:17:27.655   9.99600000   9996.00008   0.13  -53.8   38.4  28.0 12.00  353.5  1533.0  353.84   53.50   44.82  2832.1  354.36   72.31   31.82  3997.8  355.53   82.51   19.25    1.4     55047.655     13.50   47.10740   39.80800  F2               
0 04.04.2019 15:17:43.819   9.99600000   9995.99967   0.40  -53.5   34.0  28.0 10.20  352.9  1648.6  353.22   54.51   44.30  2065.6  353.22   65.48   34.61  3846.8  354.73   81.08   20.15    1.4     55063.819     13.50   47.10740   39.80800  F2               
0 04.04.2019 15:17:56.849   9.99600000   9996.00017   0.40  -59.7   35.8  28.0 12.00  353.5  1532.9  353.84   53.50   44.82  2829.7  354.41   72.30   31.89  3995.6  355.56   82.50   19.45    1.5     55076.849     13.50   47.10740   39.80800  F2               
0 04.04.2019 15:18:07.596   9.99600000   9995.99967   0.40  -55.7   27.7  28.0 12.60  353.5  1497.1  353.85   53.18   44.89  3476.5  355.04   78.01   27.33     0.0  353.47    0.00    0.00    1.4     55087.596     13.50   47.10740   39.80800  F2               
0 04.04.2019 15:18:20.122   9.99600000   9995.99998   0.29  -58.6   32.3  28.0 12.60  354.2  1498.1  354.55   53.21   45.16     0.0  354.22    0.00    0.00     0.0  354.22    0.00    0.00    1.7     55100.122     13.50   47.10740   39.80800  F2               
0 04.04.2019 15:18:33.025   9.99600000   9996.00001   0.40  -50.3   45.1  28.0 12.00  353.5  1532.7  353.84   53.50   44.82  2831.7  354.37   72.31   31.83  3997.6  355.54   82.51   19.29    1.3     55113.025     13.50   47.10740   39.80800  F2               
0 04.04.2019 15:18:48.212   9.99600000   9995.99995   0.40  -52.3   41.1  28.0 10.80  352.8  1607.4  353.13   54.14   44.36  2036.4  353.14   65.21   34.67  3389.8  353.95   77.09   25.96    1.4     55128.212     13.50   47.10740   39.80800  F2               
0 04.04.2019 15:19:00.077   9.99600000   9995.99983   0.40  -53.7   39.8  28.0  9.60  353.5  1690.7  353.82   54.90   44.47  2117.3  353.84   65.97   34.87  3317.4  354.39   76.54   27.75    1.4     55140.077     13.50   47.10740   39.80800  F2               
0 04.04.2019 15:19:00.077   9.99600000   9995.99983   0.40  -53.7   39.8  28.0 10.80  352.8  1607.3  353.13   54.14   44.36  2036.6  353.16   65.22   34.69  3390.7  353.98   77.11   26.00    1.4     55140.077     13.50   47.10740   39.80800  F2               
0 04.04.2019 15:19:11.965   9.99600000   9995.99978   0.40  -53.9   39.6  28.0  9.60  352.8  1689.4  353.12   54.86   44.15  2115.8  353.20   65.92   34.37  3304.9  353.79   76.34   26.67    1.4     55151.965     13.50   47.10740   39.80800  F2               
0 04.04.2019 15:19:23.798   9.99600000   9996.00009   0.40  -49.2   46.2  28.0 10.80  352.8  1607.1  353.13   54.13   44.36  2036.6  353.18   65.22   34.70  3390.5  353.99   77.11   26.03    1.3     55163.798     13.50   47.10740   39.80800  F2               
0 04.04.2019 15:19:34.555   9.99600000   9995.99987   0.24  -48.8   48.8  28.0 10.80  352.8  1607.0  353.13   54.13   44.36  2036.7  353.20   65.22   34.72  3390.3  354.01   77.11   26.08    1.4     55174.555     13.50   47.10740   39.80800  F2               
0 04.04.2019 15:19:48.687   9.99600000   9995.99944   0.07  -91.4   11.8  28.0 12.00  352.8  1531.4  353.13   53.46   44.54  2838.7  353.80   72.31   31.00  3998.2  355.06   82.40   17.34    1.4     55188.687     13.50   47.10740   39.80800  F2               
0 04.04.2019 15:20:03.795   9.99600000   9995.99997   0.40  -62.3   27.2  28.0 12.00  354.2  1533.4  354.55   53.53   45.10  2824.0  355.02   72.30   32.77  3997.9  356.07   82.63   21.51    1.4     55203.795     13.50   47.10740   39.80800  F2               
0 04.04.2019 15:20:20.158   9.99600000   9996.00020   0.40  -49.1   40.4  28.0 12.60  353.5  1496.8  353.85   53.18   44.89  3486.0  355.05   78.09   27.25     0.0  353.48    0.00    0.00    1.4     55220.158     13.50   47.10740   39.80800  F2               
0 04.04.2019 15:20:30.936   9.99600000   9996.00046   0.40  -49.3   14.1  28.0 11.40  352.8  1568.1  353.13   53.79   44.45  2076.2  353.22   65.57   34.56  3318.3  353.94   76.48   26.82    1.4     55230.936     13.50   47.10740   39.80800  F2               
0 04.04.2019 15:20:43.924   9.99600000   9995.99978   0.40  -51.1   38.3  28.0 10.80  352.8  1606.5  353.12   54.13   44.36  2083.9  353.18   65.64   34.50     0.0  352.79    0.00    0.00    1.4     55243.924     13.50   47.10740   39.80800  F2               
0 04.04.2019 15:20:54.878   9.99600000   9995.99925   0.40  -56.1   35.3  28.0  8.40  352.8  1777.2  353.11   55.64   43.92  2262.7  353.17   67.21   33.68  3471.3  353.81   77.76   24.52    1.5     55254.878     13.50   47.10740   39.80800  F2               
0 04.04.2019 15:21:06.693   9.99600000   9996.00021   0.40  -49.4   42.1  28.0 10.80  352.8  1606.3  353.12   54.13   44.36  2084.0  353.19   65.64   34.51     0.0  352.81    0.00    0.00    1.4     55266.693     13.50   47.10740   39.80800  F2               
0 04.04.2019 15:21:19.633   9.99600000   9996.00135   0.40  -58.2   37.3  28.0  9.60  349.9  1683.6  350.19   54.67   42.87  2121.8  350.42   65.76   32.19  3315.2  351.21   75.96   21.57    1.4     55279.633     13.50   47.10740   39.80800  F2               
0 04.04.2019 15:21:30.276   9.99600000   9996.00066   0.40  -51.7   43.8  28.0 10.20  353.5  1647.2  353.83   54.52   44.56  2092.0  353.83   65.75   34.97  3609.8  354.81   79.11   24.91    1.5     55290.276     13.50   47.10740   39.80800  F2               
0 04.04.2019 15:21:44.297   9.99600000   9996.00008   0.40  -51.6   41.9  28.0  9.60  353.5  1688.6  353.82   54.89   44.47  2132.9  353.81   66.11   34.79  3446.8  354.52   77.67   26.48    1.4     55304.297     13.50   47.10740   39.80800  F2               
0 04.04.2019 15:21:56.250   9.99600000   9996.00003   0.40  -48.8   42.7  28.0 10.80  352.8  1605.9  353.12   54.12   44.36  2083.9  353.15   65.63   34.48     0.0  352.77    0.00    0.00    1.4     55316.250     13.50   47.10740   39.80800  F2               
0 04.04.2019 15:22:09.191   9.99600000   9996.00012   0.40  -43.5   46.0  28.0 10.80  353.5  1606.9  353.83   54.16   44.65  2089.4  353.87   65.73   35.01     0.0  353.51    0.00    0.00    1.3     55329.191     13.50   47.10740   39.80800  F2               
0 04.04.2019 15:22:21.047   9.99600000   9995.99992   0.40  -47.6   39.9  28.0  9.00  352.1  1729.1  352.40   55.18   43.72  2189.0  352.48   66.51   33.46  3381.5  353.14   76.88   24.36    1.4     55341.047     13.50   47.10740   39.80800  F2               
0 04.04.2019 15:22:34.056   9.99600000   9995.99960   0.40  -55.9   37.6  28.0 10.80  352.1  1604.5  352.42   54.08   44.07  2078.8  352.50   65.55   34.01     0.0  352.08    0.00    0.00    1.5     55354.056     13.50   47.10740   39.80800  F2               
0 04.04.2019 15:22:49.290   9.99600000   9996.00062   0.40  -52.6   40.9  28.0 12.00  352.8  1530.6  353.13   53.46   44.54  2773.0  353.74   71.73   31.38     0.0  352.81    0.00    0.00    1.4     55369.290     13.50   47.10740   39.80800  F2               
0 04.04.2019 15:23:00.019   9.99600000   9995.99995   0.40  -55.1   34.3  28.0  7.80  353.5  1823.0  353.81   56.08   44.15  2346.9  353.87   68.00   33.92  3587.8  354.51   78.87   24.45    1.5     55380.019     13.50   47.10740   39.80800  F2               
0 04.04.2019 15:23:11.892   9.99600000   9996.00024   0.40  -48.7   40.7  28.0  9.60  352.8  1686.4  353.11   54.84   44.16  2130.5  353.17   66.05   34.29  3409.3  353.89   77.25   25.57    1.4     55391.892     13.50   47.10740   39.80800  F2               
0 04.04.2019 15:23:23.680   9.99600000   9996.00031   0.40  -50.1   35.3  28.0 10.20  353.5  1646.1  353.82   54.51   44.57  2092.1  353.86   65.75   34.99  3609.6  354.83   79.11   24.97    1.4     55403.680     13.50   47.10740   39.80800  F2               
0 04.04.2019 15:23:35.728   9.99600000   9995.99995   0.40  -55.0   40.5  28.0  9.60  353.5  1687.3  353.82   54.87   44.47  2132.9  353.83   66.11   34.80  3447.9  354.53   77.68   26.49    1.4     55415.728     13.50   47.10740   39.80800  F2               
0 04.04.2019 15:23:46.478   9.99600000   9996.00031   0.40  -49.5   40.0  28.0 11.40  352.1  1565.9  352.42   53.74   44.17  3073.6  353.41   74.31   28.46     0.0  352.08    0.00    0.00    1.4     55426.478     13.50   47.10740   39.80800  F2               
0 04.04.2019 15:23:58.287   9.99600000   9995.99947   0.40  -57.0   36.5  28.0 11.40  352.1  1565.8  352.42   53.74   44.17  3072.9  353.42   74.30   28.47     0.0  352.09    0.00    0.00    1.4     55438.287     13.50   47.10740   39.80800  F2               
0 04.04.2019 15:24:11.208   9.99600000   9996.00019   0.40  -51.7   39.7  28.0 10.80  352.8  1604.8  353.12   54.11   44.36  2084.2  353.20   65.64   34.52     0.0  352.82    0.00    0.00    1.5     55451.208     13.50   47.10740   39.80800  F2               
0 04.04.2019 15:24:24.205   9.99600000   9996.00046   0.40  -46.3   37.2  28.0 11.40  352.9  1566.9  353.23   53.78   44.49  3044.7  354.04   74.13   29.75     0.0  352.86    0.00    0.00    1.4     55464.205     13.50   47.10740   39.80800  F2               
0 04.04.2019 15:24:36.184   9.99600000   9996.00032   0.40  -45.0   38.4  28.0 12.00  353.5  1531.2  353.84   53.48   44.82     0.0  353.46    0.00    0.00     0.0  353.46    0.00    0.00    1.4     55476.184     13.50   47.10740   39.80800  F2               
0 04.04.2019 15:24:46.914   9.99600000   9996.00008   0.40  -60.9   34.6  28.0 14.40  352.8  1398.1  353.15   52.28   44.85  3080.5  354.13   74.46   29.59     0.0  352.77    0.00    0.00    1.4     55486.914     13.50   47.10740   39.80800  F2               
0 04.04.2019 15:24:57.566   9.99600000   9995.99971   0.40  -48.4   39.0  28.0 10.80  352.1  1603.4  352.41   54.07   44.07  2079.0  352.51   65.55   34.01     0.0  352.10    0.00    0.00    1.4     55497.566     13.50   47.10740   39.80800  F2               
0 04.04.2019 15:25:11.636   9.99600000   9996.00058   0.40  -60.9   30.6  28.0 13.80  355.7  1433.4  356.07   52.67   45.84  3156.4  356.60   75.37   33.39     0.0  355.68    0.00    0.00    1.6     55511.636     13.50   47.10740   39.80800  F2               
0 04.04.2019 15:25:11.636   9.99600000   9996.00058   0.40  -60.9   30.6  28.0 17.40  349.9  1256.4  350.26   50.92   44.27  3016.9  351.75   73.58   26.42     0.0  349.92    0.00    0.00    1.5     55511.636     13.50   47.10740   39.80800  F2               
0 04.04.2019 15:25:22.428   9.99600000   9996.00116   0.40  -58.3   37.2  28.0  9.60  352.8  1684.9  353.11   54.82   44.16  2130.5  353.15   66.04   34.27  3407.3  353.86   77.23   25.54    1.4     55522.428     13.50   47.10740   39.80800  F2               
0 04.04.2019 15:25:35.512   9.99600000   9995.99966   0.40  -49.0   38.4  28.0 12.60  352.1  1494.0  352.43   53.10   44.36  3568.8  354.15   78.65   23.84     0.0  352.10    0.00    0.00    1.4     55535.512     13.50   47.10740   39.80800  F2               
0 04.04.2019 15:25:47.340   9.99600000   9996.00029   0.40  -45.0   44.4  28.0  9.60  353.5  1685.7  353.82   54.86   44.48  2132.7  353.83   66.11   34.80  3449.2  354.53   77.70   26.48    1.4     55547.340     13.50   47.10740   39.80800  F2               
0 04.04.2019 15:25:47.340   9.99600000   9996.00029   0.40  -45.0   44.4  28.0 11.40  352.8  1566.3  353.12   53.77   44.45  3041.5  354.01   74.10   29.72     0.0  352.82    0.00    0.00    1.4     55547.340     13.50   47.10740   39.80800  F2               
0 04.04.2019 15:25:58.076   9.99600000   9996.00001   0.40  -45.3   42.1  28.0 11.40  352.8  1566.2  353.12   53.77   44.45  3043.6  353.98   74.12   29.66     0.0  352.79    0.00    0.00    1.4     55558.076     13.50   47.10740   39.80800  F2               
0 04.04.2019 15:26:13.182   9.99600000   9995.99999   0.40  -45.4   42.0  28.0 10.20  352.8  1643.3  353.11   54.46   44.27  2089.0  353.16   65.68   34.47  3608.7  354.23   79.00   23.40    1.4     55573.182     13.50   47.10740   39.80800  F2               
0 04.04.2019 15:26:24.985   9.99600000   9996.00028   0.40  -42.1   41.3  28.0 10.80  352.8  1603.8  353.12   54.10   44.36  2084.3  353.23   65.64   34.53     0.0  352.84    0.00    0.00    1.4     55584.985     13.50   47.10740   39.80800  F2               
0 04.04.2019 15:26:36.877   9.99600000   9996.00007   0.40  -41.1   38.4  28.0 10.80  352.8  1603.7  353.12   54.10   44.36  2084.4  353.23   65.64   34.54     0.0  352.85    0.00    0.00    1.4     55596.877     13.50   47.10740   39.80800  F2               
0 04.04.2019 15:26:49.814   9.99600000   9996.00013   0.40  -48.0   39.4  28.0 12.00  352.8  1529.6  353.13   53.45   44.54  2773.3  353.75   71.74   31.38     0.0  352.82    0.00    0.00    1.4     55609.814     13.50   47.10740   39.80800  F2               
0 04.04.2019 15:27:00.601   9.99600000   9995.99961   0.40  -61.3   34.1  28.0 10.80  354.2  1605.8  354.53   54.17   44.95  2095.4  354.55   65.82   35.51     0.0  354.23    0.00    0.00    1.4     55620.601     13.50   47.10740   39.80800  F2               
0 04.04.2019 15:27:12.463   9.99600000   9995.99987   0.40  -48.9   38.5  28.0 10.80  352.8  1603.4  353.12   54.10   44.36  2083.7  353.14   65.63   34.47     0.0  352.76    0.00    0.00    1.4     55632.463     13.50   47.10740   39.80800  F2               
0 04.04.2019 15:27:23.202   9.99600000   9995.99947   0.40  -47.8   35.7  28.0 12.00  353.5  1530.5  353.83   53.48   44.82     0.0  353.53    0.00    0.00     0.0  353.53    0.00    0.00    1.3     55643.202     13.50   47.10740   39.80800  F2               
0 04.04.2019 15:27:36.216   9.99600000   9995.99923   0.40  -51.3   34.1  28.0  7.80  350.6  1812.2  350.88   55.84   42.74  2340.0  351.14   67.71   31.42  3556.5  351.95   78.07   18.78    1.4     55656.216     13.50   47.10740   39.80800  F2               
0 04.04.2019 15:27:50.205   9.99600000   9996.00005   0.40  -52.5   38.9  28.0 10.20  352.8  1642.3  353.11   54.45   44.27  2089.0  353.16   65.68   34.46  3608.8  354.23   79.00   23.39    1.4     55670.205     13.50   47.10740   39.80800  F2               
0 04.04.2019 15:28:04.211   9.99600000   9995.99908   0.40  -52.4   39.0  28.0 12.60  355.0  1497.9  355.35   53.23   45.47     0.0  354.95    0.00    0.00     0.0  354.95    0.00    0.00    1.4     55684.211     13.50   47.10740   39.80800  F2               
0 04.04.2019 15:28:16.149   9.99600000   9995.99985   0.40  -50.3   43.2  28.0 10.20  353.5  1643.2  353.82   54.48   44.57  2092.0  353.85   65.75   34.98  3609.7  354.82   79.11   24.94    1.4     55696.149     13.50   47.10740   39.80800  F2               
0 04.04.2019 15:28:30.132   9.99600000   9996.00072   0.40  -63.7   29.8  28.0  6.00  354.2  1961.4  354.50   57.34   44.19  2662.3  354.61   70.84   33.13     0.0  354.22    0.00    0.00    2.0     55710.132     13.50   47.10740   39.80800  F2               
0 04.04.2019 15:28:30.132   9.99600000   9996.00072   0.40  -63.7   29.8  28.0 14.40  352.8  1398.2  353.15   52.28   44.85  3080.1  354.17   74.46   29.66     0.0  352.81    0.00    0.00    2.0     55710.132     13.50   47.10740   39.80800  F2               
0 04.04.2019 15:28:30.132   9.99600000   9996.00072   0.40  -63.7   29.8  28.0 10.80  353.5  1603.9  353.82   54.13   44.66  2089.5  353.87   65.73   35.01     0.0  353.52    0.00    0.00    2.0     55710.132     13.50   47.10740   39.80800  F2               
0 04.04.2019 15:28:43.101   9.99600000   9995.99975   0.40  -51.5   39.9  28.0 11.40  352.8  1565.1  353.12   53.76   44.46  3043.0  353.99   74.11   29.68     0.0  352.80    0.00    0.00    1.5     55723.101     13.50   47.10740   39.80800  F2               
0 04.04.2019 15:28:56.208   9.99600000   9996.00007   0.40  -49.4   42.1  28.0 10.80  352.8  1602.5  353.12   54.09   44.36  2083.9  353.18   65.64   34.50     0.0  352.79    0.00    0.00    1.3     55736.208     13.50   47.10740   39.80800  F2               
0 04.04.2019 15:29:06.954   9.99600000   9995.99986   0.40  -46.1   43.3  28.0 12.60  353.5  1495.4  353.84   53.17   44.89  3552.1  355.19   78.68   26.74     0.0  353.47    0.00    0.00    1.4     55746.954     13.50   47.10740   39.80800  F2               
0 04.04.2019 15:29:17.667   9.99600000   9996.00019   0.40  -46.1   41.3  28.0 13.80  353.5  1430.0  353.85   52.58   45.03     0.0  353.47    0.00    0.00     0.0  353.47    0.00    0.00    1.4     55757.667     13.50   47.10740   39.80800  F2               
0 04.04.2019 15:29:31.723   9.99600000   9996.00021   0.40  -46.8   42.7  28.0 11.40  352.8  1564.8  353.12   53.76   44.46  3044.8  353.99   74.13   29.67     0.0  352.80    0.00    0.00    1.4     55771.723     13.50   47.10740   39.80800  F2               
0 04.04.2019 15:29:45.815   9.99600000   9996.00013   0.40  -44.0   39.4  28.0 10.20  352.8  1641.1  353.11   54.44   44.27  2089.0  353.16   65.68   34.46  3608.7  354.23   79.00   23.38    1.4     55785.815     13.50   47.10740   39.80800  F2               
0 04.04.2019 15:29:57.575   9.99600000   9995.99976   0.22  -43.2   48.8  28.0  9.60  353.5  1682.8  353.81   54.83   44.48  2132.9  353.86   66.11   34.83  3451.1  354.56   77.72   26.53    1.4     55797.575     13.50   47.10740   39.80800  F2               
0 04.04.2019 15:30:20.177   9.99600000   9995.99977   0.20  -52.0   46.4  28.0 10.20  352.8  1641.0  353.11   54.43   44.27  2089.0  353.16   65.68   34.47  3608.6  354.23   79.00   23.40    1.5     55820.177     13.50   47.10740   39.80800  F2               
0 04.04.2019 15:30:33.065   9.99600000   9995.99975   0.22  -49.5   48.5  28.0 12.00  354.2  1531.1  354.54   53.51   45.10  2771.8  354.98   71.84   33.01     0.0  354.21    0.00    0.00    1.4     55833.065     13.50   47.10740   39.80800  F2               
0 04.04.2019 15:30:43.797   9.99600000   9995.99980   0.29  -43.0   51.8  28.0 11.40  352.8  1564.8  353.12   53.76   44.46  3042.7  354.02   74.11   29.72     0.0  352.83    0.00    0.00    1.4     55843.797     13.50   47.10740   39.80800  F2               
0 04.04.2019 15:30:43.797   9.99600000   9995.99980   0.29  -43.0   51.8  28.0 14.40  353.5  1399.6  353.85   52.31   45.09  3078.0  354.75   74.51   30.65     0.0  353.50    0.00    0.00    1.4     55843.797     13.50   47.10740   39.80800  F2               
0 04.04.2019 15:30:57.979   9.99600000   9995.99982   0.40  -40.7   50.8  28.0 11.40  352.9  1565.0  353.22   53.76   44.50  3044.1  354.04   74.13   29.75     0.0  352.86    0.00    0.00    1.5     55857.979     13.50   47.10740   39.80800  F2               
0 04.04.2019 15:31:10.951   9.99600000   9995.99984   0.20  -49.8   48.7  28.0 28.20  354.2   924.0  354.77   48.09   46.15     0.0  354.23    0.00    0.00     0.0  354.23    0.00    0.00    1.7     55870.951     13.50   47.10740   39.80800  F2               
0 04.04.2019 15:31:10.951   9.99600000   9995.99984   0.20  -49.8   48.7  28.0  7.80  352.8  1812.2  353.09   55.95   43.82  2345.4  353.20   67.94   33.29  3580.3  353.88   78.69   22.97    1.5     55870.951     13.50   47.10740   39.80800  F2               
0 04.04.2019 15:31:27.228   9.99600000   9995.99982   0.27  -38.5   48.7  28.0 11.40  352.8  1565.0  353.12   53.76   44.46  3045.7  354.00   74.14   29.68     0.0  352.81    0.00    0.00    1.4     55887.228     13.50   47.10740   39.80800  F2               
0 04.04.2019 15:31:43.441   9.99600000   9995.99984   0.27  -44.6   52.6  28.0  6.00  352.0  1952.7  352.27   57.15   42.99  2656.4  352.55   70.60   30.71     0.0  352.04    0.00    0.00    1.5     55903.441     13.50   47.10740   39.80800  F2               
0 04.04.2019 15:31:54.171   9.99600000   9995.99983   0.20  -49.1   49.4  28.0 13.20  353.5  1462.8  353.84   52.88   44.96  3290.9  354.93   76.38   29.13     0.0  353.52    0.00    0.00    1.4     55914.171     13.50   47.10740   39.80800  F2               
0 04.04.2019 15:32:07.177   9.99600000   9995.99975   0.29  -45.4   49.5  28.0  9.60  353.5  1682.7  353.81   54.83   44.48  2132.9  353.84   66.11   34.82  3449.5  354.55   77.70   26.51    1.4     55927.177     13.50   47.10740   39.80800  F2               
0 04.04.2019 15:32:17.910   9.99600000   9995.99976   0.20  -52.9   45.6  28.0  9.00  353.5  1724.6  353.81   55.21   44.38  2192.3  353.84   66.63   34.57  3403.9  354.42   77.29   26.80    1.7     55937.910     13.50   47.10740   39.80800  F2               
0 04.04.2019 15:32:30.844   9.99600000   9995.99976   0.40  -38.3   55.1  28.0 10.80  353.5  1603.7  353.82   54.13   44.66  2089.5  353.87   65.73   35.01     0.0  353.52    0.00    0.00    1.4     55950.844     13.50   47.10740   39.80800  F2               
0 04.04.2019 15:32:44.904   9.99600000   9995.99982   0.40  -40.4   55.1  28.0 10.80  352.8  1602.5  353.11   54.09   44.36  2084.1  353.19   65.64   34.50     0.0  352.80    0.00    0.00    1.4     55964.904     13.50   47.10740   39.80800  F2               
0 04.04.2019 15:32:55.631   9.99600000   9995.99984   0.11  -53.5   47.5  28.0 13.20  353.5  1463.3  353.84   52.88   44.96  3291.0  354.95   76.39   29.15     0.0  353.54    0.00    0.00    1.4     55975.631     13.50   47.10740   39.80800  F2               
0 04.04.2019 15:33:10.761   9.99600000   9995.99973   0.24  -47.0   50.5  28.0 13.20  352.8  1462.3  353.13   52.85   44.70     0.0  352.83    0.00    0.00     0.0  352.83    0.00    0.00    1.5     55990.761     13.50   47.10740   39.80800  F2               
0 04.04.2019 15:33:22.618   9.99600000   9995.99979   0.11  -48.6   44.4  28.0 11.40  352.8  1565.5  353.12   53.76   44.45  3045.6  353.99   74.14   29.65     0.0  352.79    0.00    0.00    1.4     56002.618     13.50   47.10740   39.80800  F2               
0 04.04.2019 15:33:34.434   9.99600000   9995.99982   0.27  -46.0   51.2  28.0 15.60  353.5  1343.4  353.86   51.81   45.21  3015.6  354.73   73.96   31.09     0.0  353.49    0.00    0.00    1.4     56014.434     13.50   47.10740   39.80800  F2               
0 04.04.2019 15:33:34.434   9.99600000   9995.99982   0.27  -46.0   51.2  28.0  9.60  352.1  1680.1  352.39   54.75   43.85  2128.5  352.51   65.98   33.78  3378.7  353.24   76.88   24.61    1.4     56014.434     13.50   47.10740   39.80800  F2               
0 04.04.2019 15:33:34.434   9.99600000   9995.99982   0.27  -46.0   51.2  28.0 12.60  352.8  1495.5  353.13   53.14   44.62  3559.2  354.68   78.66   25.33     0.0  352.80    0.00    0.00    1.4     56014.434     13.50   47.10740   39.80800  F2               
0 04.04.2019 15:33:46.068   9.99600000   9995.99978   0.27  -42.3   48.9  28.0 12.00  353.5  1531.0  353.83   53.48   44.82     0.0  353.49    0.00    0.00     0.0  353.49    0.00    0.00    1.4     56026.068     13.50   47.10740   39.80800  F2               
0 04.04.2019 15:33:58.981   9.99600000   9995.99979   0.22  -47.3   48.7  28.0 11.40  353.5  1566.8  353.82   53.80   44.74  3018.2  354.57   73.96   30.81     0.0  353.51    0.00    0.00    1.4     56038.981     13.50   47.10740   39.80800  F2               
0 04.04.2019 15:34:10.796   9.99600000   9995.99976   0.31  -40.8   49.7  28.0 12.60  352.8  1495.7  353.13   53.14   44.62  3559.7  354.69   78.66   25.36     0.0  352.81    0.00    0.00    1.4     56050.796     13.50   47.10740   39.80800  F2               
0 04.04.2019 15:34:23.638   9.99600000   9995.99980   0.38  -42.9   52.8  28.0 12.00  352.8  1530.1  353.12   53.45   44.54  2773.1  353.75   71.74   31.39     0.0  352.82    0.00    0.00    1.4     56063.638     13.50   47.10740   39.80800  F2               
0 04.04.2019 15:34:46.331   9.99600000   9995.99973   0.24  -47.8   47.8  28.0 12.60  353.5  1497.0  353.83   53.18   44.89  3551.5  355.23   78.68   26.85     0.0  353.52    0.00    0.00    1.4     56086.331     13.50   47.10740   39.80800  F2               
0 04.04.2019 15:34:57.062   9.99600000   9995.99976   0.27  -43.7   51.5  28.0 12.00  352.8  1530.3  353.12   53.45   44.54  2773.1  353.76   71.74   31.40     0.0  352.83    0.00    0.00    1.4     56097.062     13.50   47.10740   39.80800  F2               
0 04.04.2019 15:35:08.919   9.99600000   9995.99980   0.29  -43.6   51.3  28.0 10.80  352.8  1602.9  353.11   54.10   44.36  2084.1  353.20   65.64   34.52     0.0  352.82    0.00    0.00    1.4     56108.919     13.50   47.10740   39.80800  F2               
0 04.04.2019 15:35:22.876   9.99600000   9995.99969   0.11  -53.3   45.7  28.0 14.40  354.2  1403.4  354.55   52.37   45.33  3075.4  355.37   74.55   31.72     0.0  354.25    0.00    0.00    1.5     56122.876     13.50   47.10740   39.80800  F2               
0 04.04.2019 15:35:33.661   9.99600000   9995.99976   0.24  -45.3   52.2  28.0 12.60  353.5  1497.3  353.83   53.18   44.89  3403.6  355.01   77.37   28.12     0.0  353.50    0.00    0.00    1.4     56133.661     13.50   47.10740   39.80800  F2               
0 04.04.2019 15:35:44.426   9.99600000   9995.99973   0.20  -45.5   47.0  28.0 13.20  353.5  1464.6  353.83   52.89   44.96  3267.6  354.85   76.17   29.19     0.0  353.52    0.00    0.00    1.4     56144.426     13.50   47.10740   39.80800  F2               
0 04.04.2019 15:35:55.300   9.99600000   9995.99972   0.20  -48.1   48.4  28.0 13.80  352.8  1432.0  353.13   52.58   44.77  3178.5  354.13   75.31   28.68     0.0  352.78    0.00    0.00    1.4     56155.300     13.50   47.10740   39.80800  F2               
0 04.04.2019 15:36:20.729   9.99600000   9995.99980   0.13  -49.1   47.1  28.0 11.40  353.5  1567.4  353.82   53.81   44.73  2874.2  354.43   72.69   31.63     0.0  353.50    0.00    0.00    1.5     56180.729     13.50   47.10740   39.80800  F2               
0 04.04.2019 15:36:20.729   9.99600000   9995.99980   0.13  -49.1   47.1  28.0  9.00  352.8  1722.6  353.09   55.16   44.06  2209.0  353.19   66.74   33.95  3455.4  353.88   77.64   24.92    1.5     56180.729     13.50   47.10740   39.80800  F2               
0 04.04.2019 15:36:31.470   9.99600000   9995.99973   0.27  -47.4   47.8  28.0 20.40  352.8  1150.5  353.21   50.08   45.39  3176.8  354.28   75.31   28.97     0.0  352.84    0.00    0.00    1.5     56191.470     13.50   47.10740   39.80800  F2               
0 04.04.2019 15:36:31.470   9.99600000   9995.99973   0.27  -47.4   47.8  28.0 18.00  353.5  1241.5  353.89   50.90   45.41  3003.4  354.58   73.84   30.94     0.0  353.49    0.00    0.00    1.5     56191.470     13.50   47.10740   39.80800  F2               
0 04.04.2019 15:36:43.278   9.99600000   9995.99977   0.29  -44.1   52.8  28.0 11.40  353.5  1567.5  353.82   53.81   44.73  2873.6  354.45   72.68   31.66     0.0  353.52    0.00    0.00    1.3     56203.278     13.50   47.10740   39.80800  F2               
0 04.04.2019 15:36:56.305   9.99600000   9995.99982   0.20  -50.7   47.7  28.0 15.00  352.1  1371.8  352.44   52.02   44.66  3099.2  353.48   74.53   28.32     0.0  352.12    0.00    0.00    1.4     56216.305     13.50   47.10740   39.80800  F2               
0 04.04.2019 15:37:09.929   9.99600000   9995.99978   0.35  -42.5   53.5  28.0 13.20  352.8  1464.2  353.13   52.86   44.69  3272.8  354.28   76.14   28.01     0.0  352.82    0.00    0.00    1.4     56229.929     13.50   47.10740   39.80800  F2               
0 04.04.2019 15:37:23.922   9.99600000   9995.99978   0.40  -41.2   54.2  28.0 12.60  354.2  1499.4  354.53   53.22   45.15  3412.4  355.59   77.52   29.33     0.0  354.23    0.00    0.00    1.4     56243.922     13.50   47.10740   39.80800  F2               
0 04.04.2019 15:37:34.678   9.99600000   9995.99981   0.29  -43.6   53.3  28.0 13.80  352.8  1432.8  353.13   52.59   44.76  3177.9  354.13   75.30   28.69     0.0  352.78    0.00    0.00    1.5     56254.678     13.50   47.10740   39.80800  F2               
0 04.04.2019 15:37:46.477   9.99600000   9995.99976   0.40  -45.0   48.4  28.0 10.80  353.5  1604.5  353.81   54.14   44.65  2219.7  353.91   66.88   34.51     0.0  353.48    0.00    0.00    1.4     56266.477     13.50   47.10740   39.80800  F2               
0 04.04.2019 15:37:57.336   9.99600000   9996.00011   0.07  -90.9   10.3  28.0 12.60  353.5  1498.4  353.83   53.19   44.88  3419.5  355.00   77.51   27.91     0.0  353.48    0.00    0.00    1.5     56277.336     13.50   47.10740   39.80800  F2               
0 04.04.2019 15:38:08.083   9.99600000   9996.00055   0.07  -96.8    6.4  28.0 13.20  352.8  1464.6  353.12   52.87   44.69  3272.6  354.30   76.14   28.04     0.0  352.84    0.00    0.00    1.5     56288.083     13.50   47.10740   39.80800  F2               
0 04.04.2019 15:38:21.021   9.99600000   9996.00070   0.07  -94.1    9.1  28.0 12.60  352.8  1497.4  353.12   53.16   44.61  3421.6  354.45   77.44   26.64     0.0  352.79    0.00    0.00    1.5     56301.021     13.50   47.10740   39.80800  F2               
0 04.04.2019 15:38:52.902   9.99600000   9995.99988   0.40  -47.4   44.0  28.0 11.40  352.8  1566.7  353.11   53.77   44.45  2879.9  353.85   72.68   30.76     0.0  352.84    0.00    0.00    1.4     56332.902     13.50   47.10740   39.80800  F2               
0 04.04.2019 15:39:03.647   9.99600000   9995.99987   0.40  -47.8   47.7  28.0 12.00  352.0  1530.1  352.30   53.42   44.22  3832.7  354.58   80.93   19.97     0.0  352.04    0.00    0.00    1.4     56343.647     13.50   47.10740   39.80800  F2               
0 04.04.2019 15:39:15.588   9.99600000   9995.99980   0.40  -45.2   46.3  28.0 12.60  353.5  1499.0  353.82   53.20   44.88  3419.9  355.00   77.51   27.91     0.0  353.48    0.00    0.00    1.5     56355.588     13.50   47.10740   39.80800  F2               
0 04.04.2019 15:39:26.339   9.99600000   9995.99985   0.40  -48.6   44.8  28.0 12.60  352.8  1497.8  353.12   53.16   44.61  3421.0  354.42   77.44   26.59     0.0  352.75    0.00    0.00    1.4     56366.339     13.50   47.10740   39.80800  F2               
0 04.04.2019 15:39:37.065   9.99600000   9995.99973   0.40  -54.5   38.9  28.0 15.60  353.5  1347.0  353.85   51.84   45.20  3054.7  354.60   74.29   30.58     0.0  353.49    0.00    0.00    1.4     56377.065     13.50   47.10740   39.80800  F2               
0 04.04.2019 15:39:52.103   9.99600000   9995.99930   0.40  -56.9   36.6  28.0 13.80  352.8  1433.8  353.13   52.59   44.76  3177.4  354.17   75.30   28.76     0.0  352.83    0.00    0.00    1.6     56392.103     13.50   47.10740   39.80800  F2               
0 04.04.2019 15:40:05.181   9.99600000   9996.00002   0.22  -51.7   44.3  28.0 15.60  353.5  1347.2  353.85   51.85   45.20  3054.7  354.62   74.29   30.61     0.0  353.52    0.00    0.00    1.4     56405.181     13.50   47.10740   39.80800  F2               
0 04.04.2019 15:40:26.718   9.99600000   9995.99995   0.13  -55.0   41.3  28.0 10.80  353.5  1604.9  353.81   54.14   44.65  2220.4  353.92   66.89   34.52     0.0  353.50    0.00    0.00    1.5     56426.718     13.50   47.10740   39.80800  F2               
0 04.04.2019 15:40:41.787   9.99600000   9995.99978   0.40  -46.2   45.3  28.0 10.80  353.5  1604.9  353.81   54.14   44.65  2218.6  353.88   66.87   34.49     0.0  353.45    0.00    0.00    1.4     56441.787     13.50   47.10740   39.80800  F2               
0 04.04.2019 15:40:53.632   9.99600000   9996.00003   0.40  -53.6   41.8  28.0  7.80  353.5  1809.3  353.78   55.96   44.17  2360.6  353.88   68.12   33.86  3617.0  354.54   79.13   24.07    1.5     56453.632     13.50   47.10740   39.80800  F2               
0 04.04.2019 15:41:05.607   9.99600000   9995.99973   0.40  -50.5   38.9  28.0 10.80  353.5  1605.0  353.81   54.14   44.65  2218.6  353.90   66.87   34.51     0.0  353.47    0.00    0.00    1.4     56465.607     13.50   47.10740   39.80800  F2               
0 04.04.2019 15:41:17.453   9.99600000   9995.99478   0.40  -78.8   16.6  28.0 12.00  352.8  1532.3  353.11   53.47   44.53  3819.7  355.11   80.94   22.02     0.0  352.81    0.00    0.00    1.6     56477.453     13.50   47.10740   39.80800  F2               
0 04.04.2019 15:41:31.423   9.99600000   9996.00224   0.07  -95.7    5.5  28.0  7.80  352.8  1807.5  353.07   55.91   43.83  2358.7  353.20   68.06   33.23  3607.5  353.92   78.92   22.59    1.6     56491.423     13.50   47.10740   39.80800  F2               
0 04.04.2019 15:41:43.270   9.99600000   9996.00007   0.07  -88.2   15.1  28.0 14.40  352.8  1404.4  353.13   52.33   44.83  3106.2  354.09   74.67   29.29     0.0  352.83    0.00    0.00    1.5     56503.270     13.50   47.10740   39.80800  F2               
0 04.04.2019 15:41:58.133   9.99600000   9995.99986   0.20  -58.7   37.8  28.0 15.00  354.2  1377.4  354.55   52.13   45.38  3090.2  355.24   74.66   31.40     0.0  354.22    0.00    0.00    1.8     56518.133     13.50   47.10740   39.80800  F2               
0 04.04.2019 15:42:24.971   9.99600000   9995.99970   0.40  -54.4   39.0  28.0 28.80  352.8   916.5  353.38   47.99   45.86     0.0  352.84    0.00    0.00     0.0  352.84    0.00    0.00    1.7     56544.971     13.50   47.10740   39.80800  F2               
0 04.04.2019 15:42:24.971   9.99600000   9995.99970   0.40  -54.4   39.0  28.0 12.00  353.6  1534.1  353.91   53.51   44.84  3808.2  355.64   80.95   24.02     0.0  353.57    0.00    0.00    1.5     56544.971     13.50   47.10740   39.80800  F2               
0 04.04.2019 15:42:35.755   9.99600000   9995.99978   0.40  -60.3   35.1  28.0 11.40  354.2  1570.3  354.52   53.85   45.01  2870.5  355.04   72.71   32.53     0.0  354.20    0.00    0.00    1.5     56555.755     13.50   47.10740   39.80800  F2               
0 04.04.2019 15:42:47.591   9.99600000   9996.00009   0.40  -50.8   42.6  28.0 14.40  352.9  1404.9  353.23   52.34   44.86     0.0  352.86    0.00    0.00     0.0  352.86    0.00    0.00    1.4     56567.591     13.50   47.10740   39.80800  F2               
0 04.04.2019 15:42:58.318   9.99600000   9995.99803   0.07  -91.8   11.4  28.0 15.60  352.8  1347.6  353.14   51.83   44.96  3056.2  354.03   74.23   29.62     0.0  352.81    0.00    0.00    1.6     56578.318     13.50   47.10740   39.80800  F2               
0 04.04.2019 15:43:09.073   9.99600000   9995.99983   0.40  -50.4   45.1  28.0 13.80  352.8  1435.2  353.12   52.61   44.76  3177.6  354.14   75.30   28.71     0.0  352.80    0.00    0.00    1.4     56589.073     13.50   47.10740   39.80800  F2               
0 04.04.2019 15:43:20.954   9.99600000   9995.99990   0.40  -54.1   39.4  28.0 17.40  352.1  1268.2  352.46   51.10   44.91  3003.1  353.37   73.69   29.05     0.0  352.09    0.00    0.00    1.6     56600.954     13.50   47.10740   39.80800  F2               
0 04.04.2019 15:43:31.678   9.99600000   9996.00016   0.40  -57.0   38.4  28.0 29.40  352.1   903.0  352.69   47.86   45.74     0.0  352.12    0.00    0.00     0.0  352.12    0.00    0.00    1.6     56611.678     13.50   47.10740   39.80800  F2               
0 04.04.2019 15:43:31.678   9.99600000   9996.00016   0.40  -57.0   38.4  28.0 13.80  352.8  1435.3  353.12   52.61   44.76  3178.3  354.11   75.30   28.65     0.0  352.76    0.00    0.00    1.6     56611.678     13.50   47.10740   39.80800  F2               
0 04.04.2019 15:43:43.544   9.99600000   9996.00023   0.40  -55.6   39.8  28.0 13.20  352.8  1466.7  353.12   52.89   44.68  3272.7  354.27   76.14   27.99     0.0  352.81    0.00    0.00    1.4     56623.544     13.50   47.10740   39.80800  F2               
0 04.04.2019 15:43:56.601   9.99600000   9995.99956   0.40  -51.9   35.6  28.0  7.80  352.8  1806.5  353.07   55.90   43.83  2358.5  353.17   68.05   33.20  3606.9  353.88   78.91   22.52    1.6     56636.601     13.50   47.10740   39.80800  F2               
0 04.04.2019 15:43:56.601   9.99600000   9995.99956   0.40  -51.9   35.6  28.0 30.00  352.8   890.8  353.41   47.77   45.92     0.0  352.78    0.00    0.00     0.0  352.78    0.00    0.00    1.4     56636.601     13.50   47.10740   39.80800  F2               
0 04.04.2019 15:44:07.363   9.99600000   9995.99871   0.07  -92.5   10.7  28.0 10.20  352.8  1641.6  353.09   54.44   44.26  2127.1  353.17   66.02   34.31     0.0  352.78    0.00    0.00    1.8     56647.363     13.50   47.10740   39.80800  F2               
0 04.04.2019 15:44:19.207   9.99600000   9995.99974   0.40  -53.6   29.8  28.0 13.20  352.9  1467.1  353.22   52.89   44.72  3273.1  354.31   76.15   28.05     0.0  352.85    0.00    0.00    1.5     56659.207     13.50   47.10740   39.80800  F2               
0 04.04.2019 15:44:29.959   9.99600000   9996.00004   0.40  -48.7   44.8  28.0 14.40  352.8  1405.5  353.13   52.34   44.82  3106.3  354.10   74.68   29.30     0.0  352.84    0.00    0.00    1.5     56669.959     13.50   47.10740   39.80800  F2               
0 04.04.2019 15:44:29.959   9.99600000   9996.00004   0.40  -48.7   44.8  28.0 28.80  352.1   916.9  352.67   47.98   45.71     0.0  352.13    0.00    0.00     0.0  352.13    0.00    0.00    1.5     56669.959     13.50   47.10740   39.80800  F2               
0 04.04.2019 15:44:41.811   9.99600000   9996.00009   0.40  -52.8   36.7  28.0 27.60  352.8   945.7  353.35   48.25   45.81     0.0  352.80    0.00    0.00     0.0  352.80    0.00    0.00    1.7     56681.811     13.50   47.10740   39.80800  F2               
0 04.04.2019 15:44:54.808   9.99600000   9996.00011   0.33  -57.4   36.9  28.0  9.60  352.8  1680.6  353.08   54.78   44.16  2154.8  353.20   66.26   34.21  3832.5  354.59   80.93   20.03    1.5     56694.808     13.50   47.10740   39.80800  F2               
0 04.04.2019 15:45:07.888   9.99600000   9995.99988   0.40  -51.9   43.6  28.0 29.40  352.8   904.4  353.39   47.89   45.89     0.0  352.78    0.00    0.00     0.0  352.78    0.00    0.00    1.4     56707.888     13.50   47.10740   39.80800  F2               
0 04.04.2019 15:45:07.888   9.99600000   9995.99988   0.40  -51.9   43.6  28.0 12.00  353.5  1534.5  353.81   53.51   44.80  3810.3  355.62   80.96   23.91     0.0  353.54    0.00    0.00    1.4     56707.888     13.50   47.10740   39.80800  F2               
0 04.04.2019 15:45:19.795   9.99600000   9995.99965   0.40  -59.5   34.0  28.0 25.20  353.6  1008.3  354.10   48.83   45.87     0.0  353.56    0.00    0.00     0.0  353.56    0.00    0.00    1.7     56719.795     13.50   47.10740   39.80800  F2               
0 04.04.2019 15:45:32.744   9.99600000   9995.99951   0.40  -52.3   39.2  28.0  9.60  352.8  1680.5  353.08   54.78   44.16  2154.8  353.21   66.26   34.22  3831.1  354.60   80.92   20.09    1.5     56732.744     13.50   47.10740   39.80800  F2               
0 04.04.2019 15:45:32.744   9.99600000   9995.99951   0.40  -52.3   39.2  28.0 30.00  352.8   891.6  353.41   47.77   45.92     0.0  352.80    0.00    0.00     0.0  352.80    0.00    0.00    1.4     56732.744     13.50   47.10740   39.80800  F2               
0 04.04.2019 15:45:45.446   9.99600000   9995.99523   0.40  -74.2   19.3  28.0 26.40  352.8   976.1  353.32   48.52   45.75     0.0  352.79    0.00    0.00     0.0  352.79    0.00    0.00    1.5     56745.446     13.50   47.10740   39.80800  F2               
0 04.04.2019 15:45:56.187   9.99600000   9995.99948   0.40  -51.8   41.7  28.0 15.60  353.5  1349.9  353.85   51.87   45.19  3054.6  354.58   74.28   30.55     0.0  353.47    0.00    0.00    1.5     56756.187     13.50   47.10740   39.80800  F2               
0 04.04.2019 15:45:56.187   9.99600000   9995.99948   0.40  -51.8   41.7  28.0 25.20  353.5  1008.5  354.00   48.83   45.85     0.0  353.47    0.00    0.00     0.0  353.47    0.00    0.00    1.5     56756.187     13.50   47.10740   39.80800  F2               
0 04.04.2019 15:46:08.022   9.99600000   9995.99986   0.40  -48.9   44.5  28.0 10.20  353.5  1642.9  353.79   54.48   44.56  2131.4  353.86   66.10   34.83     0.0  353.50    0.00    0.00    1.5     56768.022     13.50   47.10740   39.80800  F2               
0 04.04.2019 15:46:08.022   9.99600000   9995.99986   0.40  -48.9   44.5  28.0 29.41  352.1   904.1  352.69   47.87   45.74     0.0  352.08    0.00    0.00     0.0  352.08    0.00    0.00    1.4     56768.022     13.50   47.10740   39.80800  F2               
0 04.04.2019 15:46:19.859   9.99600000   9996.00023   0.40  -52.5   41.0  28.0  9.60  353.5  1681.8  353.79   54.82   44.47  2157.4  353.86   66.33   34.73  3786.2  355.05   80.65   22.51    1.5     56779.859     13.50   47.10740   39.80800  F2               
0 04.04.2019 15:46:19.859   9.99600000   9996.00023   0.40  -52.5   41.0  28.0 28.80  352.8   918.4  353.38   48.01   45.86     0.0  352.78    0.00    0.00     0.0  352.78    0.00    0.00    1.4     56779.859     13.50   47.10740   39.80800  F2               
0 04.04.2019 15:46:32.810   9.99600000   9996.00023   0.40  -50.6   40.9  28.0 10.20  352.7  1641.3  352.98   54.43   44.21  2126.9  353.13   66.01   34.28     0.0  352.74    0.00    0.00    1.5     56792.810     13.50   47.10740   39.80800  F2               
0 04.04.2019 15:46:32.810   9.99600000   9996.00023   0.40  -50.6   40.9  28.0 31.20  352.8   867.1  353.44   47.56   45.96     0.0  352.77    0.00    0.00     0.0  352.77    0.00    0.00    1.4     56792.810     13.50   47.10740   39.80800  F2               
0 04.04.2019 15:46:45.872   9.99600000   9995.99981   0.40  -40.6   38.9  28.0 10.80  352.8  1604.5  353.09   54.11   44.35  2200.2  353.28   66.67   34.07     0.0  352.83    0.00    0.00    1.5     56805.872     13.50   47.10740   39.80800  F2               
0 04.04.2019 15:46:45.872   9.99600000   9995.99981   0.40  -40.6   38.9  28.0 30.00  352.8   892.1  353.41   47.78   45.91     0.0  352.75    0.00    0.00     0.0  352.75    0.00    0.00    1.4     56805.872     13.50   47.10740   39.80800  F2               
0 04.04.2019 15:46:56.614   9.99600000   9995.99989   0.40  -44.5   44.9  28.0 10.20  353.5  1643.2  353.79   54.48   44.56  2131.5  353.87   66.10   34.84     0.0  353.52    0.00    0.00    1.5     56816.614     13.50   47.10740   39.80800  F2               
0 04.04.2019 15:46:56.614   9.99600000   9995.99989   0.40  -44.5   44.9  28.0 30.00  352.1   891.6  352.70   47.76   45.77     0.0  352.13    0.00    0.00     0.0  352.13    0.00    0.00    1.4     56816.614     13.50   47.10740   39.80800  F2               
0 04.04.2019 15:47:09.576   9.99600000   9996.00006   0.40  -45.7   45.7  28.0 27.60  352.1   946.2  352.64   48.24   45.65     0.0  352.12    0.00    0.00     0.0  352.12    0.00    0.00    1.6     56829.576     13.50   47.10740   39.80800  F2               
0 04.04.2019 15:47:21.282   9.99600000   9996.00008   0.07  -82.5   20.7  28.0 28.21  352.1   931.8  352.66   48.12   45.68     0.0  352.09    0.00    0.00     0.0  352.09    0.00    0.00    1.6     56841.282     13.50   47.10740   39.80800  F2               
0 04.04.2019 15:47:32.010   9.99600000   9995.99945   0.40  -46.3   39.1  28.0 31.20  352.1   866.9  352.74   47.54   45.82     0.0  352.12    0.00    0.00     0.0  352.12    0.00    0.00    1.5     56852.010     13.50   47.10740   39.80800  F2               
0 04.04.2019 15:47:32.010   9.99600000   9995.99945   0.40  -46.3   39.1  28.0 12.60  353.5  1501.5  353.81   53.22   44.87  3420.3  355.00   77.52   27.91     0.0  353.48    0.00    0.00    1.4     56852.010     13.50   47.10740   39.80800  F2               
0 04.04.2019 15:47:43.859   9.99600000   9996.00008   0.40  -40.6   42.9  28.0 27.00  352.8   961.8  353.34   48.40   45.77     0.0  352.76    0.00    0.00     0.0  352.76    0.00    0.00    1.5     56863.859     13.50   47.10740   39.80800  F2               
0 04.04.2019 15:47:54.559   9.99600000   9995.99952   0.40  -43.6   41.9  28.0 27.01  352.8   961.6  353.34   48.40   45.77     0.0  352.78    0.00    0.00     0.0  352.78    0.00    0.00    1.5     56874.559     13.50   47.10740   39.80800  F2               
0 04.04.2019 15:48:05.420   9.99600000   9995.99999   0.11  -77.5   21.5  28.0 28.80  352.1   918.5  352.67   48.00   45.71     0.0  352.11    0.00    0.00     0.0  352.11    0.00    0.00    1.4     56885.420     13.50   47.10740   39.80800  F2               
0 04.04.2019 15:48:18.044   9.99600000   9995.99980   0.40  -40.3   39.1  28.0 28.21  352.1   932.2  352.66   48.12   45.68     0.0  352.11    0.00    0.00     0.0  352.11    0.00    0.00    1.4     56898.044     13.50   47.10740   39.80800  F2               
0 04.04.2019 15:48:29.857   9.99600000   9996.00006   0.40  -39.3   50.1  28.0 28.79  352.1   918.9  352.67   48.00   45.71     0.0  352.12    0.00    0.00     0.0  352.12    0.00    0.00    1.4     56909.857     13.50   47.10740   39.80800  F2               
0 04.04.2019 15:48:43.780   9.99600000   9995.99983   0.40  -52.2   35.3  28.0 33.00  352.1   832.7  352.79   47.24   45.90     0.0  352.10    0.00    0.00     0.0  352.10    0.00    0.00    1.9     56923.780     13.50   47.10740   39.80800  F2               
0 04.04.2019 15:48:43.780   9.99600000   9995.99983   0.40  -52.2   35.3  28.0 16.80  353.5  1297.9  353.86   51.41   45.29  3012.7  354.61   73.92   30.93     0.0  353.54    0.00    0.00    1.4     56923.780     13.50   47.10740   39.80800  F2               
0 04.04.2019 15:48:54.505   9.99600000   9995.99971   0.40  -42.2   47.3  28.0 29.40  352.1   905.4  352.69   47.88   45.74     0.0  352.13    0.00    0.00     0.0  352.13    0.00    0.00    1.4     56934.505     13.50   47.10740   39.80800  F2               
0 04.04.2019 15:48:54.505   9.99600000   9995.99971   0.40  -42.2   47.3  28.0 14.40  353.5  1408.2  353.83   52.39   45.07  3101.1  354.65   74.70   30.30     0.0  353.51    0.00    0.00    1.4     56934.505     13.50   47.10740   39.80800  F2               
0 04.04.2019 15:49:08.603   9.99600000   9995.99986   0.40  -41.3   42.2  28.0 28.80  352.1   918.9  352.68   48.00   45.71     0.0  352.12    0.00    0.00     0.0  352.12    0.00    0.00    1.5     56948.603     13.50   47.10740   39.80800  F2               
0 04.04.2019 15:49:21.486   9.99600000   9996.00021   0.40  -47.9   41.5  28.0 27.00  352.8   962.5  353.34   48.40   45.77     0.0  352.76    0.00    0.00     0.0  352.76    0.00    0.00    1.7     56961.486     13.50   47.10740   39.80800  F2               
0 04.04.2019 15:49:33.303   9.99600000   9995.99970   0.09  -84.1   17.9  28.0 30.59  352.1   880.1  352.72   47.66   45.80     0.0  352.10    0.00    0.00     0.0  352.10    0.00    0.00    1.5     56973.303     13.50   47.10740   39.80800  F2               
0 04.04.2019 15:49:47.446   9.99600000   9995.99991   0.11  -82.3   18.7  28.0 30.00  352.8   893.2  353.41   47.79   45.91     0.0  352.80    0.00    0.00     0.0  352.80    0.00    0.00    1.8     56987.446     13.50   47.10740   39.80800  F2               
0 04.04.2019 15:49:59.276   9.99600000   9995.99983   0.40  -46.8   46.7  28.0  9.60  352.8  1679.7  353.08   54.78   44.16  2154.8  353.21   66.26   34.22  3830.9  354.60   80.92   20.09    1.7     56999.276     13.50   47.10740   39.80800  F2               
0 04.04.2019 15:49:59.276   9.99600000   9995.99983   0.40  -46.8   46.7  28.0 27.60  352.8   948.0  353.35   48.28   45.80     0.0  352.78    0.00    0.00     0.0  352.78    0.00    0.00    1.4     56999.276     13.50   47.10740   39.80800  F2               
0 04.04.2019 15:50:11.093   9.99600000   9995.99979   0.40  -48.1   33.3  28.0 25.80  352.1   993.0  352.61   48.66   45.55     0.0  352.09    0.00    0.00     0.0  352.09    0.00    0.00    1.6     57011.093     13.50   47.10740   39.80800  F2               
0 04.04.2019 15:50:11.093   9.99600000   9995.99979   0.40  -48.1   33.3  28.0 14.40  352.8  1407.4  353.12   52.36   44.82  3106.6  354.06   74.67   29.23     0.0  352.80    0.00    0.00    1.6     57011.093     13.50   47.10740   39.80800  F2               
0 04.04.2019 15:50:23.988   9.99600000   9996.00117   0.40  -45.9   39.5  28.0 12.60  352.8  1500.9  353.10   53.19   44.60  3421.3  354.46   77.44   26.67     0.0  352.80    0.00    0.00    1.5     57023.988     13.50   47.10740   39.80800  F2               
0 04.04.2019 15:50:23.988   9.99600000   9996.00117   0.40  -45.9   39.5  28.0 28.80  352.8   920.0  353.38   48.03   45.86     0.0  352.76    0.00    0.00     0.0  352.76    0.00    0.00    1.5     57023.988     13.50   47.10740   39.80800  F2               
0 04.04.2019 15:50:35.984   9.99600000   9995.99999   0.40  -46.3   41.1  28.0 28.80  352.1   919.4  352.68   48.01   45.71     0.0  352.06    0.00    0.00     0.0  352.06    0.00    0.00    1.7     57035.984     13.50   47.10740   39.80800  F2               
0 04.04.2019 15:50:35.984   9.99600000   9995.99999   0.40  -46.3   41.1  28.0 12.60  352.9  1501.1  353.20   53.20   44.64  3385.8  354.47   77.14   27.13     0.0  352.87    0.00    0.00    1.4     57035.984     13.50   47.10740   39.80800  F2               
0 04.04.2019 15:50:50.041   9.99600000   9996.00067   0.40  -48.8   38.7  28.0 28.80  352.8   920.1  353.38   48.03   45.86     0.0  352.78    0.00    0.00     0.0  352.78    0.00    0.00    1.7     57050.041     13.50   47.10740   39.80800  F2               
0 04.04.2019 15:50:50.041   9.99600000   9996.00067   0.40  -48.8   38.7  28.0  8.40  353.5  1762.5  353.77   55.54   44.28  2297.4  353.84   67.56   34.12  3577.3  354.54   78.79   24.71    1.6     57050.041     13.50   47.10740   39.80800  F2               
0 04.04.2019 15:51:00.800   9.99600000   9996.00112   0.40  -47.2   42.2  28.0 27.00  353.5   963.8  354.05   48.43   45.93     0.0  353.47    0.00    0.00     0.0  353.47    0.00    0.00    1.6     57060.800     13.50   47.10740   39.80800  F2               
0 04.04.2019 15:51:00.800   9.99600000   9996.00112   0.40  -47.2   42.2  28.0 10.20  352.8  1641.8  353.08   54.44   44.25  2199.4  353.23   66.66   34.03     0.0  352.80    0.00    0.00    1.4     57060.800     13.50   47.10740   39.80800  F2               
0 04.04.2019 15:51:12.601   9.99600000   9996.00055   0.40  -45.9   37.6  28.0 24.60  352.8  1026.8  353.29   48.98   45.64     0.0  352.76    0.00    0.00     0.0  352.76    0.00    0.00    1.5     57072.601     13.50   47.10740   39.80800  F2               
0 04.04.2019 15:51:12.601   9.99600000   9996.00055   0.40  -45.9   37.6  28.0 27.00  352.1   962.5  352.63   48.39   45.62     0.0  352.11    0.00    0.00     0.0  352.11    0.00    0.00    1.5     57072.601     13.50   47.10740   39.80800  F2               
0 04.04.2019 15:51:12.601   9.99600000   9996.00055   0.40  -45.9   37.6  28.0 13.80  353.5  1438.9  353.82   52.66   45.00  3163.9  354.81   75.26   30.05     0.0  353.52    0.00    0.00    1.4     57072.601     13.50   47.10740   39.80800  F2               
0 04.04.2019 15:51:25.626   9.99600000   9996.00092   0.40  -44.0   45.5  28.0 13.80  353.5  1438.9  353.82   52.66   45.00  3164.1  354.82   75.27   30.07     0.0  353.54    0.00    0.00    1.4     57085.626     13.50   47.10740   39.80800  F2               
0 04.04.2019 15:51:25.626   9.99600000   9996.00092   0.40  -44.0   45.5  28.0 27.60  352.8   948.5  353.35   48.28   45.80     0.0  352.81    0.00    0.00     0.0  352.81    0.00    0.00    1.4     57085.626     13.50   47.10740   39.80800  F2               
0 04.04.2019 15:51:38.566   9.99600000   9995.99961   0.40  -43.8   45.7  28.0 28.80  353.5   921.0  354.09   48.05   46.01     0.0  353.48    0.00    0.00     0.0  353.48    0.00    0.00    1.5     57098.566     13.50   47.10740   39.80800  F2               
0 04.04.2019 15:51:49.285   9.99600000   9996.00000   0.40  -45.3   40.1  28.0 12.60  353.5  1502.5  353.81   53.23   44.87  3351.5  354.96   76.91   28.56     0.0  353.48    0.00    0.00    1.6     57109.285     13.50   47.10740   39.80800  F2               
0 04.04.2019 15:51:49.285   9.99600000   9996.00000   0.40  -45.3   40.1  28.0 28.80  352.8   920.4  353.39   48.03   45.86     0.0  352.82    0.00    0.00     0.0  352.82    0.00    0.00    1.4     57109.285     13.50   47.10740   39.80800  F2               
0 04.04.2019 15:52:01.105   9.99600000   9995.99993   0.40  -45.8   45.7  28.0 12.00  351.3  1531.9  351.58   53.40   43.93  3529.3  353.48   78.19   22.85     0.0  351.34    0.00    0.00    1.7     57121.105     13.50   47.10740   39.80800  F2               
0 04.04.2019 15:52:01.105   9.99600000   9995.99993   0.40  -45.8   45.7  28.0 30.00  352.8   893.9  353.42   47.79   45.91     0.0  352.76    0.00    0.00     0.0  352.76    0.00    0.00    1.6     57121.105     13.50   47.10740   39.80800  F2               
0 04.04.2019 15:52:12.970   9.99600000   9996.00110   0.40  -49.9   37.5  28.0 24.00  352.8  1044.3  353.27   49.13   45.61     0.0  352.81    0.00    0.00     0.0  352.81    0.00    0.00    1.6     57132.970     13.50   47.10740   39.80800  F2               
0 04.04.2019 15:52:12.970   9.99600000   9996.00110   0.40  -49.9   37.5  28.0 10.20  353.5  1643.4  353.78   54.48   44.56  2208.0  353.86   66.77   34.52     0.0  353.46    0.00    0.00    1.5     57132.970     13.50   47.10740   39.80800  F2               
0 04.04.2019 15:52:27.054   9.99600000   9996.00066   0.40  -47.8   39.6  28.0 27.00  352.8   963.6  353.34   48.41   45.77     0.0  352.75    0.00    0.00     0.0  352.75    0.00    0.00    1.5     57147.054     13.50   47.10740   39.80800  F2               
0 04.04.2019 15:52:41.032   9.99600000   9995.99885   0.40  -45.4   38.1  28.0 27.00  352.1   963.0  352.63   48.39   45.61     0.0  352.10    0.00    0.00     0.0  352.10    0.00    0.00    1.5     57161.032     13.50   47.10740   39.80800  F2               
0 04.04.2019 15:52:41.032   9.99600000   9995.99885   0.40  -45.4   38.1  28.0 12.60  353.5  1502.6  353.81   53.23   44.87  3351.9  355.00   76.92   28.65     0.0  353.53    0.00    0.00    1.4     57161.032     13.50   47.10740   39.80800  F2               
0 04.04.2019 15:52:56.201   9.99600000   9995.99990   0.40  -45.0   40.5  28.0 28.20  352.8   934.7  353.37   48.16   45.83     0.0  352.77    0.00    0.00     0.0  352.77    0.00    0.00    1.5     57176.201     13.50   47.10740   39.80800  F2               
0 04.04.2019 15:52:56.201   9.99600000   9995.99990   0.40  -45.0   40.5  28.0 12.00  353.5  1536.0  353.80   53.53   44.79  3536.4  355.16   78.54   26.87     0.0  353.46    0.00    0.00    1.4     57176.201     13.50   47.10740   39.80800  F2               
0 04.04.2019 15:53:10.233   9.99600000   9996.00063   0.40  -47.3   40.1  28.0 13.80  352.9  1438.2  353.21   52.64   44.78  3162.3  354.26   75.18   29.06     0.0  352.87    0.00    0.00    1.5     57190.233     13.50   47.10740   39.80800  F2               
0 04.04.2019 15:53:22.760   9.99600000   9995.99945   0.40  -51.9   37.5  28.0  8.40  352.8  1759.8  353.06   55.49   43.95  2295.4  353.18   67.50   33.53  3559.8  353.92   78.53   23.41    1.6     57202.760     13.50   47.10740   39.80800  F2               
0 04.04.2019 15:53:22.760   9.99600000   9995.99945   0.40  -51.9   37.5  28.0 27.00  353.5   964.6  354.05   48.44   45.93     0.0  353.51    0.00    0.00     0.0  353.51    0.00    0.00    1.5     57202.760     13.50   47.10740   39.80800  F2               
0 04.04.2019 15:53:35.755   9.99600000   9996.00051   0.40  -46.9   38.5  28.0 30.00  355.7   896.9  356.35   47.86   46.52     0.0  355.67    0.00    0.00     0.0  355.67    0.00    0.00    1.7     57215.755     13.50   47.10740   39.80800  F2               
0 04.04.2019 15:53:35.755   9.99600000   9996.00051   0.40  -46.9   38.5  28.0 13.20  353.5  1470.5  353.81   52.94   44.94  3242.8  354.87   75.96   29.45     0.0  353.51    0.00    0.00    1.4     57215.755     13.50   47.10740   39.80800  F2               
0 04.04.2019 15:53:50.907   9.99600000   9995.99972   0.40  -39.9   47.6  28.0 27.00  352.8   964.0  353.34   48.42   45.77     0.0  352.80    0.00    0.00     0.0  352.80    0.00    0.00    1.8     57230.907     13.50   47.10740   39.80800  F2               
0 04.04.2019 15:54:04.929   9.99600000   9996.00168   0.40  -50.0   41.5  28.0 14.40  354.2  1410.7  354.53   52.43   45.31  3161.0  355.38   75.30   31.12     0.0  354.21    0.00    0.00    1.7     57244.929     13.50   47.10740   39.80800  F2               
0 04.04.2019 15:54:04.929   9.99600000   9996.00168   0.40  -50.0   41.5  28.0 28.20  353.5   935.6  354.08   48.18   45.98     0.0  353.48    0.00    0.00     0.0  353.48    0.00    0.00    1.5     57244.929     13.50   47.10740   39.80800  F2               
0 04.04.2019 15:54:16.783   9.99600000   9996.00030   0.40  -46.7   44.8  28.0 18.60  353.5  1226.7  353.88   50.77   45.43  3060.2  354.75   74.35   30.79     0.0  353.48    0.00    0.00    1.5     57256.783     13.50   47.10740   39.80800  F2               
0 04.04.2019 15:54:16.783   9.99600000   9996.00030   0.40  -46.7   44.8  28.0 27.60  352.9   949.5  353.46   48.29   45.82     0.0  352.86    0.00    0.00     0.0  352.86    0.00    0.00    1.5     57256.783     13.50   47.10740   39.80800  F2               
0 04.04.2019 15:54:28.649   9.99600000   9996.00001   0.40  -48.0   39.5  28.0 24.00  352.9  1045.1  353.38   49.14   45.63     0.0  352.85    0.00    0.00     0.0  352.85    0.00    0.00    1.6     57268.649     13.50   47.10740   39.80800  F2               
0 04.04.2019 15:54:28.649   9.99600000   9996.00001   0.40  -48.0   39.5  28.0  7.80  353.5  1803.4  353.76   55.91   44.18  2375.0  353.86   68.25   33.78  3651.9  354.57   79.42   23.57    1.4     57268.649     13.50   47.10740   39.80800  F2               
0 04.04.2019 15:54:39.382   9.99600000   9996.00232   0.40  -55.1   30.3  28.0 26.40  353.5   980.2  354.04   48.57   45.90     0.0  353.51    0.00    0.00     0.0  353.51    0.00    0.00    1.8     57279.382     13.50   47.10740   39.80800  F2               
0 04.04.2019 15:54:50.169   9.99600000   9995.99929   0.07  -85.0   16.2  28.0 27.00  352.8   964.3  353.34   48.42   45.77     0.0  352.82    0.00    0.00     0.0  352.82    0.00    0.00    2.0     57290.169     13.50   47.10740   39.80800  F2               
0 04.04.2019 15:55:03.112   9.99600000   9996.00022   0.40  -46.9   40.5  28.0 10.80  353.5  1606.4  353.79   54.15   44.64  3044.9  354.55   74.19   30.58     0.0  353.48    0.00    0.00    1.7     57303.112     13.50   47.10740   39.80800  F2               
0 04.04.2019 15:55:03.112   9.99600000   9996.00022   0.40  -46.9   40.5  28.0 27.00  353.5   965.1  354.05   48.44   45.93     0.0  353.49    0.00    0.00     0.0  353.49    0.00    0.00    1.5     57303.112     13.50   47.10740   39.80800  F2               
0 04.04.2019 15:55:13.841   9.99600000   9996.00069   0.40  -51.5   44.0  28.0 27.00  354.2   965.8  354.76   48.46   46.09     0.0  354.23    0.00    0.00     0.0  354.23    0.00    0.00    1.6     57313.841     13.50   47.10740   39.80800  F2               
0 04.04.2019 15:55:26.894   9.99600000   9995.99998   0.40  -44.6   42.9  28.0 27.00  352.8   964.5  353.34   48.42   45.77     0.0  352.82    0.00    0.00     0.0  352.82    0.00    0.00    1.4     57326.894     13.50   47.10740   39.80800  F2               
0 04.04.2019 15:55:38.616   9.99600000   9996.00013   0.40  -45.2   42.3  28.0 27.01  353.5   965.0  354.05   48.44   45.93     0.0  353.47    0.00    0.00     0.0  353.47    0.00    0.00    1.5     57338.616     13.50   47.10740   39.80800  F2               
0 04.04.2019 15:55:50.443   9.99600000   9995.99960   0.40  -48.5   36.9  28.0 16.20  352.1  1324.1  352.43   51.60   44.77  3050.8  353.53   74.12   28.87     0.0  352.10    0.00    0.00    1.8     57350.443     13.50   47.10740   39.80800  F2               
0 04.04.2019 15:55:50.443   9.99600000   9995.99960   0.40  -48.5   36.9  28.0 28.80  352.8   921.5  353.39   48.04   45.86     0.0  352.84    0.00    0.00     0.0  352.84    0.00    0.00    1.5     57350.443     13.50   47.10740   39.80800  F2               
0 04.04.2019 15:56:01.201   9.99600000   9996.00012   0.40  -45.8   35.6  28.0 13.80  353.5  1439.7  353.82   52.67   45.00  3163.8  354.75   75.26   29.95     0.0  353.46    0.00    0.00    1.4     57361.201     13.50   47.10740   39.80800  F2               
0 04.04.2019 15:56:11.921   9.99600000   9996.00035   0.40  -52.7   36.7  28.0 15.60  353.6  1353.2  353.94   51.90   45.21  3075.9  354.79   74.49   30.74     0.0  353.57    0.00    0.00    1.4     57371.921     13.50   47.10740   39.80800  F2               
0 04.04.2019 15:56:24.803   9.99600000   9996.00070   0.40  -59.2   34.3  28.0 28.80  353.5   922.3  354.10   48.06   46.01     0.0  353.50    0.00    0.00     0.0  353.50    0.00    0.00    1.7     57384.803     13.50   47.10740   39.80800  F2               
0 04.04.2019 15:56:24.803   9.99600000   9996.00070   0.40  -59.2   34.3  28.0 11.40  351.4  1566.5  351.67   53.71   43.86  2937.3  352.65   73.03   28.55     0.0  351.39    0.00    0.00    1.6     57384.803     13.50   47.10740   39.80800  F2               
0 04.04.2019 15:56:37.908   9.99600000   9996.00045   0.40  -52.6   40.8  28.0 18.00  352.8  1249.9  353.17   50.96   45.17  3040.2  354.13   74.11   29.93     0.0  352.78    0.00    0.00    1.4     57397.908     13.50   47.10740   39.80800  F2               
0 04.04.2019 15:56:49.753   9.99600000   9995.99958   0.40  -56.9   36.6  28.0 10.20  352.1  1640.2  352.36   54.40   43.95  2190.6  352.55   66.53   33.51     0.0  352.09    0.00    0.00    1.7     57409.753     13.50   47.10740   39.80800  F2               
0 04.04.2019 15:56:49.753   9.99600000   9995.99958   0.40  -56.9   36.6  28.0  8.40  352.8  1758.5  353.06   55.48   43.95  2295.3  353.19   67.50   33.54  3560.4  353.93   78.53   23.43    1.7     57409.753     13.50   47.10740   39.80800  F2               
0 04.04.2019 15:57:03.753   9.99600000   9996.00160   0.40  -59.4   32.0  28.0 26.40  352.8   980.1  353.33   48.56   45.74     0.0  352.80    0.00    0.00     0.0  352.80    0.00    0.00    1.7     57423.753     13.50   47.10740   39.80800  F2               
0 04.04.2019 15:57:03.753   9.99600000   9996.00160   0.40  -59.4   32.0  28.0 13.80  352.0  1437.3  352.30   52.60   44.45  3159.9  353.57   75.07   27.86     0.0  352.05    0.00    0.00    1.5     57423.753     13.50   47.10740   39.80800  F2               
0 04.04.2019 15:57:16.789   9.99600000   9996.00014   0.40  -52.3   35.1  28.0 15.60  352.8  1352.2  353.13   51.87   44.94  3072.1  354.11   74.38   29.62     0.0  352.76    0.00    0.00    1.4     57436.789     13.50   47.10740   39.80800  F2               
0 04.04.2019 15:57:30.225   9.99600000   9996.00000   0.40  -53.2   38.2  28.0 29.40  352.8   908.3  353.41   47.92   45.89     0.0  352.81    0.00    0.00     0.0  352.81    0.00    0.00    1.9     57450.225     13.50   47.10740   39.80800  F2               
0 04.04.2019 15:57:30.225   9.99600000   9996.00000   0.40  -53.2   38.2  28.0 11.40  352.9  1569.3  353.18   53.80   44.47     0.0  352.87    0.00    0.00     0.0  352.87    0.00    0.00    1.4     57450.225     13.50   47.10740   39.80800  F2               
0 04.04.2019 15:57:44.251   9.99600000   9996.00024   0.40  -46.4   43.0  28.0 10.80  353.5  1606.2  353.78   54.15   44.64  3043.2  354.59   74.18   30.65     0.0  353.52    0.00    0.00    1.4     57464.251     13.50   47.10740   39.80800  F2               
0 04.04.2019 15:57:58.435   9.99600000   9996.00002   0.40  -47.3   40.2  28.0 11.40  352.9  1569.3  353.18   53.80   44.47     0.0  352.86    0.00    0.00     0.0  352.86    0.00    0.00    1.4     57478.435     13.50   47.10740   39.80800  F2               
0 04.04.2019 15:58:12.461   9.99600000   9995.99978   0.40  -50.5   42.9  28.0 12.60  354.2  1504.3  354.51   53.27   45.14  3354.9  355.56   77.02   29.84     0.0  354.23    0.00    0.00    1.4     57492.461     13.50   47.10740   39.80800  F2               
0 04.04.2019 15:58:26.284   9.99600000   9995.99989   0.40  -56.3   31.2  28.0 16.80  354.2  1301.6  354.56   51.46   45.51  3049.2  355.33   74.31   31.84     0.0  354.23    0.00    0.00    1.7     57506.284     13.50   47.10740   39.80800  F2               
0 04.04.2019 15:58:37.002   9.99600000   9995.99969   0.40  -53.6   37.8  28.0 12.60  352.8  1501.5  353.09   53.20   44.59  3349.1  354.39   76.81   27.40     0.0  352.79    0.00    0.00    1.4     57517.002     13.50   47.10740   39.80800  F2               
0 04.04.2019 15:58:48.900   9.99600000   9996.00004   0.40  -51.5   37.9  28.0 11.40  352.8  1569.0  353.08   53.79   44.43  2960.8  353.94   73.39   30.27     0.0  352.84    0.00    0.00    1.5     57528.900     13.50   47.10740   39.80800  F2               
0 04.04.2019 15:59:00.737   9.99600000   9995.99975   0.40  -58.8   30.6  28.0 17.40  351.4  1272.7  351.74   51.12   44.68  3030.5  352.92   73.87   28.09     0.0  351.39    0.00    0.00    1.6     57540.737     13.50   47.10740   39.80800  F2               
0 04.04.2019 15:59:00.737   9.99600000   9995.99975   0.40  -58.8   30.6  28.0 13.20  352.1  1468.3  352.39   52.87   44.41  3238.2  353.66   75.76   27.20     0.0  352.06    0.00    0.00    1.6     57540.737     13.50   47.10740   39.80800  F2               
0 04.04.2019 15:59:14.794   9.99600000   9995.99954   0.40  -52.8   34.7  28.0  6.00  353.5  1933.2  353.75   57.06   43.85  2676.4  353.96   70.91   32.27     0.0  353.52    0.00    0.00    1.5     57554.794     13.50   47.10740   39.80800  F2               
0 04.04.2019 15:59:25.664   9.99600000   9996.00031   0.40  -52.9   40.6  28.0 10.80  353.5  1606.0  353.78   54.15   44.64  3044.8  354.55   74.19   30.58     0.0  353.48    0.00    0.00    1.5     57565.664     13.50   47.10740   39.80800  F2               
0 04.04.2019 15:59:37.552   9.99600000   9996.00007   0.40  -47.9   37.5  28.0 10.80  353.5  1606.0  353.78   54.15   44.64  3045.5  354.55   74.20   30.58     0.0  353.48    0.00    0.00    1.4     57577.552     13.50   47.10740   39.80800  F2               
