
delt0=     0.1  eps=   1e-05  ep=   1e-06  ep1=   0.001
Geomagnetic Field - const
fh= 1.34  i=  65.2  d=   6.8
Number TID: 1
Tid Parametres
  delt   lamb     t     b      a     fi
0.000   200.0  20.0 -45.0   45.0   0.000
delta=-0.000  r0= 200.0  lon=  39.000 lat=  55.000
Beta=  20.0  Alfa=   0.0 aX=  20.0 aY= 100.0 aZ=  20.0

lonIon=  40.000 latIon=  47.500 it= 6.00 h_tec=450.0  TEC= 1.13000e+17
lonIon=  40.000 latIon=  47.500 it= 6.25 h_tec=450.0  TEC= 1.13000e+17
lonIon=  40.000 latIon=  47.500 it= 6.50 h_tec=450.0  TEC= 1.13000e+17
lonIon=  40.000 latIon=  47.500 it= 6.75 h_tec=450.0  TEC= 1.13000e+17

Number diff. equation: 6

+==============================================================================+
|   Medium characteristics Sunspot number=  28.0 IG=  28.0   GMT time:06:00    |
|------------------------------------------------------------------------------|
|   S   | fh |  I  |   D  | fd |  hd | fe |  he | ff1 | hf1 | ff2 | hf2 |   Hi |
|-------+----+-----+------+----+-----+----+-----+-----+-----+-----+-----+------|
|    0.0|1.21| 50.6|   2.5|0.22| 81.1|2.88|110.0| 0.00|  0.0| 7.09|257.6|  54.1|
+==============================================================================+

+==================================+
|       Es-layer parametres        |
|----------------------------------|
|   S   | hEs | fbEs | f0Es | P Es |
|-------+-----+------+------+------|
|    0.0|115.7| 3.67 | 3.83 | 70.9 |
+==================================+

|  0|10.00|21806.8|  1| 6.00| 5.82|  43.305|  38.689| 1314.617| -12.2|  -0.0| 1340.5| 0.000|   0.0|  45.486|  44.384| 95.94|   0.0|    0.0|    0.0|E               |
+==============================================================================+
|   Medium characteristics Sunspot number=  28.0 IG=  28.0   GMT time:06:03    |
|------------------------------------------------------------------------------|
|   S   | fh |  I  |   D  | fd |  hd | fe |  he | ff1 | hf1 | ff2 | hf2 |   Hi |
|-------+----+-----+------+----+-----+----+-----+-----+-----+-----+-----+------|
|    0.0|1.21| 50.6|   2.5|0.22| 81.1|2.89|110.0| 0.00|  0.0| 7.09|257.8|  53.4|
+==============================================================================+

+==================================+
|       Es-layer parametres        |
|----------------------------------|
|   S   | hEs | fbEs | f0Es | P Es |
|-------+-----+------+------+------|
|    0.0|115.9| 3.69 | 3.86 | 71.2 |
+==================================+

|  0|10.00|22582.3|  1|10.80|10.66|  45.632|  41.532|  971.017|  -7.2|  -0.0| 1004.4| 0.000|   0.0|  46.517|  45.849| 99.82|   0.0|    0.0|    0.0|E               |
|  0|10.00|23135.3|  1|10.80|10.68|  46.799|  41.515|  964.748|  -2.1|  -0.0|  997.8| 0.000|   0.0|  47.057|  45.816| 99.53|   0.0|    0.0|    0.0|E               |
|  0|10.00|23145.9|  1| 9.00| 8.89|  46.745|  40.678| 1057.921|  -2.1|  -0.0| 1087.4| 0.000|   0.0|  47.032|  45.368| 97.59|   0.0|    0.0|    0.0|E               |
|  0|10.00|23188.2|  1| 9.60| 9.49|  46.913|  40.997| 1021.974|  -1.5|  -0.0| 1052.5| 0.000|   0.0|  47.110|  45.540| 98.16|   0.0|    0.0|    0.0|E               |
|  0|10.00|23209.3|  1|12.60|12.42|  46.784|  41.657|  949.094|  -2.2|  -0.0|  989.4| 0.000|   0.0|  47.050|  45.890|102.84|   0.0|    0.0|    0.0|E               |
|  0|10.00|23231.5|  1|10.20|10.09|  46.949|  41.281|  990.371|  -1.4|  -0.0| 1022.1| 0.000|   0.0|  47.127|  45.703| 98.80|   0.0|    0.0|    0.0|E               |
|  0|10.00|23242.1|  1| 9.60| 9.49|  46.742|  41.003| 1021.781|  -2.2|  -0.0| 1052.3| 0.000|   0.0|  47.031|  45.542| 98.15|   0.0|    0.0|    0.0|E               |
|  0|10.00|23253.9|  1|10.20|10.09|  46.926|  41.283|  990.224|  -1.5|  -0.0| 1021.9| 0.000|   0.0|  47.116|  45.703| 98.80|   0.0|    0.0|    0.0|E               |
|  0|10.00|23279.4|  1|10.20|10.09|  46.949|  41.284|  990.029|  -1.4|  -0.0| 1021.7| 0.000|   0.0|  47.127|  45.703| 98.79|   0.0|    0.0|    0.0|E               |
+==============================================================================+
|   Medium characteristics Sunspot number=  28.0 IG=  28.0   GMT time:06:27    |
|------------------------------------------------------------------------------|
|   S   | fh |  I  |   D  | fd |  hd | fe |  he | ff1 | hf1 | ff2 | hf2 |   Hi |
|-------+----+-----+------+----+-----+----+-----+-----+-----+-----+-----+------|
|    0.0|1.21| 50.6|   2.5|0.23| 81.1|2.98|110.0|-0.59|-22.2| 7.18|259.8|  48.8|
+==============================================================================+

+==================================+
|       Es-layer parametres        |
|----------------------------------|
|   S   | hEs | fbEs | f0Es | P Es |
|-------+-----+------+------+------|
|    0.0|117.1| 3.78 | 3.96 | 71.8 |
+==================================+

|  0|10.00|23422.2|  1| 5.40| 5.27|  45.063|  37.965| 1369.327|  -6.4|  -0.0| 1394.5| 0.000|   0.0|  46.291|  44.048| 95.32|   0.0|    0.0|    0.0|E               |
|  0|10.00|24438.1|  1| 6.60| 6.50|  45.531|  39.086| 1241.470|  -5.7|  -0.0| 1267.6| 0.000|   0.0|  46.495|  44.649| 95.85|   0.0|    0.0|    0.0|E               |
|  0|10.00|24530.0|  1|14.40|14.20|  46.165|  41.674|  950.523|  -5.0|   0.0| 1000.1| 0.000|   0.0|  46.759|  45.908|110.52|   0.0|    0.0|    0.0|Es              |
|  0|10.00|24636.1|  1|15.60|15.83|  46.291|  42.553|  852.366|  -5.0|  -0.0|  902.6| 0.000|   0.0|  46.806|  46.274|112.01|   0.0|    0.0|    0.0|Es              |
|  0|10.00|24648.5|  1|15.60|15.82|  46.568|  42.553|  850.522|  -3.6|  -0.0|  900.6| 0.000|   0.0|  46.942|  46.308|112.01|   0.0|    0.0|    0.0|Es              |
|  0|10.00|24659.8|  1|14.40|14.19|  46.473|  41.616|  954.942|  -3.6|   0.0| 1004.7| 0.000|   0.0|  46.902|  45.878|110.54|   0.0|    0.0|    0.0|Es              |
|  0|10.00|24683.1|  1|15.60|15.86|  46.567|  42.542|  851.725|  -3.6|  -0.0|  902.0| 0.000|   0.0|  46.939|  46.266|112.04|   0.0|    0.0|    0.0|Es              |
|  0|10.00|24695.1|  1|15.00|14.99|  46.389|  42.201|  890.620|  -4.3|  -0.0|  939.8| 0.000|   0.0|  46.860|  46.162|111.22|   0.0|    0.0|    0.0|Es              |
+---+-----+-------+---+-----+-----+--------+--------+---------+------+------+-------+------+------+--------+--------+------+------+-------+-------+----------------+
+---+-----+-------+---+-----+-----+--------+--------+---------+------+------+-------+------+------+--------+--------+------+------+-------+-------+----------------+
|0-x| fr  |  time |hop| d0  | d1  |   fi   |  teta  |   dist  |  at  |  dev |   p   |  df  |  l   |   fot  |   tot  |  rot | lsp  |   pf  |    s  |                |
+---+-----+-------+---+-----+-----+--------+--------+---------+------+------+-------+------+------+--------+--------+------+------+-------+-------+----------------+
|  0|10.00|24706.1|  1|16.20|14.75|  45.851|  37.033| 1466.348|  -3.8|  -0.2| 1562.0| 0.000|   0.0|  46.513|  42.169|127.34|   0.0|    0.0|    0.0|F2              |
|  0|10.00|24728.0|  1|15.00|14.99|  46.679|  42.188|  890.478|  -2.9|  -0.0|  939.6| 0.000|   0.0|  46.997|  46.155|111.24|   0.0|    0.0|    0.0|Es              |
|  0|10.00|24752.0|  1|18.60|18.40|  46.723|  42.826|  819.505|  -3.0|  -0.1|  882.7| 0.000|   0.0|  47.023|  46.518|127.10|   0.0|    0.0|    0.0|F2              |
|  0|10.00|24788.1|  1|11.40|11.29|  46.494|  41.841|  929.896|  -3.6|  -0.0|  963.9| 0.000|   0.0|  46.911|  45.967| 99.72|   0.0|    0.0|    0.0|E               |
|  0|10.00|24800.1|  1|15.60|16.01|  46.418|  42.485|  858.983|  -4.3|  -0.0|  910.2| 0.000|   0.0|  46.870|  46.249|112.34|   0.0|    0.0|    0.0|F2              |
|  0|10.00|24813.2|  1|16.20|14.88|  46.155|  37.308| 1434.315|  -3.1|  -0.2| 1527.9| 0.000|   0.0|  46.671|  42.282|126.97|   0.0|    0.0|    0.0|F2              |
|  0|10.00|24845.5|  1|17.40|17.10|  46.512|  42.097|  901.455|  -3.7|  -0.1|  964.4| 0.000|   0.0|  46.931|  46.187|126.49|   0.0|    0.0|    0.0|F2              |
|  0|10.00|24855.8|  1|16.20|14.93|  46.460|  37.391| 1423.935|  -2.2|  -0.1| 1516.9| 0.000|   0.0|  46.837|  42.308|126.80|   0.0|    0.0|    0.0|F2              |
|  0|10.00|24897.2|  1|13.80|13.18|  46.770|  37.547| 1405.716|  -1.4|  -0.0| 1479.1| 0.000|   0.0|  47.009|  42.748|110.08|   0.0|    0.0|    0.0|F2              |
+---+-----+-------+---+-----+-----+--------+--------+---------+------+------+-------+------+------+--------+--------+------+------+-------+-------+----------------+