
delt0=     0.1  eps=   1e-05  ep=   1e-06  ep1=   0.001
Geomagnetic Field - const
fh= 1.34  i=  65.2  d=   6.8
Number TID: 1
Tid Parametres
  delt   lamb     t     b      a     fi
0.000   200.0  20.0 -45.0   45.0   0.000
delta=-0.000  r0= 200.0  lon=  39.000 lat=  55.000
Beta=  20.0  Alfa=   0.0 aX=  20.0 aY= 100.0 aZ=  20.0

lonIon=  40.000 latIon=  47.500 it= 5.00 h_tec=450.0  TEC= 1.13000e+17
lonIon=  40.000 latIon=  47.500 it= 5.25 h_tec=450.0  TEC= 1.13000e+17
lonIon=  40.000 latIon=  47.500 it= 5.50 h_tec=450.0  TEC= 1.13000e+17
lonIon=  40.000 latIon=  47.500 it= 5.75 h_tec=450.0  TEC= 1.13000e+17

Number diff. equation: 6

+==============================================================================+
|   Medium characteristics Sunspot number=  38.3 IG=  38.3   GMT time:05:00    |
|------------------------------------------------------------------------------|
|   S   | fh |  I  |   D  | fd |  hd | fe |  he | ff1 | hf1 | ff2 | hf2 |   Hi |
|-------+----+-----+------+----+-----+----+-----+-----+-----+-----+-----+------|
|    0.0|1.21| 50.6|   2.5|0.18| 81.4|2.58|110.0| 0.00|  0.0| 6.91|257.2|  66.0|
+==============================================================================+

+==================================+
|       Es-layer parametres        |
|----------------------------------|
|   S   | hEs | fbEs | f0Es | P Es |
|-------+-----+------+------+------|
|    0.0|114.7| 3.32 | 3.46 | 65.8 |
+==================================+

|  0|10.00|18457.2|  1| 7.80| 7.61|  45.620|  39.578| 1186.495|  -5.7|  -0.0| 1215.8| 0.000|   0.0|  46.530|  44.879| 99.13|   0.0|    0.0|    0.0|E               |
+==============================================================================+
|   Medium characteristics Sunspot number=  38.3 IG=  38.3   GMT time:05:07    |
|------------------------------------------------------------------------------|
|   S   | fh |  I  |   D  | fd |  hd | fe |  he | ff1 | hf1 | ff2 | hf2 |   Hi |
|-------+----+-----+------+----+-----+----+-----+-----+-----+-----+-----+------|
|    0.0|1.21| 50.6|   2.5|0.19| 81.3|2.63|110.0| 0.00|  0.0| 6.95|256.3|  64.4|
+==============================================================================+

+==================================+
|       Es-layer parametres        |
|----------------------------------|
|   S   | hEs | fbEs | f0Es | P Es |
|-------+-----+------+------+------|
|    0.0|114.4| 3.37 | 3.51 | 66.8 |
+==================================+

|  0|10.00|19319.0|  1|13.20|12.95|  44.708|  42.226|  908.636| -12.2|  -0.0|  949.5| 0.000|   0.0|  46.087|  46.207|108.23|   0.0|    0.0|    0.0|Es              |
|  0|10.00|19329.9|  1|15.00|14.80|  45.181|  43.151|  800.246| -11.5|  -0.0|  842.8| 0.000|   0.0|  46.298|  46.678|108.89|   0.0|    0.0|    0.0|Es              |
|  0|10.00|19340.1|  1|14.40|14.19|  45.087|  42.878|  831.495| -11.5|  -0.0|  873.3| 0.000|   0.0|  46.257|  46.539|108.66|   0.0|    0.0|    0.0|Es              |
|  0|10.00|19351.2|  1|15.00|14.80|  45.181|  43.151|  800.276| -11.5|  -0.0|  842.9| 0.000|   0.0|  46.298|  46.678|108.89|   0.0|    0.0|    0.0|Es              |
|  0|10.00|19381.9|  1|15.00|14.80|  45.305|  43.130|  800.451| -10.8|  -0.0|  843.0| 0.000|   0.0|  46.357|  46.669|108.88|   0.0|    0.0|    0.0|Es              |
|  0|10.00|19392.1|  1|13.80|13.58|  45.114|  42.538|  867.853| -10.8|  -0.0|  909.2| 0.000|   0.0|  46.272|  46.366|108.43|   0.0|    0.0|    0.0|Es              |
|  0|10.00|19403.1|  1|15.00|14.80|  45.305|  43.130|  800.485| -10.8|  -0.0|  843.1| 0.000|   0.0|  46.357|  46.669|108.88|   0.0|    0.0|    0.0|Es              |
|  0|10.00|19423.9|  1|15.00|14.80|  45.180|  43.150|  800.391| -11.5|  -0.0|  843.0| 0.000|   0.0|  46.298|  46.678|108.87|   0.0|    0.0|    0.0|Es              |
|  0|10.00|19445.0|  1|14.40|14.19|  45.235|  42.850|  832.090| -10.7|  -0.0|  874.0| 0.000|   0.0|  46.327|  46.529|108.64|   0.0|    0.0|    0.0|Es              |
+---+-----+-------+---+-----+-----+--------+--------+---------+------+------+-------+------+------+--------+--------+------+------+-------+-------+----------------+
+---+-----+-------+---+-----+-----+--------+--------+---------+------+------+-------+------+------+--------+--------+------+------+-------+-------+----------------+
|0-x| fr  |  time |hop| d0  | d1  |   fi   |  teta  |   dist  |  at  |  dev |   p   |  df  |  l   |   fot  |   tot  |  rot | lsp  |   pf  |    s  |                |
+---+-----+-------+---+-----+-----+--------+--------+---------+------+------+-------+------+------+--------+--------+------+------+-------+-------+----------------+
|  0|10.00|19456.7|  1|12.00|11.68|  44.621|  41.074| 1034.655| -10.9|  -0.1| 1076.7| 0.000|   0.0|  46.069|  45.652|107.80|   0.0|    0.0|    0.0|E               |
|  0|10.00|19466.9|  1|13.80|13.58|  45.250|  42.512|  868.578| -10.1|  -0.0|  909.9| 0.000|   0.0|  46.337|  46.356|108.42|   0.0|    0.0|    0.0|Es              |
|  0|10.00|19477.1|  1|15.00|14.81|  45.430|  43.109|  800.784| -10.1|  -0.0|  843.4| 0.000|   0.0|  46.416|  46.661|108.86|   0.0|    0.0|    0.0|Es              |
|  0|10.00|19498.0|  1|13.80|13.59|  45.387|  42.490|  868.953|  -9.4|  -0.0|  910.3| 0.000|   0.0|  46.401|  46.348|108.41|   0.0|    0.0|    0.0|Es              |
|  0|10.00|19508.2|  1|14.40|14.20|  45.365|  42.827|  832.520| -10.0|  -0.0|  874.4| 0.000|   0.0|  46.389|  46.520|108.63|   0.0|    0.0|    0.0|Es              |
|  0|10.00|19519.1|  1|15.00|14.81|  45.448|  43.106|  800.894| -10.0|  -0.0|  843.5| 0.000|   0.0|  46.419|  46.639|108.82|   0.0|    0.0|    0.0|Es              |
|  0|10.00|19539.9|  1|14.40|14.20|  45.477|  42.810|  832.793|  -9.4|  -0.0|  874.7| 0.000|   0.0|  46.441|  46.513|108.62|   0.0|    0.0|    0.0|Es              |
|  0|10.00|19560.6|  1|12.60|12.33|  44.986|  41.663|  965.010| -10.2|  -0.1| 1006.2| 0.000|   0.0|  46.226|  45.938|107.99|   0.0|    0.0|    0.0|E               |
|  0|10.00|19570.8|  1|14.40|14.19|  45.214|  42.847|  832.682| -10.8|  -0.0|  874.6| 0.000|   0.0|  46.318|  46.530|108.61|   0.0|    0.0|    0.0|Es              |
|  0|10.00|19581.0|  1|15.60|15.42|  45.381|  43.369|  773.308| -10.8|  -0.0|  816.8| 0.000|   0.0|  46.386|  46.773|109.07|   0.0|    0.0|    0.0|Es              |
|  0|10.00|19591.9|  1|15.00|14.81|  45.429|  43.107|  801.032| -10.1|  -0.0|  843.7| 0.000|   0.0|  46.413|  46.650|108.83|   0.0|    0.0|    0.0|Es              |
|  0|10.00|19634.5|  1|12.60|12.33|  44.826|  41.671|  966.673| -10.9|  -0.1| 1008.0| 0.000|   0.0|  46.151|  45.937|107.97|   0.0|    0.0|    0.0|E               |
|  0|10.00|19646.6|  1| 7.80| 7.57|  43.594|  39.954| 1173.575| -13.0|  -0.0| 1202.3| 0.000|   0.0|  45.600|  45.040| 98.27|   0.0|    0.0|    0.0|E               |
|  0|10.00|19656.8|  1|12.00|11.65|  44.246|  41.024| 1046.535| -12.3|  -0.1| 1089.1| 0.000|   0.0|  45.901|  45.634|107.77|   0.0|    0.0|    0.0|E               |
|  0|10.00|19668.1|  1|11.40|11.12|  44.349|  41.338| 1010.865| -12.3|  -0.0| 1048.7| 0.000|   0.0|  45.935|  45.771|103.49|   0.0|    0.0|    0.0|E               |
|  0|10.00|19679.8|  1|10.80|10.53|  44.306|  41.163| 1030.430| -12.2|  -0.0| 1066.5| 0.000|   0.0|  45.913|  45.668|102.35|   0.0|    0.0|    0.0|E               |
|  0|10.00|19762.6|  1|11.40|11.13|  44.547|  41.341| 1007.057| -11.5|  -0.0| 1044.7| 0.000|   0.0|  46.021|  45.757|103.35|   0.0|    0.0|    0.0|E               |
|  0|10.00|19794.3|  1|10.20| 9.95|  44.590|  40.965| 1046.950| -10.8|  -0.0| 1081.0| 0.000|   0.0|  46.048|  45.577|101.05|   0.0|    0.0|    0.0|E               |
+==============================================================================+
|   Medium characteristics Sunspot number=  38.3 IG=  38.3   GMT time:05:29    |
|------------------------------------------------------------------------------|
|   S   | fh |  I  |   D  | fd |  hd | fe |  he | ff1 | hf1 | ff2 | hf2 |   Hi |
|-------+----+-----+------+----+-----+----+-----+-----+-----+-----+-----+------|
|    0.0|1.21| 50.6|   2.5|0.20| 81.2|2.74|110.0| 0.00|  0.0| 7.01|256.1|  60.0|
+==============================================================================+

+==================================+
|       Es-layer parametres        |
|----------------------------------|
|   S   | hEs | fbEs | f0Es | P Es |
|-------+-----+------+------+------|
|    0.0|114.6| 3.51 | 3.66 | 68.8 |
+==================================+

|  0|10.00|19837.4|  1|10.80|10.54|  44.646|  41.130| 1028.192| -10.8|  -0.0| 1064.1| 0.000|   0.0|  46.067|  45.644|102.13|   0.0|    0.0|    0.0|E               |
|  0|10.00|19847.6|  1|12.60|12.32|  44.808|  41.617|  972.761| -10.9|  -0.1| 1014.4| 0.000|   0.0|  46.142|  45.906|107.91|   0.0|    0.0|    0.0|E               |
+---+-----+-------+---+-----+-----+--------+--------+---------+------+------+-------+------+------+--------+--------+------+------+-------+-------+----------------+
+---+-----+-------+---+-----+-----+--------+--------+---------+------+------+-------+------+------+--------+--------+------+------+-------+-------+----------------+
|0-x| fr  |  time |hop| d0  | d1  |   fi   |  teta  |   dist  |  at  |  dev |   p   |  df  |  l   |   fot  |   tot  |  rot | lsp  |   pf  |    s  |                |
+---+-----+-------+---+-----+-----+--------+--------+---------+------+------+-------+------+------+--------+--------+------+------+-------+-------+----------------+
|  0|10.00|19857.8|  1|10.80|10.54|  44.480|  41.156| 1028.097| -11.5|  -0.0| 1064.0| 0.000|   0.0|  45.990|  45.656|102.12|   0.0|    0.0|    0.0|E               |
|  0|10.00|19889.5|  1|13.20|12.95|  44.805|  42.130|  917.238| -11.7|  -0.1|  958.6| 0.000|   0.0|  46.138|  46.177|108.15|   0.0|    0.0|    0.0|E               |
|  0|10.00|19931.8|  1| 9.60| 9.37|  44.351|  40.870| 1061.314| -11.6|  -0.0| 1093.4| 0.000|   0.0|  45.935|  45.515| 99.95|   0.0|    0.0|    0.0|E               |
|  0|10.00|19972.6|  1| 9.60| 9.38|  44.553|  40.852| 1059.901| -10.8|  -0.0| 1091.9| 0.000|   0.0|  46.026|  45.501| 99.90|   0.0|    0.0|    0.0|E               |
|  0|10.00|20024.0|  1| 9.60| 9.38|  44.557|  40.862| 1058.761| -10.8|  -0.0| 1090.7| 0.000|   0.0|  46.039|  45.543| 99.88|   0.0|    0.0|    0.0|E               |
+---+-----+-------+---+-----+-----+--------+--------+---------+------+------+-------+------+------+--------+--------+------+------+-------+-------+----------------+