
delt0=     0.1  eps=   1e-05  ep=   1e-06  ep1=   0.001
Geomagnetic Field - const
fh= 1.34  i=  65.2  d=   6.8
Number TID: 1
Tid Parametres
  delt   lamb     t     b      a     fi
0.000   200.0  20.0 -45.0   45.0   0.000
delta=-0.000  r0= 200.0  lon=  39.000 lat=  55.000
Beta=  20.0  Alfa=   0.0 aX=  20.0 aY= 100.0 aZ=  20.0

lonIon=  40.000 latIon=  47.500 it=16.00 h_tec=450.0  TEC= 1.13000e+17
lonIon=  40.000 latIon=  47.500 it=16.25 h_tec=450.0  TEC= 1.13000e+17
lonIon=  40.000 latIon=  47.500 it=16.50 h_tec=450.0  TEC= 1.13000e+17
lonIon=  40.000 latIon=  47.500 it=16.75 h_tec=450.0  TEC= 1.13000e+17

Number diff. equation: 6

+==============================================================================+
|   Medium characteristics Sunspot number= 109.4 IG= 109.4   GMT time:16:00    |
|------------------------------------------------------------------------------|
|   S   | fh |  I  |   D  | fd |  hd | fe |  he | ff1 | hf1 | ff2 | hf2 |   Hi |
|-------+----+-----+------+----+-----+----+-----+-----+-----+-----+-----+------|
|    0.0|1.21| 50.6|   2.5|0.18| 83.7|0.83|110.0| 0.00|  0.0| 8.94|293.5|  95.1|
+==============================================================================+

+==================================+
|       Es-layer parametres        |
|----------------------------------|
|   S   | hEs | fbEs | f0Es | P Es |
|-------+-----+------+------+------|
|    0.0|117.3| 2.48 | 2.98 | 71.2 |
+==================================+

|  0|10.00|57590.4|  1|10.80|15.91|  44.326|  35.825| 1611.945|  -6.9|   0.3| 1712.5| 0.000|   0.0|  45.778|  42.143|206.19|   0.0|    0.0|    0.0|F2              |
|  0|10.00|57602.3|  1| 9.60|15.11|  44.135|  35.157| 1687.205|  -6.9|   0.3| 1784.0| 0.000|   0.0|  45.673|  41.659|202.84|   0.0|    0.0|    0.0|F2              |
|  0|10.00|57615.5|  1|12.60|17.12|  44.846|  36.688| 1511.898|  -6.2|   0.3| 1618.5| 0.000|   0.0|  46.038|  42.723|211.15|   0.0|    0.0|    0.0|F2              |
|  0|10.00|57628.4|  1|14.40|18.45|  44.789|  37.538| 1418.996|  -6.9|   0.3| 1532.1| 0.000|   0.0|  46.030|  43.339|215.64|   0.0|    0.0|    0.0|F2              |
|  0|10.00|57639.2|  1|14.40|18.48|  44.539|  37.571| 1418.026|  -7.6|   0.3| 1531.1| 0.000|   0.0|  45.908|  43.352|215.60|   0.0|    0.0|    0.0|F2              |
|  0|10.00|57652.1|  1| 8.40|14.33|  44.255|  34.384| 1770.925|  -6.2|   0.3| 1864.4| 0.000|   0.0|  45.729|  41.144|199.72|   0.0|    0.0|    0.0|F2              |
|  0|10.00|57666.2|  1|11.40|16.30|  44.697|  36.083| 1579.918|  -6.2|   0.3| 1682.7| 0.000|   0.0|  45.966|  42.345|208.42|   0.0|    0.0|    0.0|F2              |
|  0|10.00|57681.3|  1|10.80|15.92|  44.319|  35.804| 1614.321|  -6.9|   0.3| 1715.1| 0.000|   0.0|  45.777|  42.139|206.74|   0.0|    0.0|    0.0|F2              |
|  0|10.00|57695.4|  1|13.20|17.61|  44.380|  37.026| 1479.613|  -7.6|   0.3| 1588.5| 0.000|   0.0|  45.815|  42.941|212.92|   0.0|    0.0|    0.0|F2              |
|  0|10.00|57707.3|  1| 8.40|14.37|  43.917|  34.418| 1770.495|  -6.9|   0.3| 1864.2| 0.000|   0.0|  45.562|  41.160|199.90|   0.0|    0.0|    0.0|F2              |
|  0|10.00|57721.3|  1|12.60|17.19|  44.296|  36.741| 1511.767|  -7.6|   0.3| 1618.7| 0.000|   0.0|  45.770|  42.745|211.57|   0.0|    0.0|    0.0|F2              |
|  0|10.00|57742.8|  1|13.80|18.05|  44.456|  37.287| 1450.085|  -7.6|   0.3| 1561.4| 0.000|   0.0|  45.862|  43.147|214.76|   0.0|    0.0|    0.0|F2              |
|  0|10.00|57753.7|  1|13.20|17.60|  44.641|  36.976| 1482.236|  -6.9|   0.3| 1591.4| 0.000|   0.0|  45.946|  42.934|213.44|   0.0|    0.0|    0.0|F2              |
|  0|10.00|57768.9|  1|13.80|18.06|  44.455|  37.283| 1450.612|  -7.6|   0.3| 1562.0| 0.000|   0.0|  45.857|  43.126|214.90|   0.0|    0.0|    0.0|F2              |
|  0|10.00|57779.7|  1|12.00|16.79|  44.166|  36.447| 1545.398|  -7.7|   0.3| 1650.5| 0.000|   0.0|  45.711|  42.578|210.46|   0.0|    0.0|    0.0|F2              |
|  0|10.00|57790.7|  1|12.00|16.73|  44.765|  36.359| 1548.924|  -6.2|   0.3| 1654.1| 0.000|   0.0|  46.010|  42.576|210.79|   0.0|    0.0|    0.0|F2              |
+---+-----+-------+---+-----+-----+--------+--------+---------+------+------+-------+------+------+--------+--------+------+------+-------+-------+----------------+
+---+-----+-------+---+-----+-----+--------+--------+---------+------+------+-------+------+------+--------+--------+------+------+-------+-------+----------------+
|0-x| fr  |  time |hop| d0  | d1  |   fi   |  teta  |   dist  |  at  |  dev |   p   |  df  |  l   |   fot  |   tot  |  rot | lsp  |   pf  |    s  |                |
+---+-----+-------+---+-----+-----+--------+--------+---------+------+------+-------+------+------+--------+--------+------+------+-------+-------+----------------+
|  0|10.00|57802.5|  1|12.60|17.15|  44.835|  36.647| 1516.542|  -6.2|   0.3| 1623.8| 0.000|   0.0|  46.036|  42.713|212.33|   0.0|    0.0|    0.0|F2              |
|  0|10.00|57813.3|  1|12.60|17.15|  44.835|  36.645| 1516.725|  -6.2|   0.3| 1624.1| 0.000|   0.0|  46.036|  42.713|212.40|   0.0|    0.0|    0.0|F2              |
|  0|10.00|57827.6|  1|12.60|17.18|  44.561|  36.680| 1515.641|  -6.9|   0.3| 1623.0| 0.000|   0.0|  45.904|  42.735|212.39|   0.0|    0.0|    0.0|F2              |
|  0|10.00|57839.4|  1|12.60|17.18|  44.560|  36.677| 1515.931|  -6.9|   0.3| 1623.3| 0.000|   0.0|  45.904|  42.735|212.47|   0.0|    0.0|    0.0|F2              |
|  0|10.00|57850.2|  1|13.80|18.05|  44.708|  37.229| 1453.781|  -6.9|   0.3| 1565.5| 0.000|   0.0|  45.978|  43.090|215.50|   0.0|    0.0|    0.0|F2              |
|  0|10.00|57860.9|  1|15.00|18.94|  44.844|  37.748| 1395.400|  -6.9|   0.3| 1511.7| 0.000|   0.0|  46.048|  43.427|218.46|   0.0|    0.0|    0.0|F2              |
|  0|10.00|57871.6|  1|12.60|17.19|  44.558|  36.670| 1516.721|  -6.9|   0.3| 1624.2| 0.000|   0.0|  45.903|  42.734|212.67|   0.0|    0.0|    0.0|F2              |
|  0|10.00|57884.6|  1|13.20|17.62|  44.633|  36.949| 1485.268|  -6.9|   0.3| 1595.0| 0.000|   0.0|  45.938|  42.899|214.23|   0.0|    0.0|    0.0|F2              |
|  0|10.00|57898.7|  1|18.00|21.33|  44.701|  38.961| 1263.835|  -8.3|   0.3| 1392.6| 0.000|   0.0|  45.989|  44.195|225.33|   0.0|    0.0|    0.0|F2              |
|  0|10.00|57909.5|  1|10.80|15.95|  44.305|  35.753| 1620.040|  -6.9|   0.3| 1721.6| 0.000|   0.0|  45.769|  42.104|208.13|   0.0|    0.0|    0.0|F2              |
|  0|10.00|57922.5|  1|10.80|15.98|  44.008|  35.794| 1618.750|  -7.6|   0.3| 1720.4| 0.000|   0.0|  45.623|  42.119|208.09|   0.0|    0.0|    0.0|F2              |
|  0|10.00|57922.5|  1|12.60|17.20|  44.555|  36.659| 1517.993|  -6.9|   0.3| 1625.7| 0.000|   0.0|  45.901|  42.721|212.98|   0.0|    0.0|    0.0|F2              |
|  0|10.00|57937.7|  1|13.20|17.66|  44.365|  36.977| 1485.162|  -7.6|   0.3| 1595.0| 0.000|   0.0|  45.812|  42.932|214.50|   0.0|    0.0|    0.0|F2              |
|  0|10.00|57937.7|  1|14.40|18.51|  44.773|  37.476| 1425.992|  -6.9|   0.3| 1540.3| 0.000|   0.0|  46.015|  43.270|217.56|   0.0|    0.0|    0.0|F2              |
|  0|10.00|57951.7|  1|15.00|18.93|  45.121|  37.692| 1398.862|  -6.1|   0.3| 1515.6| 0.000|   0.0|  46.184|  43.411|219.20|   0.0|    0.0|    0.0|F2              |
|  0|10.00|57965.8|  1|12.00|16.78|  44.473|  36.357| 1551.989|  -6.9|   0.3| 1657.8| 0.000|   0.0|  45.857|  42.516|211.70|   0.0|    0.0|    0.0|F2              |
|  0|10.00|57978.7|  1|14.40|18.51|  44.771|  37.468| 1426.910|  -6.9|   0.3| 1541.4| 0.000|   0.0|  46.011|  43.248|217.79|   0.0|    0.0|    0.0|F2              |
|  0|10.00|57989.5|  1|17.40|20.83|  45.077|  38.666| 1292.042|  -6.8|   0.4| 1418.7| 0.000|   0.0|  46.167|  44.013|224.79|   0.0|    0.0|    0.0|F2              |
|  0|10.00|58006.9|  1|11.40|16.32|  44.968|  35.968| 1590.265|  -5.5|   0.3| 1694.2| 0.000|   0.0|  46.094|  42.254|210.60|   0.0|    0.0|    0.0|F2              |
|  0|10.00|58006.9|  1|16.80|20.34|  45.250|  38.408| 1318.807|  -6.1|   0.4| 1443.0| 0.000|   0.0|  46.248|  43.851|223.66|   0.0|    0.0|    0.0|F2              |
+---+-----+-------+---+-----+-----+--------+--------+---------+------+------+-------+------+------+--------+--------+------+------+-------+-------+----------------+
+---+-----+-------+---+-----+-----+--------+--------+---------+------+------+-------+------+------+--------+--------+------+------+-------+-------+----------------+
|0-x| fr  |  time |hop| d0  | d1  |   fi   |  teta  |   dist  |  at  |  dev |   p   |  df  |  l   |   fot  |   tot  |  rot | lsp  |   pf  |    s  |                |
+---+-----+-------+---+-----+-----+--------+--------+---------+------+------+-------+------+------+--------+--------+------+------+-------+-------+----------------+
|  0|10.00|58017.6|  1|12.00|16.79|  44.469|  36.345| 1553.335|  -6.9|   0.3| 1659.3| 0.000|   0.0|  45.854|  42.503|212.01|   0.0|    0.0|    0.0|F2              |
|  0|10.00|58029.4|  1|10.80|15.97|  44.297|  35.726| 1623.080|  -6.9|   0.3| 1725.1| 0.000|   0.0|  45.769|  42.103|208.90|   0.0|    0.0|    0.0|F2              |
|  0|10.00|58043.4|  1|12.60|17.21|  44.587|  36.627| 1521.123|  -6.8|   0.3| 1629.3| 0.000|   0.0|  45.914|  42.694|213.75|   0.0|    0.0|    0.0|F2              |
|  0|10.00|58055.4|  1|10.80|15.97|  44.295|  35.720| 1623.723|  -6.9|   0.3| 1725.8| 0.000|   0.0|  45.768|  42.103|209.06|   0.0|    0.0|    0.0|F2              |
|  0|10.00|58080.9|  1| 9.00|14.76|  44.326|  34.649| 1741.162|  -6.2|   0.3| 1837.8| 0.000|   0.0|  45.768|  41.343|204.13|   0.0|    0.0|    0.0|F2              |
|  0|10.00|58091.7|  1|13.20|17.63|  44.889|  36.869| 1491.595|  -6.2|   0.3| 1602.1| 0.000|   0.0|  46.067|  42.880|215.72|   0.0|    0.0|    0.0|F2              |
|  0|10.00|58138.3|  1|15.60|19.48|  44.653|  37.975| 1372.495|  -7.6|   0.3| 1492.3| 0.000|   0.0|  45.957|  43.571|221.58|   0.0|    0.0|    0.0|F2              |
|  0|10.00|58150.2|  1|14.40|18.62|  43.971|  37.554| 1426.995|  -9.1|   0.3| 1542.0| 0.000|   0.0|  45.623|  43.288|218.58|   0.0|    0.0|    0.0|F2              |
|  0|10.00|58174.9|  1|11.40|16.40|  44.376|  36.008| 1591.306|  -6.9|   0.3| 1695.8| 0.000|   0.0|  45.801|  42.255|211.39|   0.0|    0.0|    0.0|F2              |
|  0|10.00|58188.0|  1|12.00|16.79|  44.742|  36.268| 1559.111|  -6.2|   0.3| 1665.7| 0.000|   0.0|  45.985|  42.451|213.21|   0.0|    0.0|    0.0|F2              |
|  0|10.00|58205.0|  1|12.60|17.22|  44.814|  36.560| 1526.290|  -6.2|   0.3| 1635.1| 0.000|   0.0|  46.028|  42.678|214.93|   0.0|    0.0|    0.0|F2              |
|  0|10.00|58218.0|  1|12.00|16.82|  44.457|  36.301| 1558.290|  -6.9|   0.3| 1665.0| 0.000|   0.0|  45.846|  42.464|213.28|   0.0|    0.0|    0.0|F2              |
|  0|10.00|58231.0|  1|12.60|17.22|  44.812|  36.555| 1526.910|  -6.2|   0.3| 1635.8| 0.000|   0.0|  46.028|  42.677|215.11|   0.0|    0.0|    0.0|F2              |
|  0|10.00|58242.8|  1|10.80|16.01|  44.283|  35.680| 1628.231|  -6.9|   0.3| 1731.0| 0.000|   0.0|  45.759|  42.061|210.26|   0.0|    0.0|    0.0|F2              |
|  0|10.00|58254.7|  1|11.40|16.38|  44.662|  35.947| 1595.159|  -6.2|   0.3| 1700.0| 0.000|   0.0|  45.941|  42.225|212.02|   0.0|    0.0|    0.0|F2              |
|  0|10.00|58281.0|  1|11.40|16.42|  44.369|  35.983| 1594.060|  -6.9|   0.3| 1698.9| 0.000|   0.0|  45.799|  42.247|212.09|   0.0|    0.0|    0.0|F2              |
|  0|10.00|58291.8|  1|13.20|17.72|  44.342|  36.903| 1493.505|  -7.6|   0.3| 1604.7| 0.000|   0.0|  45.797|  42.869|216.77|   0.0|    0.0|    0.0|F2              |
|  0|10.00|58303.7|  1|12.60|17.23|  44.808|  36.539| 1528.741|  -6.2|   0.3| 1637.9| 0.000|   0.0|  46.020|  42.634|215.52|   0.0|    0.0|    0.0|F2              |
|  0|10.00|58315.6|  1|11.40|16.39|  44.658|  35.933| 1596.805|  -6.2|   0.3| 1701.8| 0.000|   0.0|  45.943|  42.232|212.44|   0.0|    0.0|    0.0|F2              |
|  0|10.00|58326.4|  1|12.00|16.87|  44.167|  36.319| 1559.445|  -7.6|   0.3| 1666.5| 0.000|   0.0|  45.710|  42.494|213.91|   0.0|    0.0|    0.0|F2              |
+---+-----+-------+---+-----+-----+--------+--------+---------+------+------+-------+------+------+--------+--------+------+------+-------+-------+----------------+
+---+-----+-------+---+-----+-----+--------+--------+---------+------+------+-------+------+------+--------+--------+------+------+-------+-------+----------------+
|0-x| fr  |  time |hop| d0  | d1  |   fi   |  teta  |   dist  |  at  |  dev |   p   |  df  |  l   |   fot  |   tot  |  rot | lsp  |   pf  |    s  |                |
+---+-----+-------+---+-----+-----+--------+--------+---------+------+------+-------+------+------+--------+--------+------+------+-------+-------+----------------+
|  0|10.00|58338.0|  1|12.00|16.90|  43.846|  36.368| 1557.965|  -8.4|   0.3| 1665.0| 0.000|   0.0|  45.551|  42.511|213.84|   0.0|    0.0|    0.0|F2              |
|  0|10.00|58348.8|  1|11.40|16.45|  44.073|  36.011| 1594.271|  -7.6|   0.3| 1699.3| 0.000|   0.0|  45.655|  42.259|212.40|   0.0|    0.0|    0.0|F2              |
|  0|10.00|58360.8|  1| 7.80|14.15|  43.062|  33.999| 1826.048|  -8.4|   0.2| 1919.9| 0.000|   0.0|  45.112|  40.766|201.66|   0.0|    0.0|    0.0|F2              |
|  0|10.00|58387.0|  1|11.40|16.40|  44.654|  35.916| 1598.706|  -6.2|   0.3| 1704.0| 0.000|   0.0|  45.942|  42.228|212.92|   0.0|    0.0|    0.0|F2              |
|  0|10.00|58397.6|  1|10.20|15.62|  44.180|  35.316| 1669.326|  -6.9|   0.3| 1770.7| 0.000|   0.0|  45.701|  41.794|209.53|   0.0|    0.0|    0.0|F2              |
|  0|10.00|58420.2|  1|13.20|17.71|  44.602|  36.836| 1498.023|  -6.9|   0.3| 1609.7| 0.000|   0.0|  45.921|  42.821|217.70|   0.0|    0.0|    0.0|F2              |
|  0|10.00|58430.9|  1|13.80|18.16|  44.675|  37.110| 1467.166|  -6.9|   0.3| 1581.2| 0.000|   0.0|  45.965|  43.032|219.35|   0.0|    0.0|    0.0|F2              |
|  0|10.00|58442.8|  1|12.60|17.22|  45.079|  36.470| 1533.890|  -5.5|   0.3| 1643.6| 0.000|   0.0|  46.156|  42.627|216.62|   0.0|    0.0|    0.0|F2              |
|  0|10.00|58454.7|  1|12.60|17.29|  44.523|  36.544| 1530.959|  -6.9|   0.3| 1640.6| 0.000|   0.0|  45.885|  42.651|216.44|   0.0|    0.0|    0.0|F2              |
|  0|10.00|58465.7|  1|13.20|17.78|  44.026|  36.914| 1496.096|  -8.4|   0.3| 1607.9| 0.000|   0.0|  45.638|  42.851|217.75|   0.0|    0.0|    0.0|F2              |
|  0|10.00|58477.5|  1|13.20|17.75|  44.330|  36.863| 1497.989|  -7.6|   0.3| 1609.9| 0.000|   0.0|  45.788|  42.833|217.97|   0.0|    0.0|    0.0|F2              |
|  0|10.00|58488.3|  1|13.80|18.17|  44.672|  37.098| 1468.549|  -6.9|   0.3| 1582.8| 0.000|   0.0|  45.960|  43.010|219.70|   0.0|    0.0|    0.0|F2              |
|  0|10.00|58499.1|  1|10.80|16.00|  44.567|  35.573| 1637.209|  -6.2|   0.3| 1740.9| 0.000|   0.0|  45.890|  41.964|211.96|   0.0|    0.0|    0.0|F2              |
+==============================================================================+
|   Medium characteristics Sunspot number= 109.4 IG= 109.4   GMT time:16:14    |
|------------------------------------------------------------------------------|
|   S   | fh |  I  |   D  | fd |  hd | fe |  he | ff1 | hf1 | ff2 | hf2 |   Hi |
|-------+----+-----+------+----+-----+----+-----+-----+-----+-----+-----+------|
|    0.0|1.21| 50.6|   2.5|0.18| 84.1|0.63|110.0| 0.00|  0.0| 9.00|299.7|  98.1|
+==============================================================================+

+==================================+
|       Es-layer parametres        |
|----------------------------------|
|   S   | hEs | fbEs | f0Es | P Es |
|-------+-----+------+------+------|
|    0.0|116.5| 2.45 | 2.96 | 70.5 |
+==================================+

|  0|10.00|58514.3|  1|13.80|18.20|  44.409|  37.130| 1467.809|  -7.6|   0.3| 1582.1| 0.000|   0.0|  45.832|  43.023|219.76|   0.0|    0.0|    0.0|F2              |
|  0|10.00|58527.4|  1|15.60|19.51|  45.117|  37.830| 1383.636|  -6.2|   0.3| 1505.1| 0.000|   0.0|  46.183|  43.507|224.45|   0.0|    0.0|    0.0|F2              |
|  0|10.00|58539.3|  1|13.20|17.76|  44.326|  36.848| 1499.652|  -7.6|   0.3| 1611.8| 0.000|   0.0|  45.788|  42.832|218.40|   0.0|    0.0|    0.0|F2              |
|  0|10.00|58579.4|  1|13.20|17.73|  44.592|  36.798| 1502.285|  -6.9|   0.3| 1614.6| 0.000|   0.0|  45.919|  42.818|218.80|   0.0|    0.0|    0.0|F2              |
|  0|10.00|58592.4|  1|13.80|18.15|  44.929|  37.035| 1472.933|  -6.2|   0.3| 1587.6| 0.000|   0.0|  46.095|  43.037|220.57|   0.0|    0.0|    0.0|F2              |
|  0|10.00|58606.8|  1|10.80|16.00|  44.559|  35.541| 1640.816|  -6.2|   0.3| 1744.9| 0.000|   0.0|  45.887|  41.950|212.66|   0.0|    0.0|    0.0|F2              |
|  0|10.00|58620.8|  1|12.00|16.90|  44.146|  36.248| 1567.440|  -7.6|   0.3| 1675.6| 0.000|   0.0|  45.691|  42.414|215.76|   0.0|    0.0|    0.0|F2              |
+---+-----+-------+---+-----+-----+--------+--------+---------+------+------+-------+------+------+--------+--------+------+------+-------+-------+----------------+
+---+-----+-------+---+-----+-----+--------+--------+---------+------+------+-------+------+------+--------+--------+------+------+-------+-------+----------------+
|0-x| fr  |  time |hop| d0  | d1  |   fi   |  teta  |   dist  |  at  |  dev |   p   |  df  |  l   |   fot  |   tot  |  rot | lsp  |   pf  |    s  |                |
+---+-----+-------+---+-----+-----+--------+--------+---------+------+------+-------+------+------+--------+--------+------+------+-------+-------+----------------+
|  0|10.00|58620.8|  1|12.00|16.90|  44.146|  36.248| 1567.440|  -7.6|   0.3| 1675.6| 0.000|   0.0|  45.691|  42.414|215.76|   0.0|    0.0|    0.0|F2              |
|  0|10.00|58632.6|  1|15.00|19.14|  44.270|  37.669| 1410.545|  -8.4|   0.3| 1529.9| 0.000|   0.0|  45.770|  43.376|223.37|   0.0|    0.0|    0.0|F2              |
|  0|10.00|58645.6|  1|13.20|17.74|  44.588|  36.781| 1504.202|  -6.9|   0.3| 1616.8| 0.000|   0.0|  45.919|  42.817|219.25|   0.0|    0.0|    0.0|F2              |
|  0|10.00|58645.6|  1|13.80|18.18|  44.662|  37.059| 1472.940|  -6.9|   0.3| 1587.8| 0.000|   0.0|  45.951|  42.968|220.70|   0.0|    0.0|    0.0|F2              |
|  0|10.00|58658.5|  1|14.40|18.63|  44.732|  37.323| 1443.210|  -6.9|   0.3| 1560.4| 0.000|   0.0|  45.989|  43.152|222.30|   0.0|    0.0|    0.0|F2              |
|  0|10.00|58658.5|  1|13.80|18.18|  44.661|  37.055| 1473.418|  -6.9|   0.3| 1588.3| 0.000|   0.0|  45.951|  42.968|220.79|   0.0|    0.0|    0.0|F2              |
|  0|10.00|58681.0|  1|13.20|17.65|  45.403|  36.664| 1510.081|  -4.8|   0.3| 1622.9| 0.000|   0.0|  46.311|  42.743|219.82|   0.0|    0.0|    0.0|F2              |
|  0|10.00|58681.0|  1|12.60|17.21|  45.347|  36.373| 1542.616|  -4.8|   0.3| 1653.3| 0.000|   0.0|  46.281|  42.542|218.25|   0.0|    0.0|    0.0|F2              |
|  0|10.00|58692.8|  1|12.00|16.88|  44.425|  36.185| 1571.314|  -6.9|   0.3| 1679.8| 0.000|   0.0|  45.831|  42.399|216.39|   0.0|    0.0|    0.0|F2              |
|  0|10.00|58692.8|  1|10.80|16.08|  43.950|  35.608| 1639.709|  -7.6|   0.3| 1744.0| 0.000|   0.0|  45.589|  41.986|212.98|   0.0|    0.0|    0.0|F2              |
|  0|10.00|58704.6|  1|12.00|16.84|  44.711|  36.140| 1573.539|  -6.2|   0.3| 1682.1| 0.000|   0.0|  45.970|  42.375|216.58|   0.0|    0.0|    0.0|F2              |
|  0|10.00|58718.7|  1|13.80|18.19|  44.657|  37.040| 1475.103|  -6.9|   0.3| 1590.3| 0.000|   0.0|  45.951|  42.968|221.22|   0.0|    0.0|    0.0|F2              |
|  0|10.00|58730.6|  1|11.40|16.46|  44.337|  35.867| 1607.126|  -6.9|   0.3| 1713.6| 0.000|   0.0|  45.782|  42.171|215.00|   0.0|    0.0|    0.0|F2              |
|  0|10.00|58754.2|  1|13.20|17.72|  44.852|  36.715| 1508.955|  -6.2|   0.3| 1622.0| 0.000|   0.0|  46.044|  42.763|220.07|   0.0|    0.0|    0.0|F2              |
|  0|10.00|58754.2|  1|13.80|18.16|  44.919|  36.993| 1477.658|  -6.2|   0.3| 1593.0| 0.000|   0.0|  46.080|  42.955|221.60|   0.0|    0.0|    0.0|F2              |
|  0|10.00|58768.2|  1|11.40|16.46|  44.335|  35.857| 1608.319|  -6.9|   0.3| 1715.0| 0.000|   0.0|  45.782|  42.171|215.26|   0.0|    0.0|    0.0|F2              |
|  0|10.00|58792.1|  1|12.60|17.32|  44.501|  36.457| 1540.723|  -6.9|   0.3| 1651.7| 0.000|   0.0|  45.868|  42.576|218.63|   0.0|    0.0|    0.0|F2              |
|  0|10.00|58803.9|  1|12.00|16.92|  44.133|  36.199| 1572.938|  -7.6|   0.3| 1681.8| 0.000|   0.0|  45.687|  42.402|217.02|   0.0|    0.0|    0.0|F2              |
|  0|10.00|58814.7|  1|12.00|16.88|  44.417|  36.152| 1575.051|  -6.9|   0.3| 1684.0| 0.000|   0.0|  45.828|  42.387|217.22|   0.0|    0.0|    0.0|F2              |
|  0|10.00|58828.9|  1|11.40|16.50|  44.037|  35.886| 1608.289|  -7.6|   0.3| 1715.2| 0.000|   0.0|  45.634|  42.175|215.53|   0.0|    0.0|    0.0|F2              |
+---+-----+-------+---+-----+-----+--------+--------+---------+------+------+-------+------+------+--------+--------+------+------+-------+-------+----------------+
+---+-----+-------+---+-----+-----+--------+--------+---------+------+------+-------+------+------+--------+--------+------+------+-------+-------+----------------+
|0-x| fr  |  time |hop| d0  | d1  |   fi   |  teta  |   dist  |  at  |  dev |   p   |  df  |  l   |   fot  |   tot  |  rot | lsp  |   pf  |    s  |                |
+---+-----+-------+---+-----+-----+--------+--------+---------+------+------+-------+------+------+--------+--------+------+------+-------+-------+----------------+
|  0|10.00|58844.0|  1|16.80|20.50|  44.977|  38.264| 1337.248|  -6.9|   0.3| 1465.1| 0.000|   0.0|  46.115|  43.767|229.24|   0.0|    0.0|    0.0|F2              |
|  0|10.00|58859.3|  1|13.80|18.17|  44.914|  36.967| 1480.648|  -6.2|   0.3| 1596.4| 0.000|   0.0|  46.080|  42.954|222.35|   0.0|    0.0|    0.0|F2              |
|  0|10.00|58871.1|  1|10.80|16.01|  44.585|  35.460| 1649.543|  -6.1|   0.3| 1754.6| 0.000|   0.0|  45.901|  41.910|214.45|   0.0|    0.0|    0.0|F2              |
|  0|10.00|58883.0|  1|15.60|19.57|  44.852|  37.778| 1391.941|  -6.9|   0.3| 1514.9| 0.000|   0.0|  46.050|  43.446|226.71|   0.0|    0.0|    0.0|F2              |
|  0|10.00|58893.8|  1|12.60|17.36|  44.176|  36.478| 1541.880|  -7.7|   0.3| 1653.3| 0.000|   0.0|  45.712|  42.591|219.21|   0.0|    0.0|    0.0|F2              |
|  0|10.00|58919.7|  1|30.60|32.27|  46.032|  42.015|  913.863|  -5.9|   0.6| 1117.9| 0.000|   0.0|  46.623|  45.981|258.14|   0.0|    0.0|    0.0|F2              |
|  0|10.00|58919.7|  1|13.20|17.73|  44.804|  36.677| 1513.527|  -6.3|   0.3| 1627.3| 0.000|   0.0|  46.024|  42.764|221.23|   0.0|    0.0|    0.0|F2              |
|  0|10.00|58931.6|  1|33.00|34.51|  45.705|  42.502|  863.541|  -7.9|   0.7| 1084.9| 0.000|   0.0|  46.465|  46.251|262.73|   0.0|    0.0|    0.0|F2              |
|  0|10.00|58931.6|  1|10.20|15.67|  44.141|  35.172| 1685.443|  -6.9|   0.3| 1788.8| 0.000|   0.0|  45.676|  41.683|213.04|   0.0|    0.0|    0.0|F2              |
|  0|10.00|58942.4|  1|16.80|20.49|  45.206|  38.210| 1341.022|  -6.2|   0.3| 1469.3| 0.000|   0.0|  46.235|  43.795|230.11|   0.0|    0.0|    0.0|F2              |
|  0|10.00|58954.2|  1|15.60|19.55|  45.094|  37.726| 1395.321|  -6.2|   0.3| 1518.6| 0.000|   0.0|  46.169|  43.434|227.35|   0.0|    0.0|    0.0|F2              |
|  0|10.00|58966.2|  1|10.80|16.05|  44.230|  35.483| 1650.371|  -6.9|   0.3| 1755.8| 0.000|   0.0|  45.724|  41.903|214.91|   0.0|    0.0|    0.0|F2              |
|  0|10.00|58966.2|  1|31.20|32.89|  45.616|  42.181|  899.907|  -8.0|   0.6| 1108.3| 0.000|   0.0|  46.421|  46.057|259.36|   0.0|    0.0|    0.0|F2              |
|  0|10.00|58978.0|  1|31.79|33.38|  45.932|  42.245|  889.431|  -6.5|   0.7| 1102.2| 0.000|   0.0|  46.578|  46.130|260.86|   0.0|    0.0|    0.0|F2              |
|  0|10.00|58992.2|  1|12.00|16.94|  44.119|  36.150| 1578.464|  -7.6|   0.3| 1688.1| 0.000|   0.0|  45.677|  42.360|218.29|   0.0|    0.0|    0.0|F2              |
|  0|10.00|58992.2|  1|30.00|31.80|  45.703|  41.927|  926.796|  -7.3|   0.6| 1127.2| 0.000|   0.0|  46.461|  45.903|257.23|   0.0|    0.0|    0.0|F2              |
|  0|10.00|59011.7|  1|30.59|32.33|  45.731|  42.038|  914.329|  -7.3|   0.6| 1118.8| 0.000|   0.0|  46.480|  45.993|258.62|   0.0|    0.0|    0.0|F2              |
|  0|10.00|59023.6|  1|30.59|32.38|  45.414|  42.084|  913.002|  -8.8|   0.6| 1117.5| 0.000|   0.0|  46.327|  46.011|258.49|   0.0|    0.0|    0.0|F2              |
|  0|10.00|59035.5|  1|31.20|32.86|  45.906|  42.128|  902.558|  -6.5|   0.7| 1111.5| 0.000|   0.0|  46.562|  46.042|260.09|   0.0|    0.0|    0.0|F2              |
|  0|10.00|59035.5|  1|10.20|15.63|  44.493|  35.090| 1691.121|  -6.1|   0.3| 1794.9| 0.000|   0.0|  45.854|  41.667|213.97|   0.0|    0.0|    0.0|F2              |
+---+-----+-------+---+-----+-----+--------+--------+---------+------+------+-------+------+------+--------+--------+------+------+-------+-------+----------------+
+---+-----+-------+---+-----+-----+--------+--------+---------+------+------+-------+------+------+--------+--------+------+------+-------+-------+----------------+
|0-x| fr  |  time |hop| d0  | d1  |   fi   |  teta  |   dist  |  at  |  dev |   p   |  df  |  l   |   fot  |   tot  |  rot | lsp  |   pf  |    s  |                |
+---+-----+-------+---+-----+-----+--------+--------+---------+------+------+-------+------+------+--------+--------+------+------+-------+-------+----------------+
|  0|10.00|59050.6|  1|30.00|31.78|  45.852|  41.896|  928.644|  -6.6|   0.6| 1129.4| 0.000|   0.0|  46.540|  45.931|257.85|   0.0|    0.0|    0.0|F2              |
|  0|10.00|59062.5|  1|30.60|32.30|  46.028|  41.992|  916.478|  -5.9|   0.6| 1121.5| 0.000|   0.0|  46.622|  45.980|259.22|   0.0|    0.0|    0.0|F2              |
|  0|10.00|59075.5|  1|29.40|31.25|  45.801|  41.775|  942.463|  -6.7|   0.6| 1139.3| 0.000|   0.0|  46.518|  45.874|256.85|   0.0|    0.0|    0.0|F2              |
|  0|10.00|59087.4|  1|30.60|32.32|  45.878|  42.007|  916.171|  -6.6|   0.6| 1121.3| 0.000|   0.0|  46.551|  45.986|259.31|   0.0|    0.0|    0.0|F2              |
|  0|10.00|59099.2|  1|12.60|17.34|  44.481|  36.377| 1549.749|  -6.9|   0.3| 1662.0| 0.000|   0.0|  45.857|  42.523|220.75|   0.0|    0.0|    0.0|F2              |
|  0|10.00|59099.2|  1|30.60|32.32|  45.878|  42.005|  916.404|  -6.6|   0.6| 1121.6| 0.000|   0.0|  46.551|  45.986|259.39|   0.0|    0.0|    0.0|F2              |
|  0|10.00|59109.9|  1|15.00|19.13|  44.774|  37.472| 1426.416|  -6.9|   0.3| 1547.9| 0.000|   0.0|  46.010|  43.255|226.89|   0.0|    0.0|    0.0|F2              |
|  0|10.00|59109.9|  1|28.20|30.21|  45.605|  41.538|  970.659|  -7.3|   0.6| 1159.9| 0.000|   0.0|  46.420|  45.709|254.63|   0.0|    0.0|    0.0|F2              |
|  0|10.00|59123.6|  1|29.40|31.25|  45.822|  41.765|  943.453|  -6.6|   0.6| 1140.6| 0.000|   0.0|  46.521|  45.828|257.16|   0.0|    0.0|    0.0|F2              |
|  0|10.00|59135.6|  1|27.60|29.64|  45.895|  41.360|  987.439|  -5.9|   0.6| 1173.1| 0.000|   0.0|  46.564|  45.641|253.87|   0.0|    0.0|    0.0|F2              |
|  0|10.00|59146.4|  1|30.00|31.79|  45.849|  41.881|  930.337|  -6.6|   0.6| 1131.7| 0.000|   0.0|  46.538|  45.921|258.56|   0.0|    0.0|    0.0|F2              |
|  0|10.00|59146.4|  1|13.20|17.71|  45.106|  36.576| 1522.068|  -5.5|   0.3| 1636.8| 0.000|   0.0|  46.169|  42.709|222.97|   0.0|    0.0|    0.0|F2              |
|  0|10.00|59159.3|  1|25.80|28.08|  45.634|  40.959| 1034.115|  -6.7|   0.5| 1209.0| 0.000|   0.0|  46.433|  45.373|250.32|   0.0|    0.0|    0.0|F2              |
|  0|10.00|59159.3|  1|28.20|30.22|  45.603|  41.530|  971.568|  -7.3|   0.6| 1161.1| 0.000|   0.0|  46.421|  45.717|255.01|   0.0|    0.0|    0.0|F2              |
|  0|10.00|59159.3|  1|14.40|18.65|  45.000|  37.157| 1458.897|  -6.1|   0.3| 1578.3| 0.000|   0.0|  46.119|  43.064|225.93|   0.0|    0.0|    0.0|F2              |
|  0|10.00|59170.1|  1|21.00|23.94|  45.522|  39.614| 1183.331|  -6.1|   0.4| 1332.2| 0.000|   0.0|  46.380|  44.597|240.79|   0.0|    0.0|    0.0|F2              |
|  0|10.00|59170.1|  1|29.99|31.81|  45.696|  41.896|  930.237|  -7.3|   0.6| 1131.6| 0.000|   0.0|  46.466|  45.927|258.62|   0.0|    0.0|    0.0|F2              |
|  0|10.00|59170.1|  1|28.20|30.19|  45.762|  41.506|  972.558|  -6.6|   0.6| 1162.2| 0.000|   0.0|  46.498|  45.710|255.19|   0.0|    0.0|    0.0|F2              |
|  0|10.00|59181.9|  1|10.20|15.57|  45.074|  34.966| 1699.979|  -4.8|   0.3| 1804.4| 0.000|   0.0|  46.138|  41.605|215.28|   0.0|    0.0|    0.0|F2              |
|  0|10.00|59181.9|  1|28.80|30.73|  45.791|  41.632|  958.394|  -6.6|   0.6| 1152.0| 0.000|   0.0|  46.509|  45.769|256.45|   0.0|    0.0|    0.0|F2              |
+---+-----+-------+---+-----+-----+--------+--------+---------+------+------+-------+------+------+--------+--------+------+------+-------+-------+----------------+
+---+-----+-------+---+-----+-----+--------+--------+---------+------+------+-------+------+------+--------+--------+------+------+-------+-------+----------------+
|0-x| fr  |  time |hop| d0  | d1  |   fi   |  teta  |   dist  |  at  |  dev |   p   |  df  |  l   |   fot  |   tot  |  rot | lsp  |   pf  |    s  |                |
+---+-----+-------+---+-----+-----+--------+--------+---------+------+------+-------+------+------+--------+--------+------+------+-------+-------+----------------+
|  0|10.00|59194.8|  1|29.40|31.27|  45.820|  41.753|  944.700|  -6.6|   0.6| 1142.3| 0.000|   0.0|  46.502|  45.720|257.01|   0.0|    0.0|    0.0|F2              |
|  0|10.00|59205.6|  1|28.81|30.75|  45.769|  41.633|  958.446|  -6.7|   0.6| 1152.2| 0.000|   0.0|  46.499|  45.771|256.63|   0.0|    0.0|    0.0|F2              |
|  0|10.00|59216.3|  1|15.60|19.61|  44.834|  37.699| 1400.834|  -6.9|   0.3| 1525.3| 0.000|   0.0|  46.041|  43.404|229.09|   0.0|    0.0|    0.0|F2              |
|  0|10.00|59216.3|  1|27.60|29.67|  45.730|  41.367|  988.170|  -6.6|   0.6| 1174.3| 0.000|   0.0|  46.486|  45.648|254.36|   0.0|    0.0|    0.0|F2              |
|  0|10.00|59227.8|  1|10.80|16.15|  43.605|  35.514| 1654.176|  -8.3|   0.3| 1760.5| 0.000|   0.0|  45.418|  41.921|216.53|   0.0|    0.0|    0.0|F2              |
|  0|10.00|59227.8|  1|28.20|30.23|  45.601|  41.519|  972.801|  -7.3|   0.6| 1162.7| 0.000|   0.0|  46.421|  45.717|255.52|   0.0|    0.0|    0.0|F2              |
|  0|10.00|59240.8|  1|17.40|21.03|  45.014|  38.401| 1321.799|  -6.8|   0.4| 1454.0| 0.000|   0.0|  46.129|  43.837|233.37|   0.0|    0.0|    0.0|F2              |
|  0|10.00|59240.8|  1|28.20|30.21|  45.760|  41.495|  973.790|  -6.6|   0.6| 1163.8| 0.000|   0.0|  46.498|  45.709|255.72|   0.0|    0.0|    0.0|F2              |
|  0|10.00|59253.8|  1|16.20|20.08|  44.895|  37.934| 1374.342|  -6.9|   0.3| 1501.5| 0.000|   0.0|  46.074|  43.567|230.80|   0.0|    0.0|    0.0|F2              |
|  0|10.00|59253.8|  1|30.00|31.81|  45.846|  41.865|  932.129|  -6.6|   0.6| 1134.1| 0.000|   0.0|  46.538|  45.920|259.36|   0.0|    0.0|    0.0|F2              |
|  0|10.00|59264.6|  1|25.80|28.09|  45.630|  40.940| 1036.141|  -6.7|   0.5| 1211.6| 0.000|   0.0|  46.430|  45.353|251.07|   0.0|    0.0|    0.0|F2              |
|  0|10.00|59275.4|  1|25.20|27.55|  45.771|  40.768| 1053.869|  -6.0|   0.5| 1225.9| 0.000|   0.0|  46.497|  45.259|250.06|   0.0|    0.0|    0.0|F2              |
|  0|10.00|59289.4|  1|29.39|31.27|  45.817|  41.737|  946.506|  -6.6|   0.6| 1144.6| 0.000|   0.0|  46.520|  45.826|258.40|   0.0|    0.0|    0.0|F2              |
|  0|10.00|59302.3|  1|28.20|30.22|  45.758|  41.485|  974.873|  -6.6|   0.6| 1165.3| 0.000|   0.0|  46.491|  45.672|256.12|   0.0|    0.0|    0.0|F2              |
|  0|10.00|59302.3|  1|13.20|17.80|  44.547|  36.615| 1522.867|  -6.9|   0.3| 1638.2| 0.000|   0.0|  45.894|  42.701|223.82|   0.0|    0.0|    0.0|F2              |
|  0|10.00|59314.1|  1|28.20|30.19|  45.918|  41.463|  975.865|  -5.9|   0.6| 1166.4| 0.000|   0.0|  46.567|  45.661|256.30|   0.0|    0.0|    0.0|F2              |
|  0|10.00|59314.1|  1| 6.00|13.00|  44.490|  32.244| 2004.818|  -4.8|   0.3| 2097.6| 0.000|   0.0|  45.817|  39.615|203.42|   0.0|    0.0|    0.0|F2              |
|  0|10.00|59324.9|  1|27.00|29.18|  45.529|  41.237| 1004.525|  -7.4|   0.5| 1187.5| 0.000|   0.0|  46.380|  45.520|253.79|   0.0|    0.0|    0.0|F2              |
|  0|10.00|59338.0|  1|16.80|20.54|  45.188|  38.119| 1351.178|  -6.1|   0.4| 1481.3| 0.000|   0.0|  46.213|  43.674|232.87|   0.0|    0.0|    0.0|F2              |
|  0|10.00|59348.8|  1|21.00|23.99|  45.313|  39.606| 1186.187|  -6.8|   0.4| 1335.9| 0.000|   0.0|  46.275|  44.567|241.93|   0.0|    0.0|    0.0|F2              |
+---+-----+-------+---+-----+-----+--------+--------+---------+------+------+-------+------+------+--------+--------+------+------+-------+-------+----------------+
+---+-----+-------+---+-----+-----+--------+--------+---------+------+------+-------+------+------+--------+--------+------+------+-------+-------+----------------+
|0-x| fr  |  time |hop| d0  | d1  |   fi   |  teta  |   dist  |  at  |  dev |   p   |  df  |  l   |   fot  |   tot  |  rot | lsp  |   pf  |    s  |                |
+---+-----+-------+---+-----+-----+--------+--------+---------+------+------+-------+------+------+--------+--------+------+------+-------+-------+----------------+
|  0|10.00|59359.5|  1|10.20|15.82|  43.128|  35.220| 1692.293|  -9.2|   0.2| 1797.1| 0.000|   0.0|  45.177|  41.701|215.65|   0.0|    0.0|    0.0|F2              |
|  0|10.00|59359.5|  1|29.99|31.80|  45.996|  41.828|  934.825|  -5.9|   0.6| 1137.4| 0.000|   0.0|  46.587|  45.765|259.50|   0.0|    0.0|    0.0|F2              |
|  0|10.00|59373.6|  1|29.40|31.30|  45.815|  41.727|  947.666|  -6.6|   0.6| 1146.3| 0.000|   0.0|  46.516|  45.804|259.00|   0.0|    0.0|    0.0|F2              |
|  0|10.00|59373.6|  1|12.60|17.34|  44.747|  36.267| 1559.216|  -6.2|   0.3| 1672.6| 0.000|   0.0|  45.990|  42.487|222.93|   0.0|    0.0|    0.0|F2              |
|  0|10.00|59386.7|  1|30.60|32.37|  45.870|  41.964|  921.055|  -6.6|   0.6| 1127.9| 0.000|   0.0|  46.538|  45.918|261.40|   0.0|    0.0|    0.0|F2              |
|  0|10.00|59386.7|  1|13.20|17.74|  45.095|  36.516| 1528.700|  -5.5|   0.3| 1644.5| 0.000|   0.0|  46.170|  42.717|224.77|   0.0|    0.0|    0.0|F2              |
|  0|10.00|59398.6|  1|15.60|19.64|  44.824|  37.658| 1405.411|  -6.9|   0.3| 1530.7| 0.000|   0.0|  46.048|  43.442|230.52|   0.0|    0.0|    0.0|F2              |
|  0|10.00|59398.6|  1|28.80|30.71|  46.125|  41.557|  963.735|  -5.1|   0.6| 1158.6| 0.000|   0.0|  46.665|  45.713|258.21|   0.0|    0.0|    0.0|F2              |
+==============================================================================+
|   Medium characteristics Sunspot number= 109.4 IG= 109.4   GMT time:16:29    |
|------------------------------------------------------------------------------|
|   S   | fh |  I  |   D  | fd |  hd | fe |  he | ff1 | hf1 | ff2 | hf2 |   Hi |
|-------+----+-----+------+----+-----+----+-----+-----+-----+-----+-----+------|
|    0.0|1.21| 50.6|   2.5|0.18| 84.6|0.49|110.0| 0.00|  0.0| 9.06|306.8| 101.1|
+==============================================================================+

+==================================+
|       Es-layer parametres        |
|----------------------------------|
|   S   | hEs | fbEs | f0Es | P Es |
|-------+-----+------+------+------|
|    0.0|115.8| 2.42 | 2.94 | 69.7 |
+==================================+

|  0|10.00|59410.5|  1|30.60|32.35|  46.020|  41.940|  922.279|  -5.9|   0.6| 1129.3| 0.000|   0.0|  46.611|  45.911|261.69|   0.0|    0.0|    0.0|F2              |
|  0|10.00|59422.4|  1|31.80|33.48|  45.776|  42.202|  895.815|  -7.2|   0.7| 1111.4| 0.000|   0.0|  46.499|  46.087|264.06|   0.0|    0.0|    0.0|F2              |
|  0|10.00|59422.4|  1|15.60|19.60|  45.107|  37.610| 1407.948|  -6.1|   0.3| 1533.3| 0.000|   0.0|  46.171|  43.350|230.71|   0.0|    0.0|    0.0|F2              |
|  0|10.00|59434.2|  1|34.20|35.60|  46.154|  42.570|  851.556|  -5.7|   0.8| 1085.7| 0.000|   0.0|  46.662|  46.197|268.72|   0.0|    0.0|    0.0|F2              |
|  0|10.00|59444.9|  1|30.60|32.40|  45.718|  41.973|  921.574|  -7.3|   0.6| 1128.8| 0.000|   0.0|  46.466|  45.926|261.76|   0.0|    0.0|    0.0|F2              |
|  0|10.00|59444.9|  1|13.20|17.78|  44.854|  36.532| 1529.018|  -6.1|   0.3| 1645.0| 0.000|   0.0|  46.041|  42.646|224.98|   0.0|    0.0|    0.0|F2              |
|  0|10.00|59455.7|  1|28.21|30.24|  45.754|  41.460|  977.648|  -6.6|   0.6| 1169.0| 0.000|   0.0|  46.490|  45.668|257.30|   0.0|    0.0|    0.0|F2              |
|  0|10.00|59467.6|  1|28.80|30.77|  45.783|  41.584|  963.741|  -6.6|   0.6| 1159.0| 0.000|   0.0|  46.502|  45.728|258.53|   0.0|    0.0|    0.0|F2              |
|  0|10.00|59480.5|  1|14.40|18.68|  44.946|  37.080| 1467.891|  -6.2|   0.3| 1588.7| 0.000|   0.0|  46.092|  43.024|228.25|   0.0|    0.0|    0.0|F2              |
|  0|10.00|59480.5|  1|29.40|31.30|  45.811|  41.706|  950.052|  -6.6|   0.6| 1149.3| 0.000|   0.0|  46.516|  45.804|259.82|   0.0|    0.0|    0.0|F2              |
|  0|10.00|59496.6|  1|26.40|28.67|  45.486|  41.064| 1024.045|  -7.4|   0.5| 1204.3| 0.000|   0.0|  46.358|  45.413|253.84|   0.0|    0.0|    0.0|F2              |
|  0|10.00|59496.6|  1|12.00|16.95|  44.372|  35.970| 1595.488|  -6.9|   0.3| 1707.2| 0.000|   0.0|  45.805|  42.281|222.06|   0.0|    0.0|    0.0|F2              |
+---+-----+-------+---+-----+-----+--------+--------+---------+------+------+-------+------+------+--------+--------+------+------+-------+-------+----------------+
+---+-----+-------+---+-----+-----+--------+--------+---------+------+------+-------+------+------+--------+--------+------+------+-------+-------+----------------+
|0-x| fr  |  time |hop| d0  | d1  |   fi   |  teta  |   dist  |  at  |  dev |   p   |  df  |  l   |   fot  |   tot  |  rot | lsp  |   pf  |    s  |                |
+---+-----+-------+---+-----+-----+--------+--------+---------+------+------+-------+------+------+--------+--------+------+------+-------+-------+----------------+
|  0|10.00|59507.2|  1|12.00|16.87|  44.956|  35.881| 1599.943|  -5.5|   0.3| 1711.8| 0.000|   0.0|  46.085|  42.215|222.36|   0.0|    0.0|    0.0|F2              |
|  0|10.00|59521.2|  1|30.00|31.84|  45.838|  41.818|  937.368|  -6.6|   0.6| 1141.0| 0.000|   0.0|  46.530|  45.879|261.34|   0.0|    0.0|    0.0|F2              |
|  0|10.00|59521.2|  1|31.80|33.48|  45.772|  42.181|  898.113|  -7.2|   0.7| 1114.4| 0.000|   0.0|  46.499|  46.087|264.83|   0.0|    0.0|    0.0|F2              |
|  0|10.00|59534.0|  1|30.60|32.40|  45.714|  41.954|  923.687|  -7.3|   0.6| 1131.5| 0.000|   0.0|  46.466|  45.925|262.47|   0.0|    0.0|    0.0|F2              |
|  0|10.00|59534.0|  1|21.00|23.99|  45.304|  39.562| 1191.167|  -6.8|   0.4| 1341.8| 0.000|   0.0|  46.275|  44.566|243.34|   0.0|    0.0|    0.0|F2              |
|  0|10.00|59549.2|  1|31.80|33.46|  45.917|  42.155|  899.500|  -6.5|   0.7| 1116.0| 0.000|   0.0|  46.569|  46.080|265.14|   0.0|    0.0|    0.0|F2              |
|  0|10.00|59549.2|  1|21.60|24.45|  45.747|  39.690| 1172.997|  -5.4|   0.4| 1326.9| 0.000|   0.0|  46.486|  44.639|244.88|   0.0|    0.0|    0.0|F2              |
|  0|10.00|59564.2|  1|26.40|28.56|  46.166|  40.963| 1029.199|  -4.5|   0.6| 1210.0| 0.000|   0.0|  46.686|  45.385|254.80|   0.0|    0.0|    0.0|F2              |
|  0|10.00|59577.1|  1|27.60|29.68|  45.882|  41.278|  996.582|  -5.9|   0.6| 1184.8| 0.000|   0.0|  46.550|  45.562|257.09|   0.0|    0.0|    0.0|F2              |
|  0|10.00|59577.1|  1|28.80|30.74|  45.937|  41.540|  967.171|  -5.9|   0.6| 1163.2| 0.000|   0.0|  46.578|  45.721|259.48|   0.0|    0.0|    0.0|F2              |
|  0|10.00|59593.3|  1|21.00|23.99|  45.301|  39.546| 1192.912|  -6.8|   0.4| 1343.9| 0.000|   0.0|  46.282|  44.605|243.83|   0.0|    0.0|    0.0|F2              |
|  0|10.00|59607.4|  1|28.80|30.77|  45.777|  41.554|  967.112|  -6.6|   0.6| 1163.3| 0.000|   0.0|  46.501|  45.727|259.61|   0.0|    0.0|    0.0|F2              |
|  0|10.00|59618.1|  1|31.79|33.50|  45.623|  42.181|  899.753|  -7.9|   0.7| 1116.6| 0.000|   0.0|  46.422|  46.060|265.42|   0.0|    0.0|    0.0|F2              |
|  0|10.00|59635.5|  1|31.80|33.46|  45.914|  42.138|  901.440|  -6.5|   0.7| 1118.6| 0.000|   0.0|  46.566|  46.063|265.81|   0.0|    0.0|    0.0|F2              |
|  0|10.00|59635.5|  1|15.60|19.59|  45.059|  37.551| 1414.966|  -6.2|   0.3| 1541.3| 0.000|   0.0|  46.160|  43.391|232.31|   0.0|    0.0|    0.0|F2              |
|  0|10.00|59635.5|  1|28.20|30.23|  45.746|  41.419|  982.279|  -6.6|   0.6| 1174.7| 0.000|   0.0|  46.483|  45.631|258.58|   0.0|    0.0|    0.0|F2              |
|  0|10.00|59652.8|  1|27.00|29.17|  45.706|  41.143| 1013.082|  -6.6|   0.5| 1198.0| 0.000|   0.0|  46.464|  45.469|256.33|   0.0|    0.0|    0.0|F2              |
|  0|10.00|59664.7|  1|27.60|29.73|  45.550|  41.303|  997.081|  -7.3|   0.6| 1185.8| 0.000|   0.0|  46.392|  45.577|257.55|   0.0|    0.0|    0.0|F2              |
|  0|10.00|59664.7|  1|29.40|31.30|  45.804|  41.667|  954.377|  -6.6|   0.6| 1154.9| 0.000|   0.0|  46.513|  45.786|261.23|   0.0|    0.0|    0.0|F2              |
|  0|10.00|59676.6|  1|22.80|25.49|  45.618|  40.037| 1135.888|  -6.0|   0.5| 1296.7| 0.000|   0.0|  46.423|  44.838|248.17|   0.0|    0.0|    0.0|F2              |
+---+-----+-------+---+-----+-----+--------+--------+---------+------+------+-------+------+------+--------+--------+------+------+-------+-------+----------------+
+---+-----+-------+---+-----+-----+--------+--------+---------+------+------+-------+------+------+--------+--------+------+------+-------+-------+----------------+
|0-x| fr  |  time |hop| d0  | d1  |   fi   |  teta  |   dist  |  at  |  dev |   p   |  df  |  l   |   fot  |   tot  |  rot | lsp  |   pf  |    s  |                |
+---+-----+-------+---+-----+-----+--------+--------+---------+------+------+-------+------+------+--------+--------+------+------+-------+-------+----------------+
|  0|10.00|59676.6|  1|24.60|27.07|  45.543|  40.552| 1079.797|  -6.7|   0.5| 1250.6| 0.000|   0.0|  46.386|  45.126|251.68|   0.0|    0.0|    0.0|F2              |
|  0|10.00|59688.8|  1|13.80|18.18|  45.139|  36.702| 1507.857|  -5.5|   0.3| 1627.2| 0.000|   0.0|  46.183|  42.788|228.36|   0.0|    0.0|    0.0|F2              |
|  0|10.00|59688.8|  1|28.80|30.77|  45.774|  41.537|  969.029|  -6.6|   0.6| 1165.7| 0.000|   0.0|  46.495|  45.691|260.16|   0.0|    0.0|    0.0|F2              |
|  0|10.00|59700.7|  1|15.00|19.13|  44.995|  37.275| 1445.904|  -6.2|   0.3| 1570.1| 0.000|   0.0|  46.114|  43.141|231.24|   0.0|    0.0|    0.0|F2              |
|  0|10.00|59700.7|  1|27.00|29.15|  45.849|  41.113| 1015.013|  -5.9|   0.6| 1200.3| 0.000|   0.0|  46.533|  45.462|256.80|   0.0|    0.0|    0.0|F2              |
|  0|10.00|59712.5|  1|28.20|30.23|  45.743|  41.403|  984.118|  -6.6|   0.6| 1177.0| 0.000|   0.0|  46.483|  45.631|259.19|   0.0|    0.0|    0.0|F2              |
|  0|10.00|59727.7|  1|28.20|30.21|  45.905|  41.378|  985.284|  -5.9|   0.6| 1178.3| 0.000|   0.0|  46.561|  45.624|259.42|   0.0|    0.0|    0.0|F2              |
|  0|10.00|59740.7|  1|27.59|29.69|  45.711|  41.262|  999.974|  -6.6|   0.6| 1189.1| 0.000|   0.0|  46.464|  45.532|258.13|   0.0|    0.0|    0.0|F2              |
|  0|10.00|59754.7|  1|12.00|16.86|  44.941|  35.796| 1609.382|  -5.5|   0.3| 1722.3| 0.000|   0.0|  46.083|  42.204|224.21|   0.0|    0.0|    0.0|F2              |
|  0|10.00|59754.7|  1|27.60|29.68|  45.876|  41.239| 1000.898|  -5.9|   0.6| 1190.2| 0.000|   0.0|  46.544|  45.526|258.37|   0.0|    0.0|    0.0|F2              |
|  0|10.00|59768.7|  1|31.80|33.51|  45.617|  42.154|  902.811|  -7.9|   0.7| 1120.8| 0.000|   0.0|  46.426|  46.078|266.64|   0.0|    0.0|    0.0|F2              |
|  0|10.00|59781.6|  1|12.00|16.85|  44.939|  35.787| 1610.455|  -5.5|   0.3| 1723.5| 0.000|   0.0|  46.083|  42.204|224.41|   0.0|    0.0|    0.0|F2              |
|  0|10.00|59781.6|  1|28.20|30.24|  45.741|  41.388|  985.715|  -6.6|   0.6| 1179.0| 0.000|   0.0|  46.483|  45.631|259.74|   0.0|    0.0|    0.0|F2              |
|  0|10.00|59793.5|  1|25.20|27.59|  45.574|  40.679| 1065.471|  -6.7|   0.5| 1240.4| 0.000|   0.0|  46.399|  45.196|253.74|   0.0|    0.0|    0.0|F2              |
|  0|10.00|59793.5|  1|24.00|26.52|  45.685|  40.342| 1101.625|  -6.0|   0.5| 1269.7| 0.000|   0.0|  46.454|  45.008|251.45|   0.0|    0.0|    0.0|F2              |
|  0|10.00|59807.6|  1| 8.40|14.49|  44.103|  33.775| 1839.247|  -6.2|   0.3| 1940.5| 0.000|   0.0|  45.642|  40.728|214.16|   0.0|    0.0|    0.0|F2              |
|  0|10.00|59807.6|  1|28.20|30.24|  45.740|  41.383|  986.321|  -6.6|   0.6| 1179.8| 0.000|   0.0|  46.483|  45.631|259.94|   0.0|    0.0|    0.0|F2              |
|  0|10.00|59821.6|  1|11.40|16.42|  44.865|  35.455| 1647.610|  -5.5|   0.3| 1758.6| 0.000|   0.0|  46.040|  41.953|223.03|   0.0|    0.0|    0.0|F2              |
|  0|10.00|59821.6|  1|26.40|28.65|  45.643|  40.968| 1032.939|  -6.7|   0.5| 1215.2| 0.000|   0.0|  46.433|  45.368|256.38|   0.0|    0.0|    0.0|F2              |
|  0|10.00|59836.8|  1|30.60|32.41|  45.703|  41.894|  930.437|  -7.3|   0.6| 1140.3| 0.000|   0.0|  46.459|  45.890|264.77|   0.0|    0.0|    0.0|F2              |
+---+-----+-------+---+-----+-----+--------+--------+---------+------+------+-------+------+------+--------+--------+------+------+-------+-------+----------------+
+---+-----+-------+---+-----+-----+--------+--------+---------+------+------+-------+------+------+--------+--------+------+------+-------+-------+----------------+
|0-x| fr  |  time |hop| d0  | d1  |   fi   |  teta  |   dist  |  at  |  dev |   p   |  df  |  l   |   fot  |   tot  |  rot | lsp  |   pf  |    s  |                |
+---+-----+-------+---+-----+-----+--------+--------+---------+------+------+-------+------+------+--------+--------+------+------+-------+-------+----------------+
|  0|10.00|59836.8|  1|15.60|19.55|  45.301|  37.456| 1423.329|  -5.4|   0.4| 1550.6| 0.000|   0.0|  46.265|  43.281|233.84|   0.0|    0.0|    0.0|F2              |
|  0|10.00|59850.3|  1|29.40|31.33|  45.641|  41.651|  957.795|  -7.3|   0.6| 1159.4| 0.000|   0.0|  46.431|  45.758|262.49|   0.0|    0.0|    0.0|F2              |
|  0|10.00|59861.1|  1|12.60|17.32|  44.755|  36.102| 1577.286|  -6.1|   0.3| 1692.8| 0.000|   0.0|  45.995|  42.403|226.46|   0.0|    0.0|    0.0|F2              |
|  0|10.00|59861.1|  1|28.20|30.24|  45.738|  41.372|  987.527|  -6.6|   0.6| 1181.3| 0.000|   0.0|  46.477|  45.595|260.26|   0.0|    0.0|    0.0|F2              |
|  0|10.00|59872.9|  1|24.60|27.07|  45.535|  40.507| 1084.776|  -6.7|   0.5| 1256.7| 0.000|   0.0|  46.385|  45.126|253.24|   0.0|    0.0|    0.0|F2              |
|  0|10.00|59886.4|  1|25.20|27.57|  45.749|  40.635| 1068.649|  -6.0|   0.5| 1244.1| 0.000|   0.0|  46.485|  45.188|254.61|   0.0|    0.0|    0.0|F2              |
|  0|10.00|59901.2|  1|27.60|29.71|  45.705|  41.231| 1003.443|  -6.6|   0.6| 1193.6| 0.000|   0.0|  46.464|  45.533|259.43|   0.0|    0.0|    0.0|F2              |
|  0|10.00|59914.7|  1|27.00|29.18|  45.673|  41.090| 1019.197|  -6.6|   0.6| 1205.7| 0.000|   0.0|  46.445|  45.433|258.27|   0.0|    0.0|    0.0|F2              |
|  0|10.00|59940.5|  1|25.20|27.60|  45.569|  40.647| 1069.047|  -6.7|   0.5| 1244.8| 0.000|   0.0|  46.399|  45.196|254.92|   0.0|    0.0|    0.0|F2              |
|  0|10.00|59955.7|  1|19.80|22.96|  45.433|  39.033| 1248.164|  -6.0|   0.4| 1395.0| 0.000|   0.0|  46.334|  44.255|244.03|   0.0|    0.0|    0.0|F2              |
|  0|10.00|59955.7|  1|28.80|30.78|  45.765|  41.483|  975.009|  -6.6|   0.6| 1173.3| 0.000|   0.0|  46.495|  45.691|262.27|   0.0|    0.0|    0.0|F2              |
|  0|10.00|59966.5|  1|19.20|22.47|  45.388|  38.826| 1271.467|  -6.0|   0.4| 1415.5| 0.000|   0.0|  46.314|  44.140|242.85|   0.0|    0.0|    0.0|F2              |
|  0|10.00|59966.5|  1|27.60|29.71|  45.703|  41.217| 1004.921|  -6.6|   0.6| 1195.5| 0.000|   0.0|  46.464|  45.533|259.95|   0.0|    0.0|    0.0|F2              |
|  0|10.00|59977.3|  1|16.80|20.53|  45.154|  37.938| 1371.396|  -6.1|   0.4| 1504.4| 0.000|   0.0|  46.197|  43.584|237.56|   0.0|    0.0|    0.0|F2              |
|  0|10.00|59977.3|  1|27.60|29.71|  45.702|  41.215| 1005.158|  -6.6|   0.6| 1195.8| 0.000|   0.0|  46.464|  45.533|260.03|   0.0|    0.0|    0.0|F2              |
|  0|10.00|59989.8|  1|17.40|20.98|  45.443|  38.137| 1347.002|  -5.4|   0.4| 1482.8| 0.000|   0.0|  46.336|  43.707|239.12|   0.0|    0.0|    0.0|F2              |
|  0|10.00|59989.8|  1|26.40|28.65|  45.636|  40.933| 1036.883|  -6.7|   0.5| 1220.1| 0.000|   0.0|  46.433|  45.368|257.73|   0.0|    0.0|    0.0|F2              |
|  0|10.00|60002.7|  1|25.20|27.60|  45.566|  40.634| 1070.555|  -6.7|   0.5| 1246.6| 0.000|   0.0|  46.399|  45.196|255.42|   0.0|    0.0|    0.0|F2              |
|  0|10.00|60014.9|  1|28.20|30.24|  45.733|  41.342|  990.917|  -6.6|   0.6| 1185.6| 0.000|   0.0|  46.476|  45.595|261.49|   0.0|    0.0|    0.0|F2              |
|  0|10.00|60026.7|  1|22.20|25.01|  45.369|  39.805| 1163.742|  -6.8|   0.4| 1323.2| 0.000|   0.0|  46.300|  44.691|249.42|   0.0|    0.0|    0.0|F2              |
+---+-----+-------+---+-----+-----+--------+--------+---------+------+------+-------+------+------+--------+--------+------+------+-------+-------+----------------+
+---+-----+-------+---+-----+-----+--------+--------+---------+------+------+-------+------+------+--------+--------+------+------+-------+-------+----------------+
|0-x| fr  |  time |hop| d0  | d1  |   fi   |  teta  |   dist  |  at  |  dev |   p   |  df  |  l   |   fot  |   tot  |  rot | lsp  |   pf  |    s  |                |
+---+-----+-------+---+-----+-----+--------+--------+---------+------+------+-------+------+------+--------+--------+------+------+-------+-------+----------------+
|  0|10.00|60026.7|  1|13.80|18.20|  44.846|  36.634| 1517.921|  -6.2|   0.3| 1638.7| 0.000|   0.0|  46.042|  42.758|230.78|   0.0|    0.0|    0.0|F2              |
|  0|10.00|60037.9|  1|30.60|32.43|  45.674|  41.860|  934.440|  -7.4|   0.6| 1145.5| 0.000|   0.0|  46.448|  45.891|266.36|   0.0|    0.0|    0.0|F2              |
|  0|10.00|60037.9|  1|10.80|16.08|  44.148|  35.149| 1687.884|  -6.9|   0.3| 1797.7| 0.000|   0.0|  45.686|  41.730|222.72|   0.0|    0.0|    0.0|F2              |
|  0|10.00|60048.7|  1|22.80|25.52|  45.410|  39.975| 1144.662|  -6.7|   0.5| 1307.4| 0.000|   0.0|  46.323|  44.808|250.89|   0.0|    0.0|    0.0|F2              |
|  0|10.00|60060.6|  1|16.20|20.09|  44.847|  37.711| 1399.421|  -6.8|   0.4| 1530.2| 0.000|   0.0|  46.059|  43.496|236.77|   0.0|    0.0|    0.0|F2              |
|  0|10.00|60071.3|  1|22.20|24.99|  45.565|  39.768| 1165.956|  -6.0|   0.5| 1325.7| 0.000|   0.0|  46.396|  44.682|249.91|   0.0|    0.0|    0.0|F2              |
|  0|10.00|60085.4|  1|23.40|26.04|  45.476|  40.133| 1126.642|  -6.6|   0.5| 1292.9| 0.000|   0.0|  46.355|  44.903|252.41|   0.0|    0.0|    0.0|F2              |
|  0|10.00|60096.1|  1|27.60|29.71|  45.698|  41.192| 1007.732|  -6.6|   0.6| 1199.0| 0.000|   0.0|  46.458|  45.496|260.87|   0.0|    0.0|    0.0|F2              |
|  0|10.00|60107.9|  1|10.20|15.57|  44.693|  34.687| 1733.767|  -5.5|   0.3| 1841.9| 0.000|   0.0|  45.947|  41.426|221.87|   0.0|    0.0|    0.0|F2              |
|  0|10.00|60107.9|  1|27.60|29.71|  45.698|  41.190| 1007.994|  -6.6|   0.6| 1199.4| 0.000|   0.0|  46.458|  45.497|260.97|   0.0|    0.0|    0.0|F2              |
|  0|10.00|60121.8|  1|10.80|16.08|  44.141|  35.121| 1691.053|  -6.9|   0.3| 1801.2| 0.000|   0.0|  45.685|  41.729|223.40|   0.0|    0.0|    0.0|F2              |
|  0|10.00|60133.7|  1|24.60|27.08|  45.524|  40.451| 1091.078|  -6.7|   0.5| 1264.4| 0.000|   0.0|  46.378|  45.088|255.21|   0.0|    0.0|    0.0|F2              |
|  0|10.00|60146.7|  1|28.20|30.25|  45.728|  41.317|  993.669|  -6.6|   0.6| 1189.1| 0.000|   0.0|  46.476|  45.595|262.54|   0.0|    0.0|    0.0|F2              |
|  0|10.00|60159.7|  1|21.60|24.48|  45.521|  39.566| 1188.651|  -6.1|   0.4| 1345.6| 0.000|   0.0|  46.376|  44.570|249.36|   0.0|    0.0|    0.0|F2              |
|  0|10.00|60159.7|  1|27.00|29.18|  45.664|  41.042| 1024.654|  -6.6|   0.6| 1212.5| 0.000|   0.0|  46.445|  45.433|260.23|   0.0|    0.0|    0.0|F2              |
|  0|10.00|60170.3|  1|26.40|28.66|  45.630|  40.897| 1040.909|  -6.7|   0.5| 1225.1| 0.000|   0.0|  46.426|  45.331|259.06|   0.0|    0.0|    0.0|F2              |
|  0|10.00|60184.4|  1| 7.80|14.10|  44.017|  33.243| 1898.573|  -6.1|   0.3| 1999.7| 0.000|   0.0|  45.597|  40.383|215.32|   0.0|    0.0|    0.0|F2              |
|  0|10.00|60184.4|  1|25.80|28.13|  45.595|  40.747| 1057.751|  -6.7|   0.5| 1238.4| 0.000|   0.0|  46.413|  45.265|258.03|   0.0|    0.0|    0.0|F2              |
|  0|10.00|60197.4|  1|28.80|30.79|  45.757|  41.439|  979.989|  -6.6|   0.6| 1179.7| 0.000|   0.0|  46.488|  45.655|264.11|   0.0|    0.0|    0.0|F2              |
|  0|10.00|60209.3|  1|23.40|26.01|  45.635|  40.084| 1130.509|  -6.0|   0.5| 1297.4| 0.000|   0.0|  46.427|  44.858|253.39|   0.0|    0.0|    0.0|F2              |
+---+-----+-------+---+-----+-----+--------+--------+---------+------+------+-------+------+------+--------+--------+------+------+-------+-------+----------------+
+---+-----+-------+---+-----+-----+--------+--------+---------+------+------+-------+------+------+--------+--------+------+------+-------+-------+----------------+
|0-x| fr  |  time |hop| d0  | d1  |   fi   |  teta  |   dist  |  at  |  dev |   p   |  df  |  l   |   fot  |   tot  |  rot | lsp  |   pf  |    s  |                |
+---+-----+-------+---+-----+-----+--------+--------+---------+------+------+-------+------+------+--------+--------+------+------+-------+-------+----------------+
|  0|10.00|60221.1|  1|23.40|26.04|  45.443|  40.107| 1129.751|  -6.7|   0.5| 1296.7| 0.000|   0.0|  46.349|  44.941|253.53|   0.0|    0.0|    0.0|F2              |
|  0|10.00|60234.1|  1|25.81|28.14|  45.594|  40.741| 1058.512|  -6.7|   0.5| 1239.5| 0.000|   0.0|  46.413|  45.266|258.45|   0.0|    0.0|    0.0|F2              |
|  0|10.00|60245.9|  1|12.60|17.31|  44.731|  35.978| 1591.174|  -6.1|   0.3| 1708.4| 0.000|   0.0|  45.980|  42.322|229.41|   0.0|    0.0|    0.0|F2              |
|  0|10.00|60245.9|  1|27.00|29.19|  45.661|  41.026| 1026.452|  -6.6|   0.6| 1214.8| 0.000|   0.0|  46.439|  45.396|260.80|   0.0|    0.0|    0.0|F2              |
|  0|10.00|60261.2|  1|21.00|23.97|  45.477|  39.356| 1212.238|  -6.1|   0.4| 1366.6| 0.000|   0.0|  46.354|  44.446|248.91|   0.0|    0.0|    0.0|F2              |
|  0|10.00|60274.1|  1|21.60|24.48|  45.517|  39.540| 1191.555|  -6.0|   0.5| 1349.1| 0.000|   0.0|  46.371|  44.541|250.20|   0.0|    0.0|    0.0|F2              |
|  0|10.00|60285.9|  1|27.00|29.19|  45.660|  41.018| 1027.268|  -6.6|   0.6| 1215.8| 0.000|   0.0|  46.439|  45.397|261.13|   0.0|    0.0|    0.0|F2              |
|  0|10.00|60297.8|  1|26.41|28.67|  45.626|  40.876| 1043.280|  -6.7|   0.5| 1228.2| 0.000|   0.0|  46.426|  45.332|260.11|   0.0|    0.0|    0.0|F2              |
|  0|10.00|60311.8|  1|22.80|25.50|  45.594|  39.891| 1152.169|  -6.0|   0.5| 1316.3| 0.000|   0.0|  46.413|  44.780|253.08|   0.0|    0.0|    0.0|F2              |
|  0|10.00|60323.7|  1|27.00|29.19|  45.659|  41.012| 1028.013|  -6.6|   0.6| 1216.8| 0.000|   0.0|  46.438|  45.396|261.44|   0.0|    0.0|    0.0|F2              |
|  0|10.00|60336.7|  1|22.20|24.99|  45.555|  39.709| 1172.573|  -6.0|   0.5| 1333.6| 0.000|   0.0|  46.389|  44.643|251.94|   0.0|    0.0|    0.0|F2              |
|  0|10.00|60347.4|  1| 8.40|14.53|  43.703|  33.641| 1857.917|  -6.9|   0.3| 1961.4| 0.000|   0.0|  45.446|  40.657|218.28|   0.0|    0.0|    0.0|F2              |
|  0|10.00|60347.4|  1|27.00|29.19|  45.658|  41.007| 1028.509|  -6.6|   0.6| 1217.4| 0.000|   0.0|  46.438|  45.396|261.63|   0.0|    0.0|    0.0|F2              |
|  0|10.00|60358.2|  1|24.00|26.57|  45.478|  40.245| 1114.223|  -6.7|   0.5| 1285.2| 0.000|   0.0|  46.357|  44.978|255.76|   0.0|    0.0|    0.0|F2              |
|  0|10.00|60370.0|  1|13.20|17.75|  44.797|  36.238| 1561.937|  -6.1|   0.3| 1682.0| 0.000|   0.0|  46.025|  42.563|232.05|   0.0|    0.0|    0.0|F2              |
|  0|10.00|60370.0|  1|28.20|30.26|  45.722|  41.278|  998.032|  -6.6|   0.6| 1194.7| 0.000|   0.0|  46.470|  45.559|264.22|   0.0|    0.0|    0.0|F2              |
|  0|10.00|60381.8|  1|15.00|19.08|  45.221|  37.037| 1470.193|  -5.4|   0.4| 1597.5| 0.000|   0.0|  46.233|  43.089|236.73|   0.0|    0.0|    0.0|F2              |
|  0|10.00|60381.8|  1|20.40|23.47|  45.429|  39.134| 1237.116|  -6.1|   0.4| 1389.0| 0.000|   0.0|  46.341|  44.376|248.69|   0.0|    0.0|    0.0|F2              |
|  0|10.00|60381.8|  1|24.60|27.09|  45.515|  40.402| 1096.595|  -6.7|   0.5| 1271.2| 0.000|   0.0|  46.371|  45.051|257.10|   0.0|    0.0|    0.0|F2              |
|  0|10.00|60393.6|  1|14.40|18.66|  44.892|  36.802| 1498.954|  -6.1|   0.4| 1623.8| 0.000|   0.0|  46.064|  42.872|235.16|   0.0|    0.0|    0.0|F2              |
+---+-----+-------+---+-----+-----+--------+--------+---------+------+------+-------+------+------+--------+--------+------+------+-------+-------+----------------+
+---+-----+-------+---+-----+-----+--------+--------+---------+------+------+-------+------+------+--------+--------+------+------+-------+-------+----------------+
|0-x| fr  |  time |hop| d0  | d1  |   fi   |  teta  |   dist  |  at  |  dev |   p   |  df  |  l   |   fot  |   tot  |  rot | lsp  |   pf  |    s  |                |
+---+-----+-------+---+-----+-----+--------+--------+---------+------+------+-------+------+------+--------+--------+------+------+-------+-------+----------------+
|  0|10.00|60393.6|  1|27.00|29.20|  45.657|  41.000| 1029.374|  -6.6|   0.6| 1218.5| 0.000|   0.0|  46.438|  45.397|262.01|   0.0|    0.0|    0.0|F2              |
|  0|10.00|60405.6|  1|22.81|25.54|  45.396|  39.901| 1152.912|  -6.7|   0.5| 1317.5| 0.000|   0.0|  46.313|  44.752|253.62|   0.0|    0.0|    0.0|F2              |
|  0|10.00|60417.4|  1|25.21|27.62|  45.552|  40.555| 1079.413|  -6.7|   0.5| 1257.8| 0.000|   0.0|  46.399|  45.197|258.72|   0.0|    0.0|    0.0|F2              |
|  0|10.00|60429.2|  1|22.20|24.99|  45.552|  39.690| 1174.754|  -6.0|   0.5| 1336.2| 0.000|   0.0|  46.392|  44.662|252.77|   0.0|    0.0|    0.0|F2              |
|  0|10.00|60440.0|  1|23.40|26.05|  45.435|  40.063| 1134.703|  -6.7|   0.5| 1302.8| 0.000|   0.0|  46.331|  44.847|255.10|   0.0|    0.0|    0.0|F2              |
|  0|10.00|60451.8|  1|21.00|24.01|  45.262|  39.342| 1215.776|  -6.8|   0.4| 1371.0| 0.000|   0.0|  46.261|  44.493|250.40|   0.0|    0.0|    0.0|F2              |
|  0|10.00|60463.6|  1|12.60|17.32|  44.677|  35.918| 1598.217|  -6.2|   0.3| 1716.4| 0.000|   0.0|  45.950|  42.272|231.13|   0.0|    0.0|    0.0|F2              |
|  0|10.00|60463.6|  1|25.80|28.14|  45.586|  40.696| 1063.513|  -6.7|   0.5| 1245.6| 0.000|   0.0|  46.406|  45.228|260.17|   0.0|    0.0|    0.0|F2              |
|  0|10.00|60474.3|  1|15.00|19.12|  44.953|  37.050| 1471.141|  -6.1|   0.4| 1598.8| 0.000|   0.0|  46.092|  43.020|237.24|   0.0|    0.0|    0.0|F2              |
|  0|10.00|60485.2|  1|22.80|25.54|  45.393|  39.883| 1154.990|  -6.7|   0.5| 1320.0| 0.000|   0.0|  46.312|  44.751|254.27|   0.0|    0.0|    0.0|F2              |
|  0|10.00|60498.2|  1|27.00|29.20|  45.654|  40.982| 1031.298|  -6.6|   0.6| 1221.0| 0.000|   0.0|  46.439|  45.401|262.86|   0.0|    0.0|    0.0|F2              |
|  0|10.00|60510.0|  1|22.80|25.54|  45.392|  39.878| 1155.525|  -6.7|   0.5| 1320.6| 0.000|   0.0|  46.312|  44.751|254.47|   0.0|    0.0|    0.0|F2              |
|  0|10.00|60521.9|  1|24.60|27.10|  45.511|  40.376| 1099.441|  -6.7|   0.5| 1274.7| 0.000|   0.0|  46.371|  45.051|258.25|   0.0|    0.0|    0.0|F2              |
|  0|10.00|60538.2|  1|21.60|24.52|  45.304|  39.513| 1196.598|  -6.7|   0.5| 1355.4| 0.000|   0.0|  46.269|  44.531|252.21|   0.0|    0.0|    0.0|F2              |
|  0|10.00|60551.1|  1|19.20|22.52|  45.109|  38.720| 1285.810|  -6.8|   0.4| 1432.6| 0.000|   0.0|  46.174|  44.053|247.23|   0.0|    0.0|    0.0|F2              |
|  0|10.00|60551.1|  1|31.80|33.47|  46.039|  41.967|  919.165|  -5.8|   0.7| 1142.0| 0.000|   0.0|  46.622|  45.974|272.93|   0.0|    0.0|    0.0|F2              |
|  0|10.00|60562.9|  1|24.00|26.58|  45.471|  40.207| 1118.505|  -6.7|   0.5| 1290.5| 0.000|   0.0|  46.350|  44.941|257.32|   0.0|    0.0|    0.0|F2              |
|  0|10.00|60575.9|  1|24.60|27.10|  45.509|  40.367| 1100.550|  -6.7|   0.5| 1276.1| 0.000|   0.0|  46.378|  45.088|258.73|   0.0|    0.0|    0.0|F2              |
|  0|10.00|60601.1|  1| 8.40|14.49|  44.041|  33.495| 1870.671|  -6.2|   0.3| 1975.3| 0.000|   0.0|  45.611|  40.580|220.63|   0.0|    0.0|    0.0|F2              |
|  0|10.00|60601.1|  1|26.40|28.68|  45.617|  40.822| 1049.353|  -6.6|   0.6| 1235.8| 0.000|   0.0|  46.416|  45.281|262.37|   0.0|    0.0|    0.0|F2              |
+---+-----+-------+---+-----+-----+--------+--------+---------+------+------+-------+------+------+--------+--------+------+------+-------+-------+----------------+
+---+-----+-------+---+-----+-----+--------+--------+---------+------+------+-------+------+------+--------+--------+------+------+-------+-------+----------------+
|0-x| fr  |  time |hop| d0  | d1  |   fi   |  teta  |   dist  |  at  |  dev |   p   |  df  |  l   |   fot  |   tot  |  rot | lsp  |   pf  |    s  |                |
+---+-----+-------+---+-----+-----+--------+--------+---------+------+------+-------+------+------+--------+--------+------+------+-------+-------+----------------+
|  0|10.00|60612.9|  1| 6.60|13.39|  44.097|  32.236| 2008.662|  -5.5|   0.3| 2108.4| 0.000|   0.0|  45.617|  39.641|215.47|   0.0|    0.0|    0.0|F2              |
|  0|10.00|60612.9|  1|25.80|28.15|  45.582|  40.671| 1066.295|  -6.7|   0.5| 1249.1| 0.000|   0.0|  46.400|  45.195|261.26|   0.0|    0.0|    0.0|F2              |
|  0|10.00|60623.6|  1|27.00|29.22|  45.626|  40.966| 1033.407|  -6.7|   0.6| 1223.7| 0.000|   0.0|  46.421|  45.365|263.72|   0.0|    0.0|    0.0|F2              |
|  0|10.00|60634.4|  1|13.80|18.21|  44.813|  36.458| 1537.553|  -6.1|   0.4| 1661.1| 0.000|   0.0|  46.022|  42.647|235.65|   0.0|    0.0|    0.0|F2              |
|  0|10.00|60634.4|  1|25.20|27.63|  45.545|  40.514| 1083.906|  -6.7|   0.5| 1263.3| 0.000|   0.0|  46.386|  45.126|260.32|   0.0|    0.0|    0.0|F2              |
|  0|10.00|60646.3|  1|25.20|27.63|  45.544|  40.512| 1084.131|  -6.7|   0.5| 1263.5| 0.000|   0.0|  46.386|  45.126|260.41|   0.0|    0.0|    0.0|F2              |
|  0|10.00|60657.1|  1|28.80|30.82|  45.745|  41.367|  988.037|  -6.6|   0.6| 1190.2| 0.000|   0.0|  46.482|  45.624|267.66|   0.0|    0.0|    0.0|F2              |
|  0|10.00|60657.1|  1|15.60|19.59|  45.007|  37.264| 1447.078|  -6.1|   0.4| 1578.0| 0.000|   0.0|  46.118|  43.156|240.16|   0.0|    0.0|    0.0|F2              |
|  0|10.00|60668.9|  1|24.00|26.61|  45.280|  40.216| 1119.550|  -7.4|   0.5| 1292.1| 0.000|   0.0|  46.260|  44.955|258.09|   0.0|    0.0|    0.0|F2              |
|  0|10.00|60681.8|  1|18.00|21.54|  45.028|  38.251| 1338.132|  -6.7|   0.4| 1479.8| 0.000|   0.0|  46.133|  43.769|245.70|   0.0|    0.0|    0.0|F2              |
|  0|10.00|60681.8|  1|30.60|32.43|  45.832|  41.739|  946.220|  -6.5|   0.7| 1160.9| 0.000|   0.0|  46.523|  45.834|271.41|   0.0|    0.0|    0.0|F2              |
|  0|10.00|60692.7|  1|24.59|27.10|  45.505|  40.344| 1103.037|  -6.7|   0.5| 1279.1| 0.000|   0.0|  46.365|  45.017|259.51|   0.0|    0.0|    0.0|F2              |
|  0|10.00|60705.7|  1|22.20|25.04|  45.343|  39.664| 1179.600|  -6.7|   0.5| 1342.4| 0.000|   0.0|  46.289|  44.633|254.82|   0.0|    0.0|    0.0|F2              |
|  0|10.00|60717.6|  1|25.80|28.16|  45.579|  40.655| 1068.122|  -6.7|   0.5| 1251.5| 0.000|   0.0|  46.400|  45.195|262.12|   0.0|    0.0|    0.0|F2              |
|  0|10.00|60730.5|  1|14.40|18.67|  44.876|  36.712| 1509.014|  -6.1|   0.4| 1635.3| 0.000|   0.0|  46.056|  42.827|237.96|   0.0|    0.0|    0.0|F2              |
|  0|10.00|60730.5|  1|25.80|28.16|  45.578|  40.653| 1068.346|  -6.7|   0.5| 1251.8| 0.000|   0.0|  46.400|  45.195|262.22|   0.0|    0.0|    0.0|F2              |
|  0|10.00|60743.4|  1|20.40|23.52|  45.203|  39.088| 1244.311|  -6.8|   0.4| 1397.9| 0.000|   0.0|  46.232|  44.347|251.48|   0.0|    0.0|    0.0|F2              |
|  0|10.00|60755.3|  1|22.80|25.56|  45.384|  39.833| 1160.550|  -6.7|   0.5| 1326.8| 0.000|   0.0|  46.308|  44.727|256.42|   0.0|    0.0|    0.0|F2              |
|  0|10.00|60769.3|  1|22.20|25.04|  45.369|  39.648| 1181.041|  -6.6|   0.5| 1344.1| 0.000|   0.0|  46.302|  44.627|255.35|   0.0|    0.0|    0.0|F2              |
|  0|10.00|60783.3|  1|28.20|30.28|  45.735|  41.214| 1004.988|  -6.5|   0.6| 1203.7| 0.000|   0.0|  46.475|  45.526|267.42|   0.0|    0.0|    0.0|F2              |
+---+-----+-------+---+-----+-----+--------+--------+---------+------+------+-------+------+------+--------+--------+------+------+-------+-------+----------------+
+---+-----+-------+---+-----+-----+--------+--------+---------+------+------+-------+------+------+--------+--------+------+------+-------+-------+----------------+
|0-x| fr  |  time |hop| d0  | d1  |   fi   |  teta  |   dist  |  at  |  dev |   p   |  df  |  l   |   fot  |   tot  |  rot | lsp  |   pf  |    s  |                |
+---+-----+-------+---+-----+-----+--------+--------+---------+------+------+-------+------+------+--------+--------+------+------+-------+-------+----------------+
|  0|10.00|60783.3|  1|19.20|22.52|  45.132|  38.666| 1291.501|  -6.7|   0.4| 1439.3| 0.000|   0.0|  46.183|  44.022|249.13|   0.0|    0.0|    0.0|F2              |
|  0|10.00|60795.3|  1|13.20|17.73|  45.022|  36.082| 1577.194|  -5.4|   0.4| 1699.1| 0.000|   0.0|  46.118|  42.401|235.62|   0.0|    0.0|    0.0|F2              |
|  0|10.00|60795.3|  1|21.00|24.00|  45.459|  39.245| 1224.665|  -6.0|   0.5| 1381.6| 0.000|   0.0|  46.353|  44.441|253.27|   0.0|    0.0|    0.0|F2              |
|  0|10.00|60795.3|  1|24.00|26.59|  45.464|  40.167| 1122.930|  -6.7|   0.5| 1296.1| 0.000|   0.0|  46.344|  44.908|259.11|   0.0|    0.0|    0.0|F2              |
|  0|10.00|60810.4|  1|24.60|27.12|  45.503|  40.328| 1104.804|  -6.7|   0.5| 1281.5| 0.000|   0.0|  46.365|  45.018|260.49|   0.0|    0.0|    0.0|F2              |
|  0|10.00|60823.2|  1|15.60|19.60|  45.000|  37.223| 1451.583|  -6.1|   0.4| 1583.3| 0.000|   0.0|  46.118|  43.155|241.61|   0.0|    0.0|    0.0|F2              |
|  0|10.00|60823.2|  1|24.60|27.12|  45.502|  40.326| 1105.051|  -6.7|   0.5| 1281.8| 0.000|   0.0|  46.365|  45.018|260.60|   0.0|    0.0|    0.0|F2              |
|  0|10.00|60836.3|  1|22.20|25.05|  45.338|  39.641| 1182.178|  -6.7|   0.5| 1345.5| 0.000|   0.0|  46.295|  44.666|255.94|   0.0|    0.0|    0.0|F2              |
|  0|10.00|60836.3|  1|29.40|31.34|  45.932|  41.452|  976.934|  -5.9|   0.6| 1184.0| 0.000|   0.0|  46.568|  45.658|270.26|   0.0|    0.0|    0.0|F2              |
|  0|10.00|60847.0|  1|16.80|20.59|  44.870|  37.755| 1394.334|  -6.8|   0.4| 1531.3| 0.000|   0.0|  46.067|  43.529|244.49|   0.0|    0.0|    0.0|F2              |
|  0|10.00|60861.0|  1|28.20|30.27|  45.876|  41.185| 1006.849|  -5.9|   0.6| 1206.0| 0.000|   0.0|  46.544|  45.519|268.12|   0.0|    0.0|    0.0|F2              |
|  0|10.00|60875.0|  1|27.00|29.23|  45.644|  40.927| 1037.479|  -6.6|   0.6| 1228.9| 0.000|   0.0|  46.432|  45.364|265.75|   0.0|    0.0|    0.0|F2              |
|  0|10.00|60889.1|  1|22.80|25.57|  45.380|  39.811| 1163.041|  -6.7|   0.5| 1329.9| 0.000|   0.0|  46.315|  44.764|257.58|   0.0|    0.0|    0.0|F2              |
|  0|10.00|60904.2|  1|17.40|21.07|  44.962|  37.975| 1369.232|  -6.7|   0.4| 1509.1| 0.000|   0.0|  46.099|  43.602|246.22|   0.0|    0.0|    0.0|F2              |
|  0|10.00|60904.2|  1|25.20|27.62|  45.720|  40.448| 1089.537|  -6.0|   0.5| 1270.2| 0.000|   0.0|  46.467|  45.081|262.49|   0.0|    0.0|    0.0|F2              |
|  0|10.00|60915.0|  1|28.80|30.83|  45.763|  41.331|  991.758|  -6.5|   0.6| 1195.1| 0.000|   0.0|  46.487|  45.587|269.58|   0.0|    0.0|    0.0|F2              |
|  0|10.00|60915.0|  1|17.40|21.04|  45.134|  37.947| 1370.611|  -6.2|   0.4| 1510.6| 0.000|   0.0|  46.182|  43.594|246.41|   0.0|    0.0|    0.0|F2              |
|  0|10.00|60925.8|  1|21.60|24.58|  45.087|  39.472| 1203.370|  -7.4|   0.5| 1363.9| 0.000|   0.0|  46.165|  44.517|255.24|   0.0|    0.0|    0.0|F2              |
|  0|10.00|60925.8|  1|28.20|30.27|  45.875|  41.178| 1007.713|  -5.9|   0.6| 1207.1| 0.000|   0.0|  46.538|  45.484|268.50|   0.0|    0.0|    0.0|F2              |
|  0|10.00|60925.8|  1|25.80|28.17|  45.574|  40.625| 1071.467|  -6.7|   0.5| 1255.7| 0.000|   0.0|  46.396|  45.177|263.73|   0.0|    0.0|    0.0|F2              |
+---+-----+-------+---+-----+-----+--------+--------+---------+------+------+-------+------+------+--------+--------+------+------+-------+-------+----------------+
+---+-----+-------+---+-----+-----+--------+--------+---------+------+------+-------+------+------+--------+--------+------+------+-------+-------+----------------+
|0-x| fr  |  time |hop| d0  | d1  |   fi   |  teta  |   dist  |  at  |  dev |   p   |  df  |  l   |   fot  |   tot  |  rot | lsp  |   pf  |    s  |                |
+---+-----+-------+---+-----+-----+--------+--------+---------+------+------+-------+------+------+--------+--------+------+------+-------+-------+----------------+
|  0|10.00|60936.5|  1|24.60|27.12|  45.499|  40.310| 1106.910|  -6.7|   0.5| 1284.1| 0.000|   0.0|  46.372|  45.055|261.56|   0.0|    0.0|    0.0|F2              |
|  0|10.00|60949.4|  1|24.60|27.13|  45.499|  40.308| 1107.088|  -6.7|   0.5| 1284.3| 0.000|   0.0|  46.372|  45.055|261.66|   0.0|    0.0|    0.0|F2              |
|  0|10.00|60963.4|  1|27.00|29.24|  45.642|  40.916| 1038.715|  -6.6|   0.6| 1230.5| 0.000|   0.0|  46.426|  45.328|266.30|   0.0|    0.0|    0.0|F2              |
|  0|10.00|60963.4|  1|16.20|20.12|  44.802|  37.485| 1424.641|  -6.8|   0.4| 1559.5| 0.000|   0.0|  46.022|  43.311|244.04|   0.0|    0.0|    0.0|F2              |
|  0|10.00|60975.4|  1|19.80|23.00|  45.365|  38.812| 1273.192|  -6.1|   0.4| 1424.8| 0.000|   0.0|  46.306|  44.182|252.22|   0.0|    0.0|    0.0|F2              |
|  0|10.00|60975.4|  1|28.20|30.30|  45.708|  41.194| 1007.410|  -6.6|   0.6| 1207.0| 0.000|   0.0|  46.457|  45.491|268.77|   0.0|    0.0|    0.0|F2              |
|  0|10.00|60987.3|  1|24.00|26.61|  45.459|  40.138| 1126.172|  -6.7|   0.5| 1300.1| 0.000|   0.0|  46.343|  44.908|260.68|   0.0|    0.0|    0.0|F2              |
|  0|10.00|61001.3|  1|25.80|28.18|  45.572|  40.615| 1072.577|  -6.7|   0.5| 1257.2| 0.000|   0.0|  46.396|  45.176|264.33|   0.0|    0.0|    0.0|F2              |
|  0|10.00|61013.1|  1|18.60|22.01|  45.269|  38.378| 1321.936|  -6.1|   0.4| 1467.9| 0.000|   0.0|  46.250|  43.869|249.90|   0.0|    0.0|    0.0|F2              |
|  0|10.00|61027.5|  1|27.00|29.21|  45.814|  40.885| 1040.513|  -5.9|   0.6| 1232.6| 0.000|   0.0|  46.509|  45.320|266.93|   0.0|    0.0|    0.0|F2              |
|  0|10.00|61027.5|  1|16.20|20.12|  44.800|  37.472| 1426.092|  -6.8|   0.4| 1561.2| 0.000|   0.0|  46.031|  43.356|244.66|   0.0|    0.0|    0.0|F2              |
|  0|10.00|61041.4|  1|12.60|17.35|  44.650|  35.764| 1615.480|  -6.1|   0.4| 1736.1| 0.000|   0.0|  45.945|  42.250|236.18|   0.0|    0.0|    0.0|F2              |
|  0|10.00|61041.4|  1|24.60|27.13|  45.497|  40.295| 1108.523|  -6.7|   0.5| 1286.2| 0.000|   0.0|  46.358|  44.981|262.23|   0.0|    0.0|    0.0|F2              |
|  0|10.00|61052.1|  1|21.60|24.52|  45.494|  39.392| 1208.074|  -6.0|   0.5| 1369.2| 0.000|   0.0|  46.357|  44.459|256.42|   0.0|    0.0|    0.0|F2              |
|  0|10.00|61066.3|  1|15.60|19.61|  44.991|  37.169| 1457.590|  -6.1|   0.4| 1590.3| 0.000|   0.0|  46.121|  43.175|243.73|   0.0|    0.0|    0.0|F2              |
|  0|10.00|61080.3|  1|25.81|28.20|  45.571|  40.608| 1073.359|  -6.6|   0.6| 1258.3| 0.000|   0.0|  46.396|  45.178|264.97|   0.0|    0.0|    0.0|F2              |
|  0|10.00|61092.2|  1|27.00|29.25|  45.640|  40.901| 1040.339|  -6.6|   0.6| 1232.7| 0.000|   0.0|  46.426|  45.328|267.32|   0.0|    0.0|    0.0|F2              |
|  0|10.00|61107.3|  1|15.60|19.62|  44.990|  37.162| 1458.401|  -6.1|   0.4| 1591.3| 0.000|   0.0|  46.111|  43.120|244.03|   0.0|    0.0|    0.0|F2              |
|  0|10.00|61122.4|  1|24.60|27.14|  45.495|  40.285| 1109.630|  -6.7|   0.5| 1287.6| 0.000|   0.0|  46.358|  44.981|262.88|   0.0|    0.0|    0.0|F2              |
|  0|10.00|61135.4|  1|24.00|26.62|  45.456|  40.119| 1128.370|  -6.7|   0.5| 1302.9| 0.000|   0.0|  46.350|  44.945|261.93|   0.0|    0.0|    0.0|F2              |
+---+-----+-------+---+-----+-----+--------+--------+---------+------+------+-------+------+------+--------+--------+------+------+-------+-------+----------------+
+---+-----+-------+---+-----+-----+--------+--------+---------+------+------+-------+------+------+--------+--------+------+------+-------+-------+----------------+
|0-x| fr  |  time |hop| d0  | d1  |   fi   |  teta  |   dist  |  at  |  dev |   p   |  df  |  l   |   fot  |   tot  |  rot | lsp  |   pf  |    s  |                |
+---+-----+-------+---+-----+-----+--------+--------+---------+------+------+-------+------+------+--------+--------+------+------+-------+-------+----------------+
|  0|10.00|61147.2|  1|26.40|28.72|  45.630|  40.745| 1057.684|  -6.5|   0.6| 1246.5| 0.000|   0.0|  46.421|  45.243|266.60|   0.0|    0.0|    0.0|F2              |
|  0|10.00|61160.1|  1|28.20|30.31|  45.728|  41.172| 1009.649|  -6.5|   0.6| 1210.0| 0.000|   0.0|  46.468|  45.490|270.21|   0.0|    0.0|    0.0|F2              |
|  0|10.00|61174.1|  1|25.79|28.19|  45.568|  40.592| 1075.106|  -6.6|   0.6| 1260.3| 0.000|   0.0|  46.402|  45.212|265.73|   0.0|    0.0|    0.0|F2              |
+---+-----+-------+---+-----+-----+--------+--------+---------+------+------+-------+------+------+--------+--------+------+------+-------+-------+----------------+