
delt0=     0.1  eps=   1e-05  ep=   1e-06  ep1=   0.001
Geomagnetic Field - const
fh= 1.34  i=  65.2  d=   6.8
Number TID: 1
Tid Parametres
  delt   lamb     t     b      a     fi
0.000   200.0  20.0 -45.0   45.0   0.000
delta=-0.000  r0= 200.0  lon=  39.000 lat=  55.000
Beta=  20.0  Alfa=   0.0 aX=  20.0 aY= 100.0 aZ=  20.0

lonIon=  40.000 latIon=  47.500 it=21.00 h_tec=450.0  TEC= 1.13000e+17
lonIon=  40.000 latIon=  47.500 it=21.25 h_tec=450.0  TEC= 1.13000e+17
lonIon=  40.000 latIon=  47.500 it=21.50 h_tec=450.0  TEC= 1.13000e+17
lonIon=  40.000 latIon=  47.500 it=21.75 h_tec=450.0  TEC= 1.13000e+17

Number diff. equation: 6

+==============================================================================+
|   Medium characteristics Sunspot number= 179.9 IG= 179.9   GMT time:21:00    |
|------------------------------------------------------------------------------|
|   S   | fh |  I  |   D  | fd |  hd | fe |  he | ff1 | hf1 | ff2 | hf2 |   Hi |
|-------+----+-----+------+----+-----+----+-----+-----+-----+-----+-----+------|
|    0.0|1.21| 50.6|   2.5|0.18| 87.9|0.37|110.0| 0.00|  0.0| 8.98|374.5| 139.2|
+==============================================================================+

+==================================+
|       Es-layer parametres        |
|----------------------------------|
|   S   | hEs | fbEs | f0Es | P Es |
|-------+-----+------+------+------|
|    0.0|114.7| 2.21 | 2.70 | 56.2 |
+==================================+

+---+-----+-------+---+-----+-----+--------+--------+---------+------+------+-------+------+------+--------+--------+------+------+-------+-------+----------------+
|0-x| fr  |  time |hop| d0  | d1  |   fi   |  teta  |   dist  |  at  |  dev |   p   |  df  |  l   |   fot  |   tot  |  rot | lsp  |   pf  |    s  |                |
+---+-----+-------+---+-----+-----+--------+--------+---------+------+------+-------+------+------+--------+--------+------+------+-------+-------+----------------+
|  0|10.00|75600.6|  1| 7.80| 8.33|  35.593|  27.059| 2686.281| -13.0|  -0.0| 2834.5| 0.000|   0.0|  42.853|  38.302|297.56|   0.0|    0.0|    0.0|F2              |
|  0|10.00|75610.9|  1|10.20| 9.82|  36.897|  29.169| 2443.182| -13.6|   0.0| 2595.7| 0.000|   0.0|  43.154|  39.374|299.01|   0.0|    0.0|    0.0|F2              |
|  0|10.00|75622.0|  1|12.00|11.26|  39.409|  30.387| 2269.056| -11.5|   0.0| 2426.6| 0.000|   0.0|  44.192|  40.350|302.64|   0.0|    0.0|    0.0|F2              |
|  0|10.00|75644.6|  1|12.60|11.74|  39.701|  30.851| 2214.856| -11.5|   0.0| 2374.2| 0.000|   0.0|  44.249|  40.502|303.14|   0.0|    0.0|    0.0|F2              |
|  0|10.00|75654.9|  1| 7.20| 8.11|  36.443|  26.339| 2745.404| -11.5|  -0.0| 2893.2| 0.000|   0.0|  43.201|  37.861|297.13|   0.0|    0.0|    0.0|F2              |
|  0|10.00|75666.1|  1|10.80|10.29|  37.716|  29.587| 2383.771| -13.0|   0.0| 2537.9| 0.000|   0.0|  43.535|  39.804|300.84|   0.0|    0.0|    0.0|F2              |
|  0|10.00|75677.2|  1| 7.20| 8.03|  35.106|  26.539| 2748.996| -13.0|  -0.0| 2896.5| 0.000|   0.0|  42.686|  37.947|297.02|   0.0|    0.0|    0.0|F2              |
|  0|10.00|75719.3|  1|13.80|12.69|  40.169|  31.733| 2113.215| -11.5|   0.1| 2276.4| 0.000|   0.0|  44.400|  40.979|304.79|   0.0|    0.0|    0.0|F2              |
|  0|10.00|75730.0|  1|10.20| 9.88|  37.834|  28.999| 2442.965| -12.3|   0.0| 2595.9| 0.000|   0.0|  43.636|  39.541|300.42|   0.0|    0.0|    0.0|F2              |
+==============================================================================+
|   Medium characteristics Sunspot number= 179.9 IG= 179.9   GMT time:21:02    |
|------------------------------------------------------------------------------|
|   S   | fh |  I  |   D  | fd |  hd | fe |  he | ff1 | hf1 | ff2 | hf2 |   Hi |
|-------+----+-----+------+----+-----+----+-----+-----+-----+-----+-----+------|
|    0.0|1.21| 50.6|   2.5|0.18| 87.9|0.37|110.0| 0.00|  0.0| 8.95|373.6| 140.5|
+==============================================================================+

+==================================+
|       Es-layer parametres        |
|----------------------------------|
|   S   | hEs | fbEs | f0Es | P Es |
|-------+-----+------+------+------|
|    0.0|113.9| 2.21 | 2.70 | 56.3 |
+==================================+

|  0|10.00|77564.8|  1|15.00|14.08|  45.211|  31.975| 2030.060|  -3.5|   0.1| 2202.4| 0.000|   0.0|  46.419|  41.118|310.54|   0.0|    0.0|    0.0|F2              |
|  0|10.00|77586.3|  1|12.60|12.25|  44.889|  30.259| 2221.782|  -3.5|   0.1| 2386.0| 0.000|   0.0|  46.320|  40.249|307.31|   0.0|    0.0|    0.0|F2              |
|  0|10.00|77609.2|  1|12.00|11.80|  44.307|  29.822| 2273.418|  -4.2|   0.1| 2435.8| 0.000|   0.0|  46.092|  39.963|306.35|   0.0|    0.0|    0.0|F2              |
|  0|10.00|77620.6|  1|12.60|12.24|  44.418|  30.286| 2221.499|  -4.2|   0.1| 2385.7| 0.000|   0.0|  46.122|  40.179|307.07|   0.0|    0.0|    0.0|F2              |
|  0|10.00|77688.3|  1|10.20|10.56|  43.390|  28.396| 2436.955|  -5.0|   0.0| 2594.8| 0.000|   0.0|  45.723|  38.921|303.03|   0.0|    0.0|    0.0|F2              |
|  0|10.00|77731.6|  1|10.20|10.54|  42.769|  28.439| 2437.212|  -5.8|   0.0| 2595.0| 0.000|   0.0|  45.490|  39.019|303.49|   0.0|    0.0|    0.0|F2              |
|  0|10.00|77742.0|  1|10.80|10.90|  41.828|  29.025| 2382.149|  -7.2|   0.1| 2541.1| 0.000|   0.0|  45.095|  39.321|303.87|   0.0|    0.0|    0.0|F2              |
|  0|10.00|77753.1|  1|11.40|11.34|  42.180|  29.501| 2326.595|  -7.0|   0.1| 2487.2| 0.000|   0.0|  45.208|  39.540|304.30|   0.0|    0.0|    0.0|F2              |
|  0|10.00|77764.2|  1|11.40|11.36|  42.609|  29.465| 2326.195|  -6.4|   0.1| 2486.9| 0.000|   0.0|  45.383|  39.525|304.43|   0.0|    0.0|    0.0|F2              |
|  0|10.00|77774.5|  1|11.40|11.36|  42.609|  29.464| 2326.277|  -6.4|   0.1| 2487.0| 0.000|   0.0|  45.383|  39.525|304.46|   0.0|    0.0|    0.0|F2              |
|  0|10.00|77785.4|  1|12.00|11.81|  42.784|  29.939| 2272.639|  -6.4|   0.1| 2435.1| 0.000|   0.0|  45.486|  40.009|306.44|   0.0|    0.0|    0.0|F2              |
+---+-----+-------+---+-----+-----+--------+--------+---------+------+------+-------+------+------+--------+--------+------+------+-------+-------+----------------+
+---+-----+-------+---+-----+-----+--------+--------+---------+------+------+-------+------+------+--------+--------+------+------+-------+-------+----------------+
|0-x| fr  |  time |hop| d0  | d1  |   fi   |  teta  |   dist  |  at  |  dev |   p   |  df  |  l   |   fot  |   tot  |  rot | lsp  |   pf  |    s  |                |
+---+-----+-------+---+-----+-----+--------+--------+---------+------+------+-------+------+------+--------+--------+------+------+-------+-------+----------------+
|  0|10.00|77795.7|  1|12.00|11.81|  42.784|  29.939| 2272.643|  -6.4|   0.1| 2435.1| 0.000|   0.0|  45.486|  40.009|306.46|   0.0|    0.0|    0.0|F2              |
|  0|10.00|77806.1|  1|11.40|11.38|  42.610|  29.467| 2325.938|  -6.4|   0.1| 2486.8| 0.000|   0.0|  45.383|  39.525|304.54|   0.0|    0.0|    0.0|F2              |
|  0|10.00|77817.1|  1|11.40|11.38|  42.609|  29.466| 2326.086|  -6.4|   0.1| 2486.9| 0.000|   0.0|  45.383|  39.525|304.56|   0.0|    0.0|    0.0|F2              |
|  0|10.00|77827.7|  1|11.40|11.38|  42.610|  29.468| 2325.857|  -6.4|   0.1| 2486.7| 0.000|   0.0|  45.383|  39.526|304.59|   0.0|    0.0|    0.0|F2              |
|  0|10.00|77838.0|  1|11.40|11.39|  42.610|  29.469| 2325.807|  -6.4|   0.1| 2486.7| 0.000|   0.0|  45.383|  39.526|304.61|   0.0|    0.0|    0.0|F2              |
|  0|10.00|77849.1|  1|11.40|11.39|  42.610|  29.469| 2325.753|  -6.4|   0.1| 2486.7| 0.000|   0.0|  45.383|  39.526|304.64|   0.0|    0.0|    0.0|F2              |
|  0|10.00|77860.3|  1|11.40|11.40|  42.611|  29.471| 2325.561|  -6.4|   0.1| 2486.5| 0.000|   0.0|  45.383|  39.526|304.67|   0.0|    0.0|    0.0|F2              |
|  0|10.00|77931.6|  1|11.40|11.40|  42.113|  29.518| 2325.400|  -7.1|   0.1| 2486.4| 0.000|   0.0|  45.180|  39.546|304.72|   0.0|    0.0|    0.0|F2              |
|  0|10.00|77942.0|  1|11.40|11.40|  42.184|  29.510| 2325.499|  -7.0|   0.1| 2486.5| 0.000|   0.0|  45.209|  39.543|304.76|   0.0|    0.0|    0.0|F2              |
|  0|10.00|77953.1|  1|10.80|11.01|  42.429|  28.993| 2379.599|  -6.4|   0.1| 2539.2| 0.000|   0.0|  45.334|  39.303|304.49|   0.0|    0.0|    0.0|F2              |
|  0|10.00|77964.1|  1|12.00|11.87|  42.787|  29.946| 2271.875|  -6.4|   0.1| 2434.8| 0.000|   0.0|  45.487|  40.012|306.83|   0.0|    0.0|    0.0|F2              |
|  0|10.00|77974.5|  1|11.40|11.42|  42.186|  29.515| 2325.002|  -7.0|   0.1| 2486.1| 0.000|   0.0|  45.209|  39.544|304.85|   0.0|    0.0|    0.0|F2              |
|  0|10.00|77984.9|  1|10.80|11.00|  41.985|  29.031| 2379.843|  -7.0|   0.1| 2539.4| 0.000|   0.0|  45.156|  39.319|304.47|   0.0|    0.0|    0.0|F2              |
|  0|10.00|77996.1|  1|12.00|11.88|  42.787|  29.946| 2271.858|  -6.4|   0.1| 2434.8| 0.000|   0.0|  45.487|  40.012|306.89|   0.0|    0.0|    0.0|F2              |
|  0|10.00|78006.7|  1|12.00|11.86|  42.306|  29.989| 2271.953|  -7.1|   0.1| 2434.8| 0.000|   0.0|  45.295|  40.030|306.82|   0.0|    0.0|    0.0|F2              |
|  0|10.00|78018.2|  1|11.40|11.43|  42.186|  29.514| 2325.073|  -7.0|   0.1| 2486.3| 0.000|   0.0|  45.209|  39.544|304.95|   0.0|    0.0|    0.0|F2              |
|  0|10.00|78029.2|  1|12.00|11.86|  42.306|  29.990| 2271.919|  -7.1|   0.1| 2434.8| 0.000|   0.0|  45.295|  40.030|306.86|   0.0|    0.0|    0.0|F2              |
|  0|10.00|78040.3|  1|10.80|11.01|  41.912|  29.041| 2379.596|  -7.1|   0.1| 2539.3| 0.000|   0.0|  45.126|  39.324|304.58|   0.0|    0.0|    0.0|F2              |
|  0|10.00|78050.6|  1|10.20|10.64|  42.239|  28.508| 2434.494|  -6.5|   0.0| 2592.9| 0.000|   0.0|  45.259|  38.961|303.63|   0.0|    0.0|    0.0|F2              |
|  0|10.00|78061.7|  1|14.40|13.72|  43.388|  31.690| 2074.994|  -6.4|   0.1| 2245.9| 0.000|   0.0|  45.677|  40.928|310.34|   0.0|    0.0|    0.0|F2              |
+---+-----+-------+---+-----+-----+--------+--------+---------+------+------+-------+------+------+--------+--------+------+------+-------+-------+----------------+
+---+-----+-------+---+-----+-----+--------+--------+---------+------+------+-------+------+------+--------+--------+------+------+-------+-------+----------------+
|0-x| fr  |  time |hop| d0  | d1  |   fi   |  teta  |   dist  |  at  |  dev |   p   |  df  |  l   |   fot  |   tot  |  rot | lsp  |   pf  |    s  |                |
+---+-----+-------+---+-----+-----+--------+--------+---------+------+------+-------+------+------+--------+--------+------+------+-------+-------+----------------+
|  0|10.00|78116.2|  1|13.80|13.25|  42.817|  31.312| 2122.124|  -7.1|   0.1| 2290.9| 0.000|   0.0|  45.456|  40.726|309.50|   0.0|    0.0|    0.0|F2              |
|  0|10.00|78127.3|  1|10.80|11.01|  41.398|  29.093| 2379.612|  -7.8|   0.1| 2539.4| 0.000|   0.0|  44.982|  39.584|305.37|   0.0|    0.0|    0.0|F2              |
|  0|10.00|78802.2|  1|15.00|14.38|  43.112|  32.105| 2032.213|  -7.1|   0.1| 2207.1| 0.000|   0.0|  45.564|  41.200|313.04|   0.0|    0.0|    0.0|F2              |
|  0|10.00|78822.9|  1|13.80|13.44|  42.816|  31.292| 2124.232|  -7.1|   0.1| 2294.8| 0.000|   0.0|  45.475|  40.810|311.28|   0.0|    0.0|    0.0|F2              |
|  0|10.00|78834.0|  1|11.40|11.64|  42.113|  29.511| 2326.163|  -7.1|   0.1| 2489.2| 0.000|   0.0|  45.182|  39.556|306.90|   0.0|    0.0|    0.0|F2              |
|  0|10.00|78845.2|  1|11.40|11.62|  41.616|  29.560| 2326.375|  -7.8|   0.1| 2489.3| 0.000|   0.0|  44.980|  39.576|306.79|   0.0|    0.0|    0.0|F2              |
+---+-----+-------+---+-----+-----+--------+--------+---------+------+------+-------+------+------+--------+--------+------+------+-------+-------+----------------+