
delt0=     0.1  eps=   1e-05  ep=   1e-06  ep1=   0.001
Geomagnetic Field - const
fh= 1.34  i=  65.2  d=   6.8
Number TID: 1
Tid Parametres
  delt   lamb     t     b      a     fi
0.000   200.0  20.0 -45.0   45.0   0.000
delta=-0.000  r0= 200.0  lon=  39.000 lat=  55.000
Beta=  20.0  Alfa=   0.0 aX=  20.0 aY= 100.0 aZ=  20.0

lonIon=  40.000 latIon=  47.500 it=15.00 h_tec=450.0  TEC= 1.13000e+17
lonIon=  40.000 latIon=  47.500 it=15.25 h_tec=450.0  TEC= 1.13000e+17
lonIon=  40.000 latIon=  47.500 it=15.50 h_tec=450.0  TEC= 1.13000e+17
lonIon=  40.000 latIon=  47.500 it=15.75 h_tec=450.0  TEC= 1.13000e+17

Number diff. equation: 6

+==============================================================================+
|   Medium characteristics Sunspot number=  79.2 IG=  79.2   GMT time:15:00    |
|------------------------------------------------------------------------------|
|   S   | fh |  I  |   D  | fd |  hd | fe |  he | ff1 | hf1 | ff2 | hf2 |   Hi |
|-------+----+-----+------+----+-----+----+-----+-----+-----+-----+-----+------|
|    0.0|1.21| 50.6|   2.5|0.18| 82.3|1.83|110.0| 0.00|  0.0| 8.77|278.8|  82.8|
+==============================================================================+

+==================================+
|       Es-layer parametres        |
|----------------------------------|
|   S   | hEs | fbEs | f0Es | P Es |
|-------+-----+------+------+------|
|    0.0|118.3| 2.66 | 3.08 | 72.7 |
+==================================+

|  0|10.00|53986.0|  1|28.20|28.99|  45.545|  42.102|  909.372|  -8.2|   0.5| 1075.0| 0.000|   0.0|  46.398|  45.983|222.80|   0.0|    0.0|    0.0|F2              |
|  0|10.00|53986.0|  1|11.40|14.84|  44.421|  36.079| 1582.990|  -6.9|   0.3| 1676.5| 0.000|   0.0|  45.863|  42.505|187.27|   0.0|    0.0|    0.0|F2              |
|  0|10.00|53997.9|  1|25.80|26.83|  45.587|  41.554|  969.080|  -7.4|   0.5| 1121.4| 0.000|   0.0|  46.434|  45.758|218.68|   0.0|    0.0|    0.0|F2              |
|  0|10.00|53997.9|  1|28.80|29.53|  45.597|  42.219|  895.908|  -8.1|   0.5| 1065.1| 0.000|   0.0|  46.437|  46.113|224.39|   0.0|    0.0|    0.0|F2              |
|  0|10.00|53997.9|  1|14.40|17.18|  44.843|  37.694| 1401.277|  -6.8|   0.4| 1504.2| 0.000|   0.0|  46.052|  43.413|194.67|   0.0|    0.0|    0.0|F2              |
|  0|10.00|54008.6|  1|28.80|29.53|  45.597|  42.219|  895.971|  -8.1|   0.5| 1065.2| 0.000|   0.0|  46.437|  46.113|224.45|   0.0|    0.0|    0.0|F2              |
+---+-----+-------+---+-----+-----+--------+--------+---------+------+------+-------+------+------+--------+--------+------+------+-------+-------+----------------+
+---+-----+-------+---+-----+-----+--------+--------+---------+------+------+-------+------+------+--------+--------+------+------+-------+-------+----------------+
|0-x| fr  |  time |hop| d0  | d1  |   fi   |  teta  |   dist  |  at  |  dev |   p   |  df  |  l   |   fot  |   tot  |  rot | lsp  |   pf  |    s  |                |
+---+-----+-------+---+-----+-----+--------+--------+---------+------+------+-------+------+------+--------+--------+------+------+-------+-------+----------------+
|  0|10.00|54020.4|  1|28.80|29.54|  45.577|  42.221|  895.981|  -8.2|   0.5| 1065.3| 0.000|   0.0|  46.427|  46.114|224.50|   0.0|    0.0|    0.0|F2              |
|  0|10.00|54020.4|  1|10.80|14.39|  44.363|  35.708| 1624.349|  -6.8|   0.3| 1716.3| 0.000|   0.0|  45.806|  42.133|185.48|   0.0|    0.0|    0.0|F2              |
|  0|10.00|54020.4|  1| 9.00|13.00|  44.299|  34.419| 1766.650|  -6.2|   0.3| 1854.0| 0.000|   0.0|  45.787|  41.386|180.21|   0.0|    0.0|    0.0|F2              |
|  0|10.00|54033.4|  1|29.40|30.10|  45.486|  42.354|  882.531|  -8.8|   0.5| 1055.5| 0.000|   0.0|  46.369|  46.124|225.34|   0.0|    0.0|    0.0|F2              |
|  0|10.00|54033.4|  1| 9.00|13.03|  43.964|  34.459| 1765.479|  -6.9|   0.3| 1852.9| 0.000|   0.0|  45.599|  41.277|179.91|   0.0|    0.0|    0.0|F2              |
|  0|10.00|54045.3|  1|28.80|29.54|  45.597|  42.216|  896.214|  -8.1|   0.5| 1065.6| 0.000|   0.0|  46.444|  46.149|224.70|   0.0|    0.0|    0.0|F2              |
|  0|10.00|54045.3|  1| 9.60|13.52|  44.092|  34.901| 1715.703|  -6.9|   0.3| 1804.7| 0.000|   0.0|  45.664|  41.573|181.98|   0.0|    0.0|    0.0|F2              |
|  0|10.00|54056.0|  1|28.20|29.01|  45.545|  42.098|  909.815|  -8.2|   0.5| 1075.7| 0.000|   0.0|  46.394|  45.965|223.02|   0.0|    0.0|    0.0|F2              |
|  0|10.00|54056.0|  1| 9.60|13.49|  44.416|  34.869| 1716.047|  -6.2|   0.3| 1805.0| 0.000|   0.0|  45.847|  41.693|182.43|   0.0|    0.0|    0.0|F2              |
|  0|10.00|54067.8|  1|28.20|29.01|  45.545|  42.098|  909.893|  -8.2|   0.5| 1075.8| 0.000|   0.0|  46.394|  45.965|223.08|   0.0|    0.0|    0.0|F2              |
|  0|10.00|54067.8|  1| 9.00|13.02|  44.302|  34.434| 1764.975|  -6.2|   0.3| 1852.3| 0.000|   0.0|  45.787|  41.386|180.48|   0.0|    0.0|    0.0|F2              |
|  0|10.00|54078.6|  1|28.79|29.54|  45.576|  42.215|  896.581|  -8.2|   0.5| 1066.0| 0.000|   0.0|  46.419|  46.077|224.61|   0.0|    0.0|    0.0|F2              |
|  0|10.00|54090.5|  1|28.20|29.01|  45.544|  42.096|  910.027|  -8.2|   0.5| 1076.0| 0.000|   0.0|  46.394|  45.965|223.20|   0.0|    0.0|    0.0|F2              |
|  0|10.00|54102.2|  1|10.80|14.43|  44.324|  35.727| 1622.625|  -6.9|   0.3| 1714.6| 0.000|   0.0|  45.785|  42.135|185.88|   0.0|    0.0|    0.0|F2              |
|  0|10.00|54102.2|  1|28.80|29.55|  45.576|  42.216|  896.504|  -8.2|   0.5| 1066.0| 0.000|   0.0|  46.419|  46.078|224.74|   0.0|    0.0|    0.0|F2              |
|  0|10.00|54114.7|  1|28.80|29.56|  45.597|  42.213|  896.642|  -8.1|   0.5| 1066.2| 0.000|   0.0|  46.429|  46.077|224.82|   0.0|    0.0|    0.0|F2              |
|  0|10.00|54114.7|  1|12.00|15.35|  44.519|  36.448| 1541.527|  -6.9|   0.3| 1637.0| 0.000|   0.0|  45.915|  42.754|189.58|   0.0|    0.0|    0.0|F2              |
|  0|10.00|54125.5|  1|30.00|30.62|  45.796|  42.423|  871.244|  -7.4|   0.5| 1048.2| 0.000|   0.0|  46.530|  46.224|227.39|   0.0|    0.0|    0.0|F2              |
|  0|10.00|54125.5|  1| 6.60|11.23|  43.760|  32.479| 1984.891|  -6.2|   0.3| 2066.6| 0.000|   0.0|  45.487|  39.914|171.88|   0.0|    0.0|    0.0|F2              |
|  0|10.00|54137.5|  1|28.80|29.56|  45.576|  42.214|  896.714|  -8.2|   0.5| 1066.4| 0.000|   0.0|  46.419|  46.078|224.92|   0.0|    0.0|    0.0|F2              |
+---+-----+-------+---+-----+-----+--------+--------+---------+------+------+-------+------+------+--------+--------+------+------+-------+-------+----------------+
+---+-----+-------+---+-----+-----+--------+--------+---------+------+------+-------+------+------+--------+--------+------+------+-------+-------+----------------+
|0-x| fr  |  time |hop| d0  | d1  |   fi   |  teta  |   dist  |  at  |  dev |   p   |  df  |  l   |   fot  |   tot  |  rot | lsp  |   pf  |    s  |                |
+---+-----+-------+---+-----+-----+--------+--------+---------+------+------+-------+------+------+--------+--------+------+------+-------+-------+----------------+
|  0|10.00|54137.5|  1| 9.00|13.06|  44.307|  34.455| 1762.583|  -6.2|   0.3| 1850.0| 0.000|   0.0|  45.789|  41.397|180.88|   0.0|    0.0|    0.0|F2              |
|  0|10.00|54149.3|  1|28.20|29.05|  45.398|  42.114|  909.937|  -8.9|   0.5| 1076.1| 0.000|   0.0|  46.352|  46.102|223.99|   0.0|    0.0|    0.0|F2              |
|  0|10.00|54149.3|  1|12.00|15.36|  44.560|  36.447| 1541.184|  -6.8|   0.3| 1636.7| 0.000|   0.0|  45.934|  42.753|189.77|   0.0|    0.0|    0.0|F2              |
|  0|10.00|54160.0|  1|28.80|29.57|  45.576|  42.213|  896.849|  -8.2|   0.5| 1066.6| 0.000|   0.0|  46.419|  46.078|225.03|   0.0|    0.0|    0.0|F2              |
|  0|10.00|54160.0|  1|12.60|15.80|  44.880|  36.755| 1504.295|  -6.1|   0.4| 1601.6| 0.000|   0.0|  46.062|  42.811|191.11|   0.0|    0.0|    0.0|F2              |
|  0|10.00|54172.9|  1|28.80|29.57|  45.596|  42.209|  896.987|  -8.1|   0.5| 1066.7| 0.000|   0.0|  46.429|  46.077|225.11|   0.0|    0.0|    0.0|F2              |
|  0|10.00|54172.9|  1|10.80|14.43|  44.626|  35.706| 1622.094|  -6.2|   0.3| 1714.1| 0.000|   0.0|  45.931|  42.122|186.33|   0.0|    0.0|    0.0|F2              |
|  0|10.00|54183.7|  1|11.40|14.89|  44.717|  36.074| 1580.695|  -6.2|   0.3| 1674.5| 0.000|   0.0|  46.005|  42.513|188.39|   0.0|    0.0|    0.0|F2              |
|  0|10.00|54183.7|  1|28.80|29.59|  45.452|  42.229|  896.601|  -8.8|   0.5| 1066.4| 0.000|   0.0|  46.351|  46.049|224.86|   0.0|    0.0|    0.0|F2              |
|  0|10.00|54195.6|  1|17.40|19.68|  44.947|  39.015| 1255.041|  -7.5|   0.4| 1369.3| 0.000|   0.0|  46.134|  44.346|202.79|   0.0|    0.0|    0.0|F2              |
|  0|10.00|54206.4|  1|28.20|29.04|  45.544|  42.090|  910.723|  -8.2|   0.5| 1077.0| 0.000|   0.0|  46.390|  45.947|223.63|   0.0|    0.0|    0.0|F2              |
|  0|10.00|54206.4|  1| 9.00|13.10|  44.313|  34.477| 1760.172|  -6.2|   0.3| 1847.7| 0.000|   0.0|  45.791|  41.408|181.27|   0.0|    0.0|    0.0|F2              |
|  0|10.00|54217.2|  1|28.20|29.02|  45.712|  42.067|  911.307|  -7.4|   0.5| 1077.7| 0.000|   0.0|  46.472|  45.938|223.77|   0.0|    0.0|    0.0|F2              |
|  0|10.00|54217.2|  1|13.20|16.32|  44.693|  37.109| 1467.129|  -6.9|   0.3| 1566.5| 0.000|   0.0|  46.003|  43.181|193.22|   0.0|    0.0|    0.0|F2              |
|  0|10.00|54232.3|  1|13.20|16.32|  44.694|  37.110| 1467.018|  -6.9|   0.3| 1566.4| 0.000|   0.0|  45.973|  43.029|192.91|   0.0|    0.0|    0.0|F2              |
|  0|10.00|54232.3|  1|29.40|30.12|  45.626|  42.323|  884.166|  -8.1|   0.5| 1057.7| 0.000|   0.0|  46.430|  46.080|226.13|   0.0|    0.0|    0.0|F2              |
|  0|10.00|54254.7|  1|28.20|29.05|  45.544|  42.088|  911.004|  -8.2|   0.5| 1077.5| 0.000|   0.0|  46.418|  46.075|224.55|   0.0|    0.0|    0.0|F2              |
|  0|10.00|54278.4|  1|28.80|29.60|  45.575|  42.207|  897.522|  -8.2|   0.5| 1067.6| 0.000|   0.0|  46.411|  46.042|225.40|   0.0|    0.0|    0.0|F2              |
|  0|10.00|54278.4|  1| 6.00|10.94|  43.634|  32.059| 2032.166|  -6.2|   0.3| 2112.5| 0.000|   0.0|  45.438|  39.688|170.75|   0.0|    0.0|    0.0|F2              |
|  0|10.00|54294.6|  1| 8.40|12.67|  44.200|  34.058| 1807.320|  -6.2|   0.3| 1893.2| 0.000|   0.0|  45.737|  41.141|179.71|   0.0|    0.0|    0.0|F2              |
+---+-----+-------+---+-----+-----+--------+--------+---------+------+------+-------+------+------+--------+--------+------+------+-------+-------+----------------+
+---+-----+-------+---+-----+-----+--------+--------+---------+------+------+-------+------+------+--------+--------+------+------+-------+-------+----------------+
|0-x| fr  |  time |hop| d0  | d1  |   fi   |  teta  |   dist  |  at  |  dev |   p   |  df  |  l   |   fot  |   tot  |  rot | lsp  |   pf  |    s  |                |
+---+-----+-------+---+-----+-----+--------+--------+---------+------+------+-------+------+------+--------+--------+------+------+-------+-------+----------------+
|  0|10.00|54308.6|  1| 6.00|11.00|  43.292|  32.120| 2028.790|  -6.8|   0.3| 2109.2| 0.000|   0.0|  45.243|  39.599|170.70|   0.0|    0.0|    0.0|F2              |
|  0|10.00|54321.6|  1|16.20|18.73|  45.046|  38.506| 1309.991|  -6.8|   0.4| 1419.9| 0.000|   0.0|  46.180|  44.057|200.86|   0.0|    0.0|    0.0|F2              |
|  0|10.00|54321.6|  1|28.80|29.66|  45.145|  42.271|  896.387| -10.3|   0.5| 1066.6| 0.000|   0.0|  46.232|  46.183|225.85|   0.0|    0.0|    0.0|F2              |
|  0|10.00|54350.4|  1|30.60|31.19|  45.960|  42.504|  860.604|  -6.6|   0.6| 1042.0| 0.000|   0.0|  46.611|  46.291|229.75|   0.0|    0.0|    0.0|F2              |
|  0|10.00|54350.4|  1|11.40|14.97|  44.721|  36.095| 1578.345|  -6.2|   0.3| 1672.4| 0.000|   0.0|  46.005|  42.514|189.26|   0.0|    0.0|    0.0|F2              |
|  0|10.00|54369.9|  1|12.60|15.89|  44.884|  36.773| 1502.222|  -6.1|   0.4| 1599.9| 0.000|   0.0|  46.086|  42.945|192.55|   0.0|    0.0|    0.0|F2              |
|  0|10.00|54382.8|  1|31.20|31.80|  45.557|  42.666|  847.431|  -8.8|   0.6| 1032.8| 0.000|   0.0|  46.416|  46.361|230.86|   0.0|    0.0|    0.0|F2              |
|  0|10.00|54382.8|  1|11.40|15.00|  44.475|  36.128| 1577.116|  -6.8|   0.3| 1671.2| 0.000|   0.0|  45.878|  42.484|189.30|   0.0|    0.0|    0.0|F2              |
|  0|10.00|54414.1|  1| 8.40|12.74|  44.210|  34.097| 1802.850|  -6.2|   0.3| 1888.9| 0.000|   0.0|  45.736|  41.132|180.39|   0.0|    0.0|    0.0|F2              |
|  0|10.00|54414.1|  1|28.20|29.13|  45.250|  42.124|  910.918|  -9.6|   0.5| 1077.9| 0.000|   0.0|  46.265|  46.039|225.05|   0.0|    0.0|    0.0|F2              |
|  0|10.00|54437.8|  1| 6.60|11.47|  43.426|  32.720| 1961.626|  -6.9|   0.3| 2043.3| 0.000|   0.0|  45.338|  40.134|174.00|   0.0|    0.0|    0.0|F2              |
|  0|10.00|54437.8|  1|27.60|28.60|  45.212|  41.999|  925.085|  -9.6|   0.5| 1088.6| 0.000|   0.0|  46.240|  45.944|223.88|   0.0|    0.0|    0.0|F2              |
|  0|10.00|54450.8|  1|28.20|29.10|  45.564|  42.075|  912.100|  -8.1|   0.5| 1079.2| 0.000|   0.0|  46.424|  46.056|225.48|   0.0|    0.0|    0.0|F2              |
|  0|10.00|54461.5|  1|27.60|28.58|  45.361|  41.975|  925.671|  -8.9|   0.5| 1089.3| 0.000|   0.0|  46.312|  45.934|224.07|   0.0|    0.0|    0.0|F2              |
|  0|10.00|54484.7|  1|25.20|26.44|  45.388|  41.408|  987.367|  -8.1|   0.5| 1137.9| 0.000|   0.0|  46.319|  45.589|219.41|   0.0|    0.0|    0.0|F2              |
|  0|10.00|54498.7|  1|28.20|29.15|  45.250|  42.120|  911.313|  -9.6|   0.5| 1078.5| 0.000|   0.0|  46.265|  46.039|225.47|   0.0|    0.0|    0.0|F2              |
|  0|10.00|54509.4|  1|10.20|14.16|  44.236|  35.418| 1657.498|  -6.9|   0.3| 1748.4| 0.000|   0.0|  45.735|  41.903|186.29|   0.0|    0.0|    0.0|F2              |
|  0|10.00|54509.4|  1|25.20|26.43|  45.527|  41.389|  987.926|  -7.5|   0.5| 1138.5| 0.000|   0.0|  46.387|  45.586|219.64|   0.0|    0.0|    0.0|F2              |
|  0|10.00|54534.8|  1|27.00|28.07|  45.323|  41.843|  940.543|  -8.9|   0.5| 1101.0| 0.000|   0.0|  46.297|  45.876|223.34|   0.0|    0.0|    0.0|F2              |
|  0|10.00|54546.6|  1|10.20|14.18|  44.282|  35.420| 1656.780|  -6.8|   0.3| 1747.7| 0.000|   0.0|  45.788|  42.055|186.80|   0.0|    0.0|    0.0|F2              |
+---+-----+-------+---+-----+-----+--------+--------+---------+------+------+-------+------+------+--------+--------+------+------+-------+-------+----------------+
+---+-----+-------+---+-----+-----+--------+--------+---------+------+------+-------+------+------+--------+--------+------+------+-------+-------+----------------+
|0-x| fr  |  time |hop| d0  | d1  |   fi   |  teta  |   dist  |  at  |  dev |   p   |  df  |  l   |   fot  |   tot  |  rot | lsp  |   pf  |    s  |                |
+---+-----+-------+---+-----+-----+--------+--------+---------+------+------+-------+------+------+--------+--------+------+------+-------+-------+----------------+
|  0|10.00|54557.4|  1|28.20|29.14|  45.417|  42.092|  912.122|  -8.8|   0.5| 1079.5| 0.000|   0.0|  46.342|  46.015|225.78|   0.0|    0.0|    0.0|F2              |
|  0|10.00|54568.1|  1|23.40|24.87|  45.438|  40.927| 1039.595|  -7.5|   0.4| 1181.2| 0.000|   0.0|  46.345|  45.331|216.48|   0.0|    0.0|    0.0|F2              |
|  0|10.00|54568.1|  1|25.20|26.46|  45.388|  41.405|  987.753|  -8.1|   0.5| 1138.5| 0.000|   0.0|  46.344|  45.707|220.31|   0.0|    0.0|    0.0|F2              |
|  0|10.00|54578.8|  1| 6.00|11.20|  43.291|  32.308| 2008.210|  -6.9|   0.3| 2088.6| 0.000|   0.0|  45.232|  39.679|172.53|   0.0|    0.0|    0.0|F2              |
|  0|10.00|54578.8|  1|28.80|29.69|  45.431|  42.215|  898.512|  -8.9|   0.5| 1069.5| 0.000|   0.0|  46.360|  46.133|227.18|   0.0|    0.0|    0.0|F2              |
|  0|10.00|54610.6|  1|28.80|29.69|  45.451|  42.210|  898.713|  -8.8|   0.5| 1069.8| 0.000|   0.0|  46.370|  46.132|227.35|   0.0|    0.0|    0.0|F2              |
|  0|10.00|54610.6|  1|10.80|14.63|  44.641|  35.772| 1614.700|  -6.2|   0.3| 1707.4| 0.000|   0.0|  45.962|  42.289|188.96|   0.0|    0.0|    0.0|F2              |
|  0|10.00|54633.2|  1|10.20|14.25|  43.936|  35.479| 1654.028|  -7.6|   0.3| 1745.1| 0.000|   0.0|  45.605|  42.011|187.09|   0.0|    0.0|    0.0|F2              |
|  0|10.00|54633.2|  1|28.20|29.14|  45.564|  42.068|  912.931|  -8.1|   0.5| 1080.5| 0.000|   0.0|  46.425|  46.061|226.37|   0.0|    0.0|    0.0|F2              |
|  0|10.00|54644.1|  1|31.20|31.80|  45.984|  42.599|  849.936|  -6.6|   0.6| 1036.1| 0.000|   0.0|  46.605|  46.254|231.90|   0.0|    0.0|    0.0|F2              |
|  0|10.00|54644.1|  1| 6.00|11.20|  43.703|  32.305| 2004.541|  -6.2|   0.3| 2084.9| 0.000|   0.0|  45.439|  39.693|173.14|   0.0|    0.0|    0.0|F2              |
|  0|10.00|54666.8|  1|12.60|15.99|  45.161|  36.767| 1500.496|  -5.4|   0.4| 1598.7| 0.000|   0.0|  46.195|  42.802|193.83|   0.0|    0.0|    0.0|F2              |
|  0|10.00|54677.5|  1|12.00|15.56|  44.813|  36.474| 1535.829|  -6.2|   0.3| 1632.2| 0.000|   0.0|  46.046|  42.734|192.59|   0.0|    0.0|    0.0|F2              |
|  0|10.00|54689.3|  1|16.20|18.86|  45.047|  38.509| 1309.645|  -6.8|   0.4| 1420.4| 0.000|   0.0|  46.174|  44.024|202.73|   0.0|    0.0|    0.0|F2              |
|  0|10.00|54700.1|  1|30.59|31.42|  44.848|  42.666|  858.553| -12.4|   0.5| 1040.9| 0.000|   0.0|  46.051|  46.276|230.45|   0.0|    0.0|    0.0|F2              |
|  0|10.00|54700.1|  1|12.00|15.57|  44.813|  36.476| 1535.585|  -6.2|   0.3| 1632.0| 0.000|   0.0|  46.046|  42.734|192.71|   0.0|    0.0|    0.0|F2              |
|  0|10.00|54710.8|  1|12.60|16.03|  44.890|  36.800| 1499.166|  -6.2|   0.3| 1597.5| 0.000|   0.0|  46.088|  42.956|194.34|   0.0|    0.0|    0.0|F2              |
|  0|10.00|54722.6|  1|29.40|30.22|  45.769|  42.283|  886.906|  -7.3|   0.6| 1061.9| 0.000|   0.0|  46.498|  46.060|228.56|   0.0|    0.0|    0.0|F2              |
|  0|10.00|54722.6|  1|12.60|16.04|  44.891|  36.801| 1499.053|  -6.2|   0.3| 1597.4| 0.000|   0.0|  46.088|  42.956|194.40|   0.0|    0.0|    0.0|F2              |
|  0|10.00|54736.7|  1|13.80|16.99|  44.779|  37.439| 1429.998|  -6.8|   0.4| 1532.3| 0.000|   0.0|  46.043|  43.378|197.39|   0.0|    0.0|    0.0|F2              |
+---+-----+-------+---+-----+-----+--------+--------+---------+------+------+-------+------+------+--------+--------+------+------+-------+-------+----------------+
+---+-----+-------+---+-----+-----+--------+--------+---------+------+------+-------+------+------+--------+--------+------+------+-------+-------+----------------+
|0-x| fr  |  time |hop| d0  | d1  |   fi   |  teta  |   dist  |  at  |  dev |   p   |  df  |  l   |   fot  |   tot  |  rot | lsp  |   pf  |    s  |                |
+---+-----+-------+---+-----+-----+--------+--------+---------+------+------+-------+------+------+--------+--------+------+------+-------+-------+----------------+
|  0|10.00|54747.5|  1|15.60|18.40|  44.985|  38.257| 1337.899|  -6.8|   0.4| 1446.6| 0.000|   0.0|  46.143|  43.872|201.68|   0.0|    0.0|    0.0|F2              |
|  0|10.00|54760.5|  1|11.40|15.18|  44.446|  36.178| 1571.907|  -6.9|   0.3| 1666.6| 0.000|   0.0|  45.863|  42.508|191.31|   0.0|    0.0|    0.0|F2              |
|  0|10.00|54771.3|  1|11.40|15.18|  44.446|  36.179| 1571.770|  -6.9|   0.3| 1666.5| 0.000|   0.0|  45.863|  42.508|191.36|   0.0|    0.0|    0.0|F2              |
|  0|10.00|54783.1|  1|12.00|15.61|  44.815|  36.484| 1534.723|  -6.2|   0.3| 1631.3| 0.000|   0.0|  46.040|  42.699|193.10|   0.0|    0.0|    0.0|F2              |
|  0|10.00|54793.9|  1|12.00|15.64|  44.537|  36.518| 1533.674|  -6.9|   0.3| 1630.3| 0.000|   0.0|  45.906|  42.711|193.06|   0.0|    0.0|    0.0|F2              |
|  0|10.00|54804.6|  1|12.00|15.64|  44.577|  36.514| 1533.707|  -6.8|   0.3| 1630.3| 0.000|   0.0|  45.930|  42.735|193.17|   0.0|    0.0|    0.0|F2              |
|  0|10.00|54816.6|  1|11.40|15.20|  44.447|  36.184| 1571.185|  -6.9|   0.3| 1666.0| 0.000|   0.0|  45.871|  42.549|191.63|   0.0|    0.0|    0.0|F2              |
|  0|10.00|54827.3|  1|12.00|15.65|  44.578|  36.516| 1533.470|  -6.8|   0.3| 1630.1| 0.000|   0.0|  45.930|  42.735|193.29|   0.0|    0.0|    0.0|F2              |
|  0|10.00|54840.3|  1|12.60|16.14|  44.355|  36.877| 1496.248|  -7.6|   0.3| 1594.9| 0.000|   0.0|  45.830|  42.982|194.84|   0.0|    0.0|    0.0|F2              |
|  0|10.00|54852.1|  1|11.40|15.22|  44.448|  36.188| 1570.731|  -6.9|   0.3| 1665.6| 0.000|   0.0|  45.871|  42.550|191.82|   0.0|    0.0|    0.0|F2              |
|  0|10.00|54863.9|  1|11.40|15.22|  44.449|  36.190| 1570.574|  -6.9|   0.3| 1665.5| 0.000|   0.0|  45.871|  42.550|191.89|   0.0|    0.0|    0.0|F2              |
|  0|10.00|54875.9|  1|12.00|15.68|  44.539|  36.525| 1532.806|  -6.9|   0.3| 1629.6| 0.000|   0.0|  45.915|  42.758|193.56|   0.0|    0.0|    0.0|F2              |
+==============================================================================+
|   Medium characteristics Sunspot number=  79.2 IG=  79.2   GMT time:15:14    |
|------------------------------------------------------------------------------|
|   S   | fh |  I  |   D  | fd |  hd | fe |  he | ff1 | hf1 | ff2 | hf2 |   Hi |
|-------+----+-----+------+----+-----+----+-----+-----+-----+-----+-----+------|
|    0.0|1.21| 50.6|   2.5|0.18| 82.6|1.61|110.0| 0.00|  0.0| 8.81|281.0|  85.8|
+==============================================================================+

+==================================+
|       Es-layer parametres        |
|----------------------------------|
|   S   | hEs | fbEs | f0Es | P Es |
|-------+-----+------+------+------|
|    0.0|118.5| 2.61 | 3.05 | 72.6 |
+==================================+

|  0|10.00|54900.2|  1|12.60|16.14|  44.625|  36.847| 1496.623|  -6.9|   0.3| 1595.3| 0.000|   0.0|  45.959|  42.969|195.25|   0.0|    0.0|    0.0|F2              |
|  0|10.00|54914.2|  1|10.80|14.80|  44.355|  35.847| 1609.229|  -6.9|   0.3| 1702.4| 0.000|   0.0|  45.821|  42.314|190.49|   0.0|    0.0|    0.0|F2              |
|  0|10.00|54930.3|  1|12.00|15.70|  44.540|  36.529| 1532.438|  -6.9|   0.3| 1629.3| 0.000|   0.0|  45.915|  42.758|193.85|   0.0|    0.0|    0.0|F2              |
|  0|10.00|54941.0|  1|12.00|15.68|  44.817|  36.496| 1533.372|  -6.2|   0.3| 1630.3| 0.000|   0.0|  46.041|  42.705|193.96|   0.0|    0.0|    0.0|F2              |
|  0|10.00|54952.9|  1|13.80|17.05|  45.035|  37.416| 1430.009|  -6.1|   0.4| 1532.8| 0.000|   0.0|  46.156|  43.322|198.60|   0.0|    0.0|    0.0|F2              |
|  0|10.00|54965.9|  1|11.40|15.35|  43.559|  36.320| 1566.843|  -9.1|   0.3| 1662.0| 0.000|   0.0|  45.440|  42.598|192.15|   0.0|    0.0|    0.0|F2              |
|  0|10.00|54984.3|  1|13.20|16.61|  44.929|  37.127| 1462.875|  -6.2|   0.4| 1563.7| 0.000|   0.0|  46.103|  43.134|197.28|   0.0|    0.0|    0.0|F2              |
|  0|10.00|54997.3|  1|12.00|15.73|  44.580|  36.526| 1532.283|  -6.8|   0.3| 1629.3| 0.000|   0.0|  45.934|  42.756|194.22|   0.0|    0.0|    0.0|F2              |
+---+-----+-------+---+-----+-----+--------+--------+---------+------+------+-------+------+------+--------+--------+------+------+-------+-------+----------------+
+---+-----+-------+---+-----+-----+--------+--------+---------+------+------+-------+------+------+--------+--------+------+------+-------+-------+----------------+
|0-x| fr  |  time |hop| d0  | d1  |   fi   |  teta  |   dist  |  at  |  dev |   p   |  df  |  l   |   fot  |   tot  |  rot | lsp  |   pf  |    s  |                |
+---+-----+-------+---+-----+-----+--------+--------+---------+------+------+-------+------+------+--------+--------+------+------+-------+-------+----------------+
|  0|10.00|55008.0|  1|11.40|15.28|  44.451|  36.200| 1569.439|  -6.9|   0.3| 1664.6| 0.000|   0.0|  45.864|  42.515|192.64|   0.0|    0.0|    0.0|F2              |
|  0|10.00|55022.8|  1|11.40|15.32|  44.166|  36.238| 1568.342|  -7.6|   0.3| 1663.6| 0.000|   0.0|  45.729|  42.544|192.64|   0.0|    0.0|    0.0|F2              |
|  0|10.00|55033.6|  1|11.40|15.27|  44.737|  36.167| 1570.301|  -6.2|   0.3| 1665.5| 0.000|   0.0|  46.003|  42.507|192.88|   0.0|    0.0|    0.0|F2              |
|  0|10.00|55047.7|  1|12.00|15.72|  44.818|  36.499| 1532.967|  -6.2|   0.3| 1630.1| 0.000|   0.0|  46.048|  42.746|194.58|   0.0|    0.0|    0.0|F2              |
|  0|10.00|55063.8|  1|10.20|14.42|  44.300|  35.493| 1648.607|  -6.8|   0.3| 1740.3| 0.000|   0.0|  45.777|  42.007|189.54|   0.0|    0.0|    0.0|F2              |
|  0|10.00|55076.8|  1|12.00|15.73|  44.818|  36.500| 1532.856|  -6.2|   0.3| 1630.0| 0.000|   0.0|  46.048|  42.746|194.74|   0.0|    0.0|    0.0|F2              |
|  0|10.00|55087.6|  1|12.60|16.19|  44.894|  36.819| 1497.127|  -6.2|   0.3| 1596.2| 0.000|   0.0|  46.090|  42.968|196.36|   0.0|    0.0|    0.0|F2              |
|  0|10.00|55100.1|  1|12.60|16.17|  45.164|  36.788| 1498.119|  -5.4|   0.4| 1597.2| 0.000|   0.0|  46.219|  42.957|196.52|   0.0|    0.0|    0.0|F2              |
|  0|10.00|55113.0|  1|12.00|15.75|  44.818|  36.502| 1532.729|  -6.2|   0.3| 1630.0| 0.000|   0.0|  46.046|  42.736|194.93|   0.0|    0.0|    0.0|F2              |
|  0|10.00|55128.2|  1|10.80|14.89|  44.357|  35.863| 1607.411|  -6.9|   0.3| 1701.0| 0.000|   0.0|  45.789|  42.161|191.32|   0.0|    0.0|    0.0|F2              |
|  0|10.00|55140.1|  1| 9.60|13.99|  44.467|  35.096| 1690.655|  -6.2|   0.3| 1780.8| 0.000|   0.0|  45.861|  41.772|188.33|   0.0|    0.0|    0.0|F2              |
|  0|10.00|55140.1|  1|10.80|14.90|  44.357|  35.864| 1607.317|  -6.9|   0.3| 1701.0| 0.000|   0.0|  45.822|  42.320|191.73|   0.0|    0.0|    0.0|F2              |
|  0|10.00|55152.0|  1| 9.60|14.03|  44.152|  35.135| 1689.380|  -6.9|   0.3| 1779.6| 0.000|   0.0|  45.707|  41.786|188.29|   0.0|    0.0|    0.0|F2              |
|  0|10.00|55163.8|  1|10.80|14.91|  44.358|  35.866| 1607.115|  -6.9|   0.3| 1700.8| 0.000|   0.0|  45.789|  42.161|191.52|   0.0|    0.0|    0.0|F2              |
|  0|10.00|55174.6|  1|10.80|14.91|  44.358|  35.866| 1607.031|  -6.9|   0.3| 1700.8| 0.000|   0.0|  45.789|  42.162|191.58|   0.0|    0.0|    0.0|F2              |
|  0|10.00|55188.7|  1|12.00|15.81|  44.541|  36.538| 1531.375|  -6.9|   0.3| 1628.8| 0.000|   0.0|  45.916|  42.764|195.26|   0.0|    0.0|    0.0|F2              |
|  0|10.00|55203.8|  1|12.00|15.76|  45.096|  36.473| 1533.417|  -5.5|   0.3| 1630.9| 0.000|   0.0|  46.177|  42.705|195.51|   0.0|    0.0|    0.0|F2              |
|  0|10.00|55220.2|  1|12.60|16.24|  44.893|  36.821| 1496.827|  -6.2|   0.3| 1596.3| 0.000|   0.0|  46.078|  42.907|197.03|   0.0|    0.0|    0.0|F2              |
|  0|10.00|55230.9|  1|11.40|15.38|  44.452|  36.212| 1568.113|  -6.9|   0.3| 1663.8| 0.000|   0.0|  45.865|  42.521|193.87|   0.0|    0.0|    0.0|F2              |
|  0|10.00|55243.9|  1|10.80|14.94|  44.359|  35.871| 1606.478|  -6.9|   0.3| 1700.4| 0.000|   0.0|  45.789|  42.162|191.96|   0.0|    0.0|    0.0|F2              |
+---+-----+-------+---+-----+-----+--------+--------+---------+------+------+-------+------+------+--------+--------+------+------+-------+-------+----------------+
+---+-----+-------+---+-----+-----+--------+--------+---------+------+------+-------+------+------+--------+--------+------+------+-------+-------+----------------+
|0-x| fr  |  time |hop| d0  | d1  |   fi   |  teta  |   dist  |  at  |  dev |   p   |  df  |  l   |   fot  |   tot  |  rot | lsp  |   pf  |    s  |                |
+---+-----+-------+---+-----+-----+--------+--------+---------+------+------+-------+------+------+--------+--------+------+------+-------+-------+----------------+
|  0|10.00|55254.9|  1| 8.40|13.24|  43.924|  34.356| 1777.222|  -6.9|   0.3| 1864.4| 0.000|   0.0|  45.580|  41.204|185.13|   0.0|    0.0|    0.0|F2              |
|  0|10.00|55266.7|  1|10.80|14.95|  44.359|  35.873| 1606.268|  -6.9|   0.3| 1700.2| 0.000|   0.0|  45.815|  42.285|192.41|   0.0|    0.0|    0.0|F2              |
|  0|10.00|55279.6|  1| 9.60|14.20|  42.867|  35.334| 1683.642|  -9.8|   0.3| 1774.2| 0.000|   0.0|  45.075|  41.861|188.59|   0.0|    0.0|    0.0|F2              |
|  0|10.00|55290.3|  1|10.20|14.50|  44.565|  35.483| 1647.215|  -6.2|   0.3| 1739.4| 0.000|   0.0|  45.910|  42.027|190.93|   0.0|    0.0|    0.0|F2              |
|  0|10.00|55304.3|  1| 9.60|14.07|  44.471|  35.114| 1688.639|  -6.2|   0.3| 1779.1| 0.000|   0.0|  45.857|  41.752|189.23|   0.0|    0.0|    0.0|F2              |
|  0|10.00|55316.2|  1|10.80|14.97|  44.359|  35.877| 1605.875|  -6.9|   0.3| 1699.9| 0.000|   0.0|  45.814|  42.285|192.69|   0.0|    0.0|    0.0|F2              |
|  0|10.00|55329.2|  1|10.80|14.95|  44.654|  35.841| 1606.890|  -6.2|   0.3| 1700.9| 0.000|   0.0|  45.959|  42.277|192.87|   0.0|    0.0|    0.0|F2              |
|  0|10.00|55341.0|  1| 9.00|13.72|  43.722|  34.816| 1729.059|  -7.6|   0.3| 1817.9| 0.000|   0.0|  45.498|  41.570|187.44|   0.0|    0.0|    0.0|F2              |
|  0|10.00|55354.1|  1|10.80|15.02|  44.066|  35.918| 1604.532|  -7.6|   0.3| 1698.7| 0.000|   0.0|  45.673|  42.305|192.80|   0.0|    0.0|    0.0|F2              |
|  0|10.00|55369.3|  1|12.00|15.88|  44.541|  36.545| 1530.629|  -6.9|   0.3| 1628.5| 0.000|   0.0|  45.912|  42.749|196.25|   0.0|    0.0|    0.0|F2              |
|  0|10.00|55380.0|  1| 7.80|12.86|  44.153|  33.919| 1822.951|  -6.2|   0.3| 1908.7| 0.000|   0.0|  45.691|  40.920|184.02|   0.0|    0.0|    0.0|F2              |
|  0|10.00|55391.9|  1| 9.60|14.14|  44.158|  35.162| 1686.425|  -6.9|   0.3| 1777.1| 0.000|   0.0|  45.709|  41.798|189.65|   0.0|    0.0|    0.0|F2              |
|  0|10.00|55403.7|  1|10.20|14.55|  44.566|  35.492| 1646.107|  -6.2|   0.3| 1738.5| 0.000|   0.0|  45.910|  42.028|191.57|   0.0|    0.0|    0.0|F2              |
|  0|10.00|55415.7|  1| 9.60|14.13|  44.473|  35.126| 1687.321|  -6.2|   0.3| 1778.0| 0.000|   0.0|  45.863|  41.784|189.89|   0.0|    0.0|    0.0|F2              |
|  0|10.00|55426.5|  1|11.40|15.49|  44.169|  36.260| 1565.877|  -7.6|   0.3| 1662.0| 0.000|   0.0|  45.727|  42.541|194.87|   0.0|    0.0|    0.0|F2              |
|  0|10.00|55438.3|  1|11.40|15.50|  44.169|  36.261| 1565.808|  -7.6|   0.3| 1662.0| 0.000|   0.0|  45.727|  42.541|194.94|   0.0|    0.0|    0.0|F2              |
|  0|10.00|55451.2|  1|10.80|15.04|  44.361|  35.886| 1604.838|  -6.9|   0.3| 1699.2| 0.000|   0.0|  45.808|  42.255|193.41|   0.0|    0.0|    0.0|F2              |
|  0|10.00|55464.2|  1|11.40|15.48|  44.495|  36.220| 1566.853|  -6.8|   0.3| 1663.0| 0.000|   0.0|  45.886|  42.530|195.20|   0.0|    0.0|    0.0|F2              |
|  0|10.00|55476.2|  1|12.00|15.90|  44.819|  36.515| 1531.224|  -6.2|   0.3| 1629.3| 0.000|   0.0|  46.040|  42.707|196.93|   0.0|    0.0|    0.0|F2              |
|  0|10.00|55486.9|  1|14.40|17.74|  44.849|  37.722| 1398.145|  -6.8|   0.4| 1504.4| 0.000|   0.0|  46.068|  43.504|202.88|   0.0|    0.0|    0.0|F2              |
+---+-----+-------+---+-----+-----+--------+--------+---------+------+------+-------+------+------+--------+--------+------+------+-------+-------+----------------+
+---+-----+-------+---+-----+-----+--------+--------+---------+------+------+-------+------+------+--------+--------+------+------+-------+-------+----------------+
|0-x| fr  |  time |hop| d0  | d1  |   fi   |  teta  |   dist  |  at  |  dev |   p   |  df  |  l   |   fot  |   tot  |  rot | lsp  |   pf  |    s  |                |
+---+-----+-------+---+-----+-----+--------+--------+---------+------+------+-------+------+------+--------+--------+------+------+-------+-------+----------------+
|  0|10.00|55497.6|  1|10.80|15.08|  44.068|  35.928| 1603.411|  -7.6|   0.3| 1697.9| 0.000|   0.0|  45.664|  42.270|193.57|   0.0|    0.0|    0.0|F2              |
|  0|10.00|55511.6|  1|13.80|17.18|  45.836|  37.331| 1433.436|  -3.9|   0.4| 1537.6| 0.000|   0.0|  46.535|  43.260|201.96|   0.0|    0.0|    0.0|F2              |
|  0|10.00|55511.6|  1|17.40|20.19|  44.266|  39.083| 1256.356|  -9.7|   0.4| 1373.9| 0.000|   0.0|  45.797|  44.324|209.43|   0.0|    0.0|    0.0|F2              |
|  0|10.00|55522.4|  1| 9.60|14.21|  44.161|  35.176| 1684.856|  -6.9|   0.3| 1775.8| 0.000|   0.0|  45.710|  41.804|190.40|   0.0|    0.0|    0.0|F2              |
|  0|10.00|55535.5|  1|12.60|16.43|  44.357|  36.897| 1493.961|  -7.6|   0.3| 1594.2| 0.000|   0.0|  45.821|  42.949|198.63|   0.0|    0.0|    0.0|F2              |
|  0|10.00|55547.3|  1| 9.60|14.19|  44.475|  35.140| 1685.748|  -6.2|   0.3| 1776.7| 0.000|   0.0|  45.859|  41.764|190.63|   0.0|    0.0|    0.0|F2              |
|  0|10.00|55547.3|  1|11.40|15.52|  44.455|  36.229| 1566.254|  -6.9|   0.3| 1662.6| 0.000|   0.0|  45.866|  42.532|195.66|   0.0|    0.0|    0.0|F2              |
|  0|10.00|55558.1|  1|11.40|15.52|  44.455|  36.229| 1566.188|  -6.9|   0.3| 1662.6| 0.000|   0.0|  45.866|  42.532|195.72|   0.0|    0.0|    0.0|F2              |
|  0|10.00|55573.2|  1|10.20|14.66|  44.265|  35.545| 1643.264|  -6.9|   0.3| 1736.1| 0.000|   0.0|  45.764|  42.052|192.45|   0.0|    0.0|    0.0|F2              |
|  0|10.00|55585.0|  1|10.80|15.10|  44.363|  35.895| 1603.796|  -6.9|   0.3| 1698.4| 0.000|   0.0|  45.808|  42.256|194.17|   0.0|    0.0|    0.0|F2              |
|  0|10.00|55596.9|  1|10.80|15.10|  44.363|  35.896| 1603.675|  -6.9|   0.3| 1698.3| 0.000|   0.0|  45.808|  42.256|194.24|   0.0|    0.0|    0.0|F2              |
|  0|10.00|55609.8|  1|12.00|15.99|  44.542|  36.554| 1529.577|  -6.9|   0.3| 1628.0| 0.000|   0.0|  45.907|  42.725|197.59|   0.0|    0.0|    0.0|F2              |
|  0|10.00|55620.6|  1|10.80|15.06|  44.953|  35.828| 1605.827|  -5.5|   0.3| 1700.5| 0.000|   0.0|  46.102|  42.272|194.64|   0.0|    0.0|    0.0|F2              |
|  0|10.00|55632.5|  1|10.80|15.12|  44.363|  35.899| 1603.374|  -6.9|   0.3| 1698.1| 0.000|   0.0|  45.810|  42.266|194.46|   0.0|    0.0|    0.0|F2              |
|  0|10.00|55643.2|  1|12.00|15.98|  44.819|  36.522| 1530.492|  -6.2|   0.3| 1629.0| 0.000|   0.0|  46.041|  42.713|197.89|   0.0|    0.0|    0.0|F2              |
|  0|10.00|55656.2|  1| 7.80|13.14|  42.736|  34.165| 1812.224|  -9.1|   0.3| 1898.6| 0.000|   0.0|  44.991|  41.029|185.20|   0.0|    0.0|    0.0|F2              |
|  0|10.00|55670.2|  1|10.20|14.71|  44.267|  35.554| 1642.283|  -6.9|   0.3| 1735.3| 0.000|   0.0|  45.764|  42.053|193.01|   0.0|    0.0|    0.0|F2              |
|  0|10.00|55684.2|  1|12.60|16.38|  45.474|  36.769| 1497.944|  -4.6|   0.4| 1598.5| 0.000|   0.0|  46.360|  42.908|199.90|   0.0|    0.0|    0.0|F2              |
|  0|10.00|55696.1|  1|10.20|14.69|  44.571|  35.518| 1643.230|  -6.2|   0.3| 1736.3| 0.000|   0.0|  45.912|  42.039|193.27|   0.0|    0.0|    0.0|F2              |
|  0|10.00|55710.1|  1| 6.00|11.83|  44.193|  32.658| 1961.416|  -5.5|   0.3| 2042.9| 0.000|   0.0|  45.684|  39.937|180.01|   0.0|    0.0|    0.0|F2              |
+---+-----+-------+---+-----+-----+--------+--------+---------+------+------+-------+------+------+--------+--------+------+------+-------+-------+----------------+
+---+-----+-------+---+-----+-----+--------+--------+---------+------+------+-------+------+------+--------+--------+------+------+-------+-------+----------------+
|0-x| fr  |  time |hop| d0  | d1  |   fi   |  teta  |   dist  |  at  |  dev |   p   |  df  |  l   |   fot  |   tot  |  rot | lsp  |   pf  |    s  |                |
+---+-----+-------+---+-----+-----+--------+--------+---------+------+------+-------+------+------+--------+--------+------+------+-------+-------+----------------+
|  0|10.00|55710.1|  1|14.40|17.83|  44.848|  37.722| 1398.198|  -6.9|   0.3| 1505.0| 0.000|   0.0|  46.065|  43.490|204.14|   0.0|    0.0|    0.0|F2              |
|  0|10.00|55710.1|  1|10.80|15.13|  44.659|  35.868| 1603.932|  -6.2|   0.3| 1698.8| 0.000|   0.0|  45.960|  42.289|195.05|   0.0|    0.0|    0.0|F2              |
|  0|10.00|55723.1|  1|11.40|15.60|  44.456|  36.239| 1565.113|  -6.9|   0.3| 1661.9| 0.000|   0.0|  45.860|  42.503|196.64|   0.0|    0.0|    0.0|F2              |
|  0|10.00|55736.2|  1|10.80|15.17|  44.365|  35.907| 1602.531|  -6.9|   0.3| 1697.5| 0.000|   0.0|  45.817|  42.303|195.10|   0.0|    0.0|    0.0|F2              |
|  0|10.00|55747.0|  1|12.60|16.47|  44.894|  36.835| 1495.356|  -6.2|   0.3| 1596.1| 0.000|   0.0|  46.082|  42.930|200.04|   0.0|    0.0|    0.0|F2              |
|  0|10.00|55757.7|  1|13.80|17.37|  45.031|  37.417| 1429.993|  -6.2|   0.3| 1534.8| 0.000|   0.0|  46.149|  43.294|203.07|   0.0|    0.0|    0.0|F2              |
|  0|10.00|55771.7|  1|11.40|15.62|  44.457|  36.241| 1564.825|  -6.9|   0.3| 1661.7| 0.000|   0.0|  45.863|  42.518|196.94|   0.0|    0.0|    0.0|F2              |
|  0|10.00|55785.8|  1|10.20|14.77|  44.269|  35.564| 1641.129|  -6.9|   0.3| 1734.4| 0.000|   0.0|  45.762|  42.043|193.68|   0.0|    0.0|    0.0|F2              |
|  0|10.00|55797.6|  1| 9.60|14.32|  44.480|  35.166| 1682.768|  -6.2|   0.3| 1774.3| 0.000|   0.0|  45.858|  41.765|192.09|   0.0|    0.0|    0.0|F2              |
+==============================================================================+
|   Medium characteristics Sunspot number=  79.2 IG=  79.2   GMT time:15:29    |
|------------------------------------------------------------------------------|
|   S   | fh |  I  |   D  | fd |  hd | fe |  he | ff1 | hf1 | ff2 | hf2 |   Hi |
|-------+----+-----+------+----+-----+----+-----+-----+-----+-----+-----+------|
|    0.0|1.21| 50.6|   2.5|0.18| 82.9|1.34|110.0| 0.00|  0.0| 8.84|284.2|  89.0|
+==============================================================================+

+==================================+
|       Es-layer parametres        |
|----------------------------------|
|   S   | hEs | fbEs | f0Es | P Es |
|-------+-----+------+------+------|
|    0.0|118.3| 2.56 | 3.03 | 72.2 |
+==================================+

|  0|10.00|55820.2|  1|10.20|14.78|  44.269|  35.565| 1641.008|  -6.9|   0.3| 1734.4| 0.000|   0.0|  45.765|  42.059|193.88|   0.0|    0.0|    0.0|F2              |
|  0|10.00|55833.1|  1|12.00|16.03|  45.097|  36.494| 1531.098|  -5.5|   0.3| 1630.1| 0.000|   0.0|  46.176|  42.708|199.09|   0.0|    0.0|    0.0|F2              |
|  0|10.00|55843.8|  1|11.40|15.65|  44.456|  36.242| 1564.806|  -6.9|   0.3| 1661.9| 0.000|   0.0|  45.860|  42.503|197.33|   0.0|    0.0|    0.0|F2              |
|  0|10.00|55843.8|  1|14.40|17.86|  45.093|  37.687| 1399.596|  -6.1|   0.4| 1506.8| 0.000|   0.0|  46.180|  43.459|204.98|   0.0|    0.0|    0.0|F2              |
|  0|10.00|55858.0|  1|11.40|15.65|  44.497|  36.236| 1565.013|  -6.8|   0.3| 1662.2| 0.000|   0.0|  45.884|  42.522|197.44|   0.0|    0.0|    0.0|F2              |
|  0|10.00|55871.0|  1|28.20|29.39|  46.150|  41.915|  923.982|  -5.2|   0.6| 1096.1| 0.000|   0.0|  46.680|  45.857|232.74|   0.0|    0.0|    0.0|F2              |
|  0|10.00|55871.0|  1| 7.80|13.15|  43.824|  34.047| 1812.175|  -6.9|   0.3| 1898.8| 0.000|   0.0|  45.494|  40.825|186.53|   0.0|    0.0|    0.0|F2              |
|  0|10.00|55887.2|  1|11.40|15.67|  44.455|  36.240| 1565.003|  -6.9|   0.3| 1662.2| 0.000|   0.0|  45.864|  42.524|197.59|   0.0|    0.0|    0.0|F2              |
|  0|10.00|55903.4|  1| 6.00|12.05|  42.991|  32.845| 1952.685|  -7.7|   0.3| 2034.6| 0.000|   0.0|  45.082|  40.015|180.75|   0.0|    0.0|    0.0|F2              |
|  0|10.00|55914.2|  1|13.20|16.98|  44.962|  37.125| 1462.792|  -6.2|   0.3| 1566.0| 0.000|   0.0|  46.114|  43.105|202.48|   0.0|    0.0|    0.0|F2              |
|  0|10.00|55927.2|  1| 9.60|14.37|  44.479|  35.167| 1682.724|  -6.2|   0.3| 1774.6| 0.000|   0.0|  45.854|  41.745|192.79|   0.0|    0.0|    0.0|F2              |
+---+-----+-------+---+-----+-----+--------+--------+---------+------+------+-------+------+------+--------+--------+------+------+-------+-------+----------------+
+---+-----+-------+---+-----+-----+--------+--------+---------+------+------+-------+------+------+--------+--------+------+------+-------+-------+----------------+
|0-x| fr  |  time |hop| d0  | d1  |   fi   |  teta  |   dist  |  at  |  dev |   p   |  df  |  l   |   fot  |   tot  |  rot | lsp  |   pf  |    s  |                |
+---+-----+-------+---+-----+-----+--------+--------+---------+------+------+-------+------+------+--------+--------+------+------+-------+-------+----------------+
|  0|10.00|55937.9|  1| 9.00|13.96|  44.382|  34.795| 1724.571|  -6.2|   0.3| 1814.7| 0.000|   0.0|  45.804|  41.491|191.05|   0.0|    0.0|    0.0|F2              |
|  0|10.00|55950.8|  1|10.80|15.23|  44.657|  35.870| 1603.692|  -6.2|   0.3| 1699.2| 0.000|   0.0|  45.955|  42.265|196.40|   0.0|    0.0|    0.0|F2              |
|  0|10.00|55964.9|  1|10.80|15.26|  44.363|  35.907| 1602.526|  -6.9|   0.3| 1698.1| 0.000|   0.0|  45.809|  42.268|196.36|   0.0|    0.0|    0.0|F2              |
|  0|10.00|55975.6|  1|13.20|17.00|  44.960|  37.121| 1463.261|  -6.2|   0.3| 1566.6| 0.000|   0.0|  46.114|  43.105|202.83|   0.0|    0.0|    0.0|F2              |
|  0|10.00|55990.8|  1|13.20|17.03|  44.698|  37.152| 1462.324|  -6.9|   0.3| 1565.7| 0.000|   0.0|  45.988|  43.117|202.82|   0.0|    0.0|    0.0|F2              |
|  0|10.00|56002.6|  1|11.40|15.71|  44.453|  36.236| 1565.516|  -6.9|   0.3| 1663.0| 0.000|   0.0|  45.853|  42.473|198.19|   0.0|    0.0|    0.0|F2              |
|  0|10.00|56014.4|  1|15.60|18.83|  45.206|  38.188| 1343.426|  -6.1|   0.4| 1455.5| 0.000|   0.0|  46.236|  43.768|208.70|   0.0|    0.0|    0.0|F2              |
|  0|10.00|56014.4|  1| 9.60|14.47|  43.853|  35.249| 1680.108|  -7.6|   0.3| 1772.2| 0.000|   0.0|  45.546|  41.775|193.06|   0.0|    0.0|    0.0|F2              |
|  0|10.00|56014.4|  1|12.60|16.59|  44.620|  36.858| 1495.460|  -6.9|   0.3| 1596.9| 0.000|   0.0|  45.944|  42.907|201.43|   0.0|    0.0|    0.0|F2              |
|  0|10.00|56026.1|  1|12.00|16.13|  44.815|  36.517| 1531.046|  -6.2|   0.3| 1630.6| 0.000|   0.0|  46.042|  42.724|200.07|   0.0|    0.0|    0.0|F2              |
|  0|10.00|56039.0|  1|11.40|15.69|  44.737|  36.198| 1566.848|  -6.2|   0.3| 1664.5| 0.000|   0.0|  45.992|  42.460|198.50|   0.0|    0.0|    0.0|F2              |
|  0|10.00|56050.8|  1|12.60|16.60|  44.619|  36.856| 1495.684|  -6.9|   0.3| 1597.2| 0.000|   0.0|  45.944|  42.907|201.64|   0.0|    0.0|    0.0|F2              |
|  0|10.00|56063.6|  1|12.00|16.17|  44.537|  36.550| 1530.097|  -6.9|   0.3| 1629.7| 0.000|   0.0|  45.908|  42.737|200.18|   0.0|    0.0|    0.0|F2              |
|  0|10.00|56086.3|  1|12.60|16.59|  44.888|  36.820| 1497.028|  -6.2|   0.3| 1598.7| 0.000|   0.0|  46.075|  42.900|201.95|   0.0|    0.0|    0.0|F2              |
|  0|10.00|56097.1|  1|12.00|16.18|  44.537|  36.549| 1530.256|  -6.9|   0.3| 1630.0| 0.000|   0.0|  45.900|  42.696|200.34|   0.0|    0.0|    0.0|F2              |
|  0|10.00|56108.9|  1|10.80|15.32|  44.360|  35.904| 1602.901|  -6.9|   0.3| 1698.8| 0.000|   0.0|  45.810|  42.273|197.18|   0.0|    0.0|    0.0|F2              |
|  0|10.00|56122.9|  1|14.40|17.92|  45.334|  37.634| 1403.396|  -5.4|   0.4| 1511.4| 0.000|   0.0|  46.298|  43.448|206.67|   0.0|    0.0|    0.0|F2              |
|  0|10.00|56133.7|  1|12.60|16.61|  44.887|  36.817| 1497.334|  -6.2|   0.3| 1599.1| 0.000|   0.0|  46.075|  42.901|202.22|   0.0|    0.0|    0.0|F2              |
|  0|10.00|56144.4|  1|13.20|17.05|  44.956|  37.109| 1464.570|  -6.2|   0.3| 1568.4| 0.000|   0.0|  46.106|  43.063|203.75|   0.0|    0.0|    0.0|F2              |
|  0|10.00|56155.3|  1|13.80|17.53|  44.767|  37.422| 1432.012|  -6.9|   0.3| 1538.0| 0.000|   0.0|  46.019|  43.274|205.20|   0.0|    0.0|    0.0|F2              |
+---+-----+-------+---+-----+-----+--------+--------+---------+------+------+-------+------+------+--------+--------+------+------+-------+-------+----------------+
+---+-----+-------+---+-----+-----+--------+--------+---------+------+------+-------+------+------+--------+--------+------+------+-------+-------+----------------+
|0-x| fr  |  time |hop| d0  | d1  |   fi   |  teta  |   dist  |  at  |  dev |   p   |  df  |  l   |   fot  |   tot  |  rot | lsp  |   pf  |    s  |                |
+---+-----+-------+---+-----+-----+--------+--------+---------+------+------+-------+------+------+--------+--------+------+------+-------+-------+----------------+
|  0|10.00|56180.7|  1|11.40|15.75|  44.735|  36.194| 1567.363|  -6.2|   0.3| 1665.4| 0.000|   0.0|  45.999|  42.502|199.35|   0.0|    0.0|    0.0|F2              |
|  0|10.00|56180.7|  1| 9.00|14.09|  44.056|  34.841| 1722.621|  -6.9|   0.3| 1813.3| 0.000|   0.0|  45.639|  41.486|192.30|   0.0|    0.0|    0.0|F2              |
|  0|10.00|56191.5|  1|20.40|22.78|  45.385|  39.924| 1150.484|  -6.8|   0.4| 1283.2| 0.000|   0.0|  46.333|  44.843|219.92|   0.0|    0.0|    0.0|F2              |
|  0|10.00|56191.5|  1|18.00|20.79|  45.406|  39.096| 1241.542|  -6.1|   0.4| 1363.8| 0.000|   0.0|  46.340|  44.350|215.02|   0.0|    0.0|    0.0|F2              |
|  0|10.00|56203.3|  1|11.40|15.76|  44.734|  36.193| 1567.455|  -6.2|   0.3| 1665.5| 0.000|   0.0|  45.999|  42.502|199.48|   0.0|    0.0|    0.0|F2              |
|  0|10.00|56216.3|  1|15.00|18.48|  44.661|  37.980| 1371.803|  -7.6|   0.3| 1482.3| 0.000|   0.0|  45.972|  43.621|208.29|   0.0|    0.0|    0.0|F2              |
|  0|10.00|56229.9|  1|13.20|17.10|  44.691|  37.136| 1464.211|  -6.9|   0.3| 1568.3| 0.000|   0.0|  45.980|  43.083|204.15|   0.0|    0.0|    0.0|F2              |
|  0|10.00|56243.9|  1|12.60|16.62|  45.154|  36.778| 1499.387|  -5.5|   0.3| 1601.5| 0.000|   0.0|  46.199|  42.851|202.91|   0.0|    0.0|    0.0|F2              |
|  0|10.00|56254.7|  1|13.80|17.56|  44.764|  37.414| 1432.837|  -6.9|   0.3| 1539.1| 0.000|   0.0|  46.022|  43.287|205.79|   0.0|    0.0|    0.0|F2              |
|  0|10.00|56266.5|  1|10.80|15.35|  44.652|  35.863| 1604.549|  -6.2|   0.3| 1700.9| 0.000|   0.0|  45.946|  42.225|198.17|   0.0|    0.0|    0.0|F2              |
|  0|10.00|56277.3|  1|12.60|16.65|  44.883|  36.808| 1498.410|  -6.2|   0.3| 1600.6| 0.000|   0.0|  46.068|  42.862|203.00|   0.0|    0.0|    0.0|F2              |
|  0|10.00|56288.1|  1|13.20|17.13|  44.690|  37.132| 1464.643|  -6.9|   0.3| 1568.9| 0.000|   0.0|  45.980|  43.082|204.49|   0.0|    0.0|    0.0|F2              |
|  0|10.00|56301.0|  1|12.60|16.69|  44.613|  36.841| 1497.363|  -6.9|   0.3| 1599.6| 0.000|   0.0|  45.937|  42.875|203.04|   0.0|    0.0|    0.0|F2              |
|  0|10.00|56332.9|  1|11.40|15.84|  44.446|  36.225| 1566.719|  -6.9|   0.3| 1665.1| 0.000|   0.0|  45.854|  42.484|200.11|   0.0|    0.0|    0.0|F2              |
|  0|10.00|56343.6|  1|12.00|16.30|  44.216|  36.582| 1530.111|  -7.7|   0.3| 1630.5| 0.000|   0.0|  45.747|  42.718|201.66|   0.0|    0.0|    0.0|F2              |
|  0|10.00|56355.6|  1|12.60|16.68|  44.881|  36.803| 1498.973|  -6.2|   0.3| 1601.4| 0.000|   0.0|  46.076|  42.911|203.50|   0.0|    0.0|    0.0|F2              |
|  0|10.00|56366.3|  1|12.60|16.71|  44.611|  36.837| 1497.813|  -6.9|   0.3| 1600.3| 0.000|   0.0|  45.946|  42.923|203.46|   0.0|    0.0|    0.0|F2              |
|  0|10.00|56377.1|  1|15.60|18.95|  45.196|  38.157| 1346.971|  -6.1|   0.4| 1460.2| 0.000|   0.0|  46.229|  43.735|210.80|   0.0|    0.0|    0.0|F2              |
|  0|10.00|56392.1|  1|13.80|17.61|  44.761|  37.405| 1433.840|  -6.9|   0.3| 1540.5| 0.000|   0.0|  46.014|  43.250|206.56|   0.0|    0.0|    0.0|F2              |
|  0|10.00|56405.2|  1|15.60|18.96|  45.196|  38.155| 1347.169|  -6.1|   0.4| 1460.5| 0.000|   0.0|  46.231|  43.750|210.99|   0.0|    0.0|    0.0|F2              |
+---+-----+-------+---+-----+-----+--------+--------+---------+------+------+-------+------+------+--------+--------+------+------+-------+-------+----------------+
+---+-----+-------+---+-----+-----+--------+--------+---------+------+------+-------+------+------+--------+--------+------+------+-------+-------+----------------+
|0-x| fr  |  time |hop| d0  | d1  |   fi   |  teta  |   dist  |  at  |  dev |   p   |  df  |  l   |   fot  |   tot  |  rot | lsp  |   pf  |    s  |                |
+---+-----+-------+---+-----+-----+--------+--------+---------+------+------+-------+------+------+--------+--------+------+------+-------+-------+----------------+
|  0|10.00|56426.7|  1|10.80|15.42|  44.649|  35.860| 1604.902|  -6.2|   0.3| 1701.7| 0.000|   0.0|  45.939|  42.189|199.05|   0.0|    0.0|    0.0|F2              |
|  0|10.00|56441.8|  1|10.80|15.43|  44.649|  35.860| 1604.927|  -6.2|   0.3| 1701.7| 0.000|   0.0|  45.939|  42.190|199.15|   0.0|    0.0|    0.0|F2              |
|  0|10.00|56453.6|  1| 7.80|13.40|  44.173|  34.041| 1809.338|  -6.2|   0.3| 1897.3| 0.000|   0.0|  45.691|  40.936|190.30|   0.0|    0.0|    0.0|F2              |
|  0|10.00|56465.6|  1|10.80|15.44|  44.649|  35.859| 1604.959|  -6.2|   0.3| 1701.8| 0.000|   0.0|  45.948|  42.236|199.36|   0.0|    0.0|    0.0|F2              |
|  0|10.00|56477.5|  1|12.00|16.32|  44.528|  36.531| 1532.275|  -6.9|   0.3| 1633.0| 0.000|   0.0|  45.900|  42.705|202.56|   0.0|    0.0|    0.0|F2              |
|  0|10.00|56491.4|  1| 7.80|13.45|  43.828|  34.089| 1807.455|  -6.9|   0.3| 1895.5| 0.000|   0.0|  45.519|  40.952|190.40|   0.0|    0.0|    0.0|F2              |
|  0|10.00|56503.3|  1|14.40|18.10|  44.828|  37.667| 1404.377|  -6.9|   0.3| 1513.5| 0.000|   0.0|  46.051|  43.431|208.68|   0.0|    0.0|    0.0|F2              |
|  0|10.00|56518.1|  1|15.00|18.52|  45.379|  37.866| 1377.417|  -5.4|   0.4| 1488.9| 0.000|   0.0|  46.315|  43.555|210.36|   0.0|    0.0|    0.0|F2              |
|  0|10.00|56545.0|  1|28.80|30.15|  45.864|  42.006|  916.474|  -6.6|   0.6| 1095.3| 0.000|   0.0|  46.538|  45.903|237.88|   0.0|    0.0|    0.0|F2              |
|  0|10.00|56545.0|  1|12.00|16.32|  44.844|  36.487| 1534.056|  -6.1|   0.3| 1635.0| 0.000|   0.0|  46.040|  42.617|202.99|   0.0|    0.0|    0.0|F2              |
|  0|10.00|56555.8|  1|11.40|15.87|  45.014|  36.145| 1570.317|  -5.5|   0.3| 1669.4| 0.000|   0.0|  46.125|  42.421|201.61|   0.0|    0.0|    0.0|F2              |
|  0|10.00|56567.6|  1|14.40|18.13|  44.862|  37.659| 1404.948|  -6.8|   0.3| 1514.3| 0.000|   0.0|  46.068|  43.429|209.09|   0.0|    0.0|    0.0|F2              |
|  0|10.00|56578.3|  1|15.60|19.05|  44.956|  38.172| 1347.624|  -6.9|   0.3| 1461.5| 0.000|   0.0|  46.114|  43.744|211.93|   0.0|    0.0|    0.0|F2              |
|  0|10.00|56589.1|  1|13.80|17.68|  44.756|  37.393| 1435.207|  -6.9|   0.3| 1542.5| 0.000|   0.0|  46.007|  43.218|207.70|   0.0|    0.0|    0.0|F2              |
|  0|10.00|56601.0|  1|17.40|20.49|  44.912|  38.899| 1268.233|  -7.5|   0.4| 1389.4| 0.000|   0.0|  46.099|  44.204|216.00|   0.0|    0.0|    0.0|F2              |
|  0|10.00|56611.7|  1|29.40|30.73|  45.744|  42.139|  903.049|  -7.3|   0.6| 1085.9| 0.000|   0.0|  46.497|  46.071|239.82|   0.0|    0.0|    0.0|F2              |
|  0|10.00|56611.7|  1|13.80|17.70|  44.756|  37.393| 1435.290|  -6.9|   0.3| 1542.6| 0.000|   0.0|  46.014|  43.253|207.89|   0.0|    0.0|    0.0|F2              |
|  0|10.00|56623.5|  1|13.20|17.25|  44.682|  37.113| 1466.745|  -6.9|   0.3| 1572.0| 0.000|   0.0|  45.972|  43.048|206.45|   0.0|    0.0|    0.0|F2              |
|  0|10.00|56636.6|  1| 7.80|13.53|  43.829|  34.098| 1806.466|  -6.9|   0.3| 1894.9| 0.000|   0.0|  45.521|  40.963|191.29|   0.0|    0.0|    0.0|F2              |
|  0|10.00|56636.6|  1|30.00|31.25|  45.916|  42.234|  890.828|  -6.6|   0.6| 1077.6| 0.000|   0.0|  46.565|  46.048|240.87|   0.0|    0.0|    0.0|F2              |
+---+-----+-------+---+-----+-----+--------+--------+---------+------+------+-------+------+------+--------+--------+------+------+-------+-------+----------------+
+---+-----+-------+---+-----+-----+--------+--------+---------+------+------+-------+------+------+--------+--------+------+------+-------+-------+----------------+
|0-x| fr  |  time |hop| d0  | d1  |   fi   |  teta  |   dist  |  at  |  dev |   p   |  df  |  l   |   fot  |   tot  |  rot | lsp  |   pf  |    s  |                |
+---+-----+-------+---+-----+-----+--------+--------+---------+------+------+-------+------+------+--------+--------+------+------+-------+-------+----------------+
|  0|10.00|56647.4|  1|10.20|15.13|  44.258|  35.561| 1641.589|  -6.9|   0.3| 1737.1| 0.000|   0.0|  45.751|  42.006|198.63|   0.0|    0.0|    0.0|F2              |
|  0|10.00|56659.2|  1|13.20|17.26|  44.719|  37.107| 1467.068|  -6.8|   0.3| 1572.4| 0.000|   0.0|  45.990|  43.046|206.69|   0.0|    0.0|    0.0|F2              |
|  0|10.00|56670.0|  1|14.40|18.17|  44.824|  37.658| 1405.484|  -6.9|   0.3| 1515.2| 0.000|   0.0|  46.052|  43.440|209.70|   0.0|    0.0|    0.0|F2              |
|  0|10.00|56670.0|  1|28.80|30.21|  45.714|  42.016|  916.936|  -7.3|   0.6| 1096.3| 0.000|   0.0|  46.464|  45.906|238.56|   0.0|    0.0|    0.0|F2              |
|  0|10.00|56681.8|  1|27.60|29.13|  45.806|  41.746|  945.689|  -6.7|   0.5| 1117.9| 0.000|   0.0|  46.508|  45.744|236.32|   0.0|    0.0|    0.0|F2              |
|  0|10.00|56694.8|  1| 9.60|14.74|  44.159|  35.215| 1680.563|  -6.9|   0.3| 1774.4| 0.000|   0.0|  45.687|  41.711|197.11|   0.0|    0.0|    0.0|F2              |
|  0|10.00|56707.9|  1|29.40|30.74|  45.889|  42.113|  904.416|  -6.6|   0.6| 1087.7| 0.000|   0.0|  46.548|  45.956|239.96|   0.0|    0.0|    0.0|F2              |
|  0|10.00|56707.9|  1|12.00|16.39|  44.801|  36.486| 1534.548|  -6.2|   0.3| 1636.0| 0.000|   0.0|  46.028|  42.658|204.02|   0.0|    0.0|    0.0|F2              |
|  0|10.00|56719.8|  1|25.20|27.02|  45.871|  41.172| 1008.306|  -5.9|   0.5| 1167.1| 0.000|   0.0|  46.562|  45.555|232.67|   0.0|    0.0|    0.0|F2              |
|  0|10.00|56732.7|  1| 9.60|14.76|  44.159|  35.216| 1680.466|  -6.9|   0.3| 1774.4| 0.000|   0.0|  45.687|  41.711|197.35|   0.0|    0.0|    0.0|F2              |
|  0|10.00|56732.7|  1|30.00|31.28|  45.915|  42.227|  891.576|  -6.6|   0.6| 1078.7| 0.000|   0.0|  46.578|  46.119|241.78|   0.0|    0.0|    0.0|F2              |
|  0|10.00|56745.4|  1|26.40|28.10|  45.745|  41.475|  976.066|  -6.7|   0.5| 1141.6| 0.000|   0.0|  46.477|  45.582|234.34|   0.0|    0.0|    0.0|F2              |
|  0|10.00|56756.2|  1|15.60|19.10|  45.188|  38.130| 1349.950|  -6.2|   0.3| 1464.5| 0.000|   0.0|  46.224|  43.713|213.10|   0.0|    0.0|    0.0|F2              |
|  0|10.00|56756.2|  1|25.20|27.03|  45.847|  41.173| 1008.499|  -6.0|   0.5| 1167.4| 0.000|   0.0|  46.551|  45.556|232.89|   0.0|    0.0|    0.0|F2              |
|  0|10.00|56768.0|  1|10.20|15.16|  44.560|  35.522| 1642.910|  -6.2|   0.3| 1738.8| 0.000|   0.0|  45.901|  41.997|199.49|   0.0|    0.0|    0.0|F2              |
|  0|10.00|56768.0|  1|29.41|30.78|  45.743|  42.130|  904.064|  -7.3|   0.6| 1087.6| 0.000|   0.0|  46.476|  45.964|240.27|   0.0|    0.0|    0.0|F2              |
|  0|10.00|56779.9|  1| 9.60|14.76|  44.471|  35.176| 1681.834|  -6.2|   0.3| 1775.9| 0.000|   0.0|  45.842|  41.697|197.76|   0.0|    0.0|    0.0|F2              |
|  0|10.00|56779.9|  1|28.80|30.23|  45.862|  41.989|  918.388|  -6.6|   0.6| 1098.2| 0.000|   0.0|  46.550|  45.971|239.74|   0.0|    0.0|    0.0|F2              |
|  0|10.00|56792.8|  1|10.20|15.20|  44.214|  35.568| 1641.274|  -7.0|   0.3| 1737.2| 0.000|   0.0|  45.722|  41.972|199.47|   0.0|    0.0|    0.0|F2              |
|  0|10.00|56792.8|  1|31.20|32.37|  45.965|  42.445|  867.115|  -6.6|   0.6| 1062.4| 0.000|   0.0|  46.583|  46.138|243.91|   0.0|    0.0|    0.0|F2              |
+---+-----+-------+---+-----+-----+--------+--------+---------+------+------+-------+------+------+--------+--------+------+------+-------+-------+----------------+
+---+-----+-------+---+-----+-----+--------+--------+---------+------+------+-------+------+------+--------+--------+------+------+-------+-------+----------------+
|0-x| fr  |  time |hop| d0  | d1  |   fi   |  teta  |   dist  |  at  |  dev |   p   |  df  |  l   |   fot  |   tot  |  rot | lsp  |   pf  |    s  |                |
+---+-----+-------+---+-----+-----+--------+--------+---------+------+------+-------+------+------+--------+--------+------+------+-------+-------+----------------+
|  0|10.00|56805.9|  1|10.80|15.61|  44.349|  35.890| 1604.505|  -6.9|   0.3| 1702.3| 0.000|   0.0|  45.798|  42.227|201.26|   0.0|    0.0|    0.0|F2              |
|  0|10.00|56805.9|  1|30.00|31.30|  45.915|  42.222|  892.105|  -6.6|   0.6| 1079.6| 0.000|   0.0|  46.562|  46.029|241.82|   0.0|    0.0|    0.0|F2              |
|  0|10.00|56816.6|  1|10.20|15.18|  44.559|  35.520| 1643.161|  -6.2|   0.3| 1739.1| 0.000|   0.0|  45.901|  41.999|199.77|   0.0|    0.0|    0.0|F2              |
|  0|10.00|56816.6|  1|30.00|31.33|  45.770|  42.240|  891.592|  -7.3|   0.6| 1079.1| 0.000|   0.0|  46.491|  46.037|241.79|   0.0|    0.0|    0.0|F2              |
|  0|10.00|56829.6|  1|27.60|29.20|  45.650|  41.756|  946.218|  -7.4|   0.5| 1119.0| 0.000|   0.0|  46.453|  45.861|237.73|   0.0|    0.0|    0.0|F2              |
|  0|10.00|56841.3|  1|28.21|29.74|  45.682|  41.883|  931.824|  -7.3|   0.6| 1108.3| 0.000|   0.0|  46.445|  45.812|238.32|   0.0|    0.0|    0.0|F2              |
|  0|10.00|56852.0|  1|31.20|32.41|  45.825|  42.459|  866.909|  -7.3|   0.6| 1062.4| 0.000|   0.0|  46.534|  46.251|244.71|   0.0|    0.0|    0.0|F2              |
|  0|10.00|56852.0|  1|12.60|16.88|  44.871|  36.781| 1501.464|  -6.2|   0.3| 1605.3| 0.000|   0.0|  46.061|  42.835|206.44|   0.0|    0.0|    0.0|F2              |
|  0|10.00|56863.9|  1|27.00|28.66|  45.774|  41.602|  961.826|  -6.7|   0.5| 1131.3| 0.000|   0.0|  46.515|  45.793|236.89|   0.0|    0.0|    0.0|F2              |
|  0|10.00|56874.6|  1|27.01|28.67|  45.775|  41.604|  961.648|  -6.7|   0.5| 1131.2| 0.000|   0.0|  46.515|  45.794|236.98|   0.0|    0.0|    0.0|F2              |
|  0|10.00|56885.4|  1|28.80|30.28|  45.712|  42.001|  918.519|  -7.3|   0.6| 1098.8| 0.000|   0.0|  46.457|  45.869|239.62|   0.0|    0.0|    0.0|F2              |
|  0|10.00|56898.0|  1|28.21|29.76|  45.681|  41.880|  932.218|  -7.3|   0.6| 1108.9| 0.000|   0.0|  46.444|  45.812|238.68|   0.0|    0.0|    0.0|F2              |
|  0|10.00|56909.9|  1|28.79|30.28|  45.711|  41.998|  918.898|  -7.3|   0.6| 1099.2| 0.000|   0.0|  46.456|  45.868|239.76|   0.0|    0.0|    0.0|F2              |
|  0|10.00|56923.8|  1|33.00|34.05|  45.901|  42.763|  832.692|  -7.2|   0.7| 1041.0| 0.000|   0.0|  46.555|  46.344|248.34|   0.0|    0.0|    0.0|F2              |
|  0|10.00|56923.8|  1|16.80|20.10|  45.292|  38.594| 1297.913|  -6.1|   0.4| 1417.7| 0.000|   0.0|  46.275|  43.996|216.83|   0.0|    0.0|    0.0|F2              |
|  0|10.00|56934.5|  1|29.40|30.83|  45.741|  42.118|  905.389|  -7.3|   0.6| 1089.5| 0.000|   0.0|  46.472|  45.945|241.16|   0.0|    0.0|    0.0|F2              |
|  0|10.00|56934.5|  1|14.40|18.25|  45.067|  37.611| 1408.204|  -6.2|   0.3| 1518.8| 0.000|   0.0|  46.157|  43.352|211.35|   0.0|    0.0|    0.0|F2              |
|  0|10.00|56948.6|  1|28.80|30.30|  45.711|  41.998|  918.923|  -7.3|   0.6| 1099.4| 0.000|   0.0|  46.457|  45.869|240.03|   0.0|    0.0|    0.0|F2              |
|  0|10.00|56961.5|  1|27.00|28.69|  45.773|  41.596|  962.522|  -6.7|   0.5| 1132.4| 0.000|   0.0|  46.489|  45.645|236.78|   0.0|    0.0|    0.0|F2              |
|  0|10.00|56973.3|  1|30.59|31.91|  45.797|  42.343|  880.082|  -7.3|   0.6| 1072.0| 0.000|   0.0|  46.502|  46.090|243.84|   0.0|    0.0|    0.0|F2              |
+---+-----+-------+---+-----+-----+--------+--------+---------+------+------+-------+------+------+--------+--------+------+------+-------+-------+----------------+
+---+-----+-------+---+-----+-----+--------+--------+---------+------+------+-------+------+------+--------+--------+------+------+-------+-------+----------------+
|0-x| fr  |  time |hop| d0  | d1  |   fi   |  teta  |   dist  |  at  |  dev |   p   |  df  |  l   |   fot  |   tot  |  rot | lsp  |   pf  |    s  |                |
+---+-----+-------+---+-----+-----+--------+--------+---------+------+------+-------+------+------+--------+--------+------+------+-------+-------+----------------+
|  0|10.00|56987.4|  1|30.00|31.36|  45.913|  42.212|  893.238|  -6.6|   0.6| 1081.4| 0.000|   0.0|  46.574|  46.101|243.29|   0.0|    0.0|    0.0|F2              |
|  0|10.00|56999.3|  1| 9.60|14.90|  44.158|  35.223| 1679.739|  -6.9|   0.3| 1774.4| 0.000|   0.0|  45.689|  41.723|199.03|   0.0|    0.0|    0.0|F2              |
|  0|10.00|56999.3|  1|27.60|29.24|  45.803|  41.725|  948.028|  -6.6|   0.6| 1121.5| 0.000|   0.0|  46.527|  45.853|238.85|   0.0|    0.0|    0.0|F2              |
|  0|10.00|57011.1|  1|25.80|27.68|  45.547|  41.341|  992.987|  -7.4|   0.5| 1156.2| 0.000|   0.0|  46.402|  45.618|235.39|   0.0|    0.0|    0.0|F2              |
|  0|10.00|57011.1|  1|14.40|18.31|  44.817|  37.641| 1407.415|  -6.9|   0.3| 1518.2| 0.000|   0.0|  46.036|  43.363|211.73|   0.0|    0.0|    0.0|F2              |
|  0|10.00|57024.0|  1|12.60|16.99|  44.598|  36.810| 1500.891|  -6.9|   0.3| 1605.3| 0.000|   0.0|  45.922|  42.816|207.35|   0.0|    0.0|    0.0|F2              |
|  0|10.00|57024.0|  1|28.80|30.31|  45.860|  41.974|  919.976|  -6.6|   0.6| 1100.8| 0.000|   0.0|  46.552|  45.989|241.26|   0.0|    0.0|    0.0|F2              |
|  0|10.00|57036.0|  1|28.80|30.33|  45.710|  41.993|  919.422|  -7.3|   0.6| 1100.3| 0.000|   0.0|  46.481|  45.996|241.25|   0.0|    0.0|    0.0|F2              |
|  0|10.00|57036.0|  1|12.60|16.99|  44.636|  36.805| 1501.122|  -6.8|   0.3| 1605.5| 0.000|   0.0|  45.941|  42.814|207.44|   0.0|    0.0|    0.0|F2              |
|  0|10.00|57050.0|  1|28.80|30.32|  45.860|  41.973|  920.126|  -6.6|   0.6| 1101.0| 0.000|   0.0|  46.531|  45.866|240.82|   0.0|    0.0|    0.0|F2              |
|  0|10.00|57050.0|  1| 8.40|14.11|  44.279|  34.458| 1762.517|  -6.2|   0.3| 1853.8| 0.000|   0.0|  45.738|  41.178|195.84|   0.0|    0.0|    0.0|F2              |
|  0|10.00|57060.8|  1|27.00|28.71|  45.931|  41.571|  963.784|  -6.0|   0.5| 1134.0| 0.000|   0.0|  46.585|  45.753|238.15|   0.0|    0.0|    0.0|F2              |
|  0|10.00|57060.8|  1|10.20|15.32|  44.253|  35.560| 1641.771|  -6.9|   0.3| 1738.4| 0.000|   0.0|  45.737|  41.947|201.09|   0.0|    0.0|    0.0|F2              |
|  0|10.00|57072.6|  1|24.60|26.64|  45.643|  41.024| 1026.782|  -6.7|   0.5| 1183.7| 0.000|   0.0|  46.445|  45.424|233.52|   0.0|    0.0|    0.0|F2              |
|  0|10.00|57072.6|  1|27.00|28.75|  45.615|  41.611|  962.539|  -7.4|   0.5| 1132.8| 0.000|   0.0|  46.433|  45.768|238.05|   0.0|    0.0|    0.0|F2              |
|  0|10.00|57072.6|  1|13.80|17.87|  45.003|  37.338| 1438.878|  -6.2|   0.3| 1547.7| 0.000|   0.0|  46.122|  43.164|210.75|   0.0|    0.0|    0.0|F2              |
|  0|10.00|57085.6|  1|13.80|17.87|  45.002|  37.338| 1438.946|  -6.2|   0.3| 1547.8| 0.000|   0.0|  46.122|  43.164|210.83|   0.0|    0.0|    0.0|F2              |
|  0|10.00|57085.6|  1|27.60|29.27|  45.802|  41.720|  948.530|  -6.6|   0.6| 1122.4| 0.000|   0.0|  46.526|  45.853|239.37|   0.0|    0.0|    0.0|F2              |
|  0|10.00|57098.6|  1|28.80|30.31|  46.009|  41.952|  921.024|  -5.9|   0.6| 1102.2| 0.000|   0.0|  46.604|  45.859|241.23|   0.0|    0.0|    0.0|F2              |
|  0|10.00|57109.3|  1|12.60|17.00|  44.867|  36.772| 1502.466|  -6.2|   0.3| 1607.1| 0.000|   0.0|  46.057|  42.819|208.03|   0.0|    0.0|    0.0|F2              |
+---+-----+-------+---+-----+-----+--------+--------+---------+------+------+-------+------+------+--------+--------+------+------+-------+-------+----------------+
+---+-----+-------+---+-----+-----+--------+--------+---------+------+------+-------+------+------+--------+--------+------+------+-------+-------+----------------+
|0-x| fr  |  time |hop| d0  | d1  |   fi   |  teta  |   dist  |  at  |  dev |   p   |  df  |  l   |   fot  |   tot  |  rot | lsp  |   pf  |    s  |                |
+---+-----+-------+---+-----+-----+--------+--------+---------+------+------+-------+------+------+--------+--------+------+------+-------+-------+----------------+
|  0|10.00|57109.3|  1|28.80|30.34|  45.859|  41.970|  920.439|  -6.6|   0.6| 1101.6| 0.000|   0.0|  46.531|  45.866|241.19|   0.0|    0.0|    0.0|F2              |
|  0|10.00|57121.1|  1|12.00|16.65|  43.926|  36.597| 1531.884|  -8.4|   0.3| 1634.5| 0.000|   0.0|  45.587|  42.640|206.15|   0.0|    0.0|    0.0|F2              |
|  0|10.00|57121.1|  1|30.00|31.41|  45.913|  42.206|  893.922|  -6.6|   0.6| 1082.6| 0.000|   0.0|  46.556|  45.998|243.53|   0.0|    0.0|    0.0|F2              |
|  0|10.00|57133.0|  1|24.00|26.15|  45.607|  40.869| 1044.259|  -6.7|   0.5| 1198.2| 0.000|   0.0|  46.431|  45.354|232.78|   0.0|    0.0|    0.0|F2              |
|  0|10.00|57133.0|  1|10.20|15.32|  44.555|  35.518| 1643.416|  -6.2|   0.3| 1740.3| 0.000|   0.0|  45.887|  41.932|201.65|   0.0|    0.0|    0.0|F2              |
|  0|10.00|57147.1|  1|27.00|28.76|  45.772|  41.586|  963.623|  -6.7|   0.5| 1134.2| 0.000|   0.0|  46.508|  45.755|238.58|   0.0|    0.0|    0.0|F2              |
|  0|10.00|57161.0|  1|27.00|28.79|  45.614|  41.606|  963.039|  -7.4|   0.5| 1133.6| 0.000|   0.0|  46.433|  45.767|238.58|   0.0|    0.0|    0.0|F2              |
|  0|10.00|57161.0|  1|12.60|17.02|  44.866|  36.771| 1502.570|  -6.2|   0.3| 1607.4| 0.000|   0.0|  46.062|  42.849|208.38|   0.0|    0.0|    0.0|F2              |
|  0|10.00|57176.2|  1|28.20|29.83|  45.831|  41.843|  934.689|  -6.6|   0.6| 1112.4| 0.000|   0.0|  46.539|  45.917|241.04|   0.0|    0.0|    0.0|F2              |
|  0|10.00|57176.2|  1|12.00|16.60|  44.794|  36.474| 1535.973|  -6.2|   0.3| 1638.8| 0.000|   0.0|  46.013|  42.590|206.85|   0.0|    0.0|    0.0|F2              |
|  0|10.00|57190.2|  1|13.80|17.94|  44.782|  37.363| 1438.241|  -6.8|   0.3| 1547.4| 0.000|   0.0|  46.020|  43.203|211.47|   0.0|    0.0|    0.0|F2              |
|  0|10.00|57202.8|  1| 8.40|14.23|  43.947|  34.513| 1759.762|  -6.9|   0.3| 1851.4| 0.000|   0.0|  45.573|  41.204|196.70|   0.0|    0.0|    0.0|F2              |
|  0|10.00|57202.8|  1|27.00|28.76|  45.930|  41.564|  964.580|  -6.0|   0.5| 1135.4| 0.000|   0.0|  46.584|  45.750|239.01|   0.0|    0.0|    0.0|F2              |
|  0|10.00|57215.8|  1|30.00|31.34|  46.517|  42.137|  896.917|  -3.7|   0.6| 1086.1| 0.000|   0.0|  46.852|  45.972|244.51|   0.0|    0.0|    0.0|F2              |
|  0|10.00|57215.8|  1|13.20|17.49|  44.935|  37.057| 1470.460|  -6.2|   0.3| 1577.6| 0.000|   0.0|  46.089|  42.992|210.21|   0.0|    0.0|    0.0|F2              |
|  0|10.00|57230.9|  1|27.00|28.79|  45.772|  41.582|  964.044|  -6.7|   0.5| 1134.9| 0.000|   0.0|  46.508|  45.757|239.10|   0.0|    0.0|    0.0|F2              |
|  0|10.00|57244.9|  1|14.40|18.37|  45.314|  37.570| 1410.657|  -5.5|   0.3| 1522.2| 0.000|   0.0|  46.278|  43.345|213.46|   0.0|    0.0|    0.0|F2              |
|  0|10.00|57244.9|  1|28.20|29.83|  45.983|  41.822|  935.641|  -5.9|   0.6| 1113.7| 0.000|   0.0|  46.611|  45.908|241.54|   0.0|    0.0|    0.0|F2              |
|  0|10.00|57256.8|  1|18.60|21.67|  45.433|  39.228| 1226.718|  -6.1|   0.4| 1355.3| 0.000|   0.0|  46.343|  44.378|222.80|   0.0|    0.0|    0.0|F2              |
|  0|10.00|57256.8|  1|27.60|29.32|  45.824|  41.710|  949.495|  -6.5|   0.6| 1124.0| 0.000|   0.0|  46.531|  45.817|240.37|   0.0|    0.0|    0.0|F2              |
+---+-----+-------+---+-----+-----+--------+--------+---------+------+------+-------+------+------+--------+--------+------+------+-------+-------+----------------+
+---+-----+-------+---+-----+-----+--------+--------+---------+------+------+-------+------+------+--------+--------+------+------+-------+-------+----------------+
|0-x| fr  |  time |hop| d0  | d1  |   fi   |  teta  |   dist  |  at  |  dev |   p   |  df  |  l   |   fot  |   tot  |  rot | lsp  |   pf  |    s  |                |
+---+-----+-------+---+-----+-----+--------+--------+---------+------+------+-------+------+------+--------+--------+------+------+-------+-------+----------------+
|  0|10.00|57268.6|  1|24.00|26.20|  45.630|  40.859| 1045.145|  -6.6|   0.5| 1199.6| 0.000|   0.0|  46.436|  45.315|233.55|   0.0|    0.0|    0.0|F2              |
|  0|10.00|57268.6|  1| 7.80|13.86|  44.178|  34.095| 1803.436|  -6.2|   0.3| 1893.6| 0.000|   0.0|  45.677|  40.879|195.35|   0.0|    0.0|    0.0|F2              |
|  0|10.00|57279.4|  1|26.40|28.26|  45.901|  41.425|  980.155|  -6.0|   0.5| 1147.8| 0.000|   0.0|  46.567|  45.653|238.31|   0.0|    0.0|    0.0|F2              |
|  0|10.00|57290.2|  1|27.00|28.81|  45.771|  41.580|  964.317|  -6.7|   0.5| 1135.4| 0.000|   0.0|  46.509|  45.759|239.46|   0.0|    0.0|    0.0|F2              |
|  0|10.00|57303.1|  1|10.80|15.82|  44.637|  35.847| 1606.417|  -6.2|   0.3| 1705.6| 0.000|   0.0|  45.934|  42.179|204.44|   0.0|    0.0|    0.0|F2              |
|  0|10.00|57303.1|  1|27.00|28.79|  45.929|  41.560|  965.061|  -5.9|   0.6| 1136.2| 0.000|   0.0|  46.584|  45.752|239.62|   0.0|    0.0|    0.0|F2              |
|  0|10.00|57313.8|  1|27.00|28.78|  46.088|  41.541|  965.766|  -5.2|   0.6| 1137.0| 0.000|   0.0|  46.660|  45.746|239.78|   0.0|    0.0|    0.0|F2              |
|  0|10.00|57326.9|  1|27.00|28.82|  45.771|  41.578|  964.468|  -6.7|   0.5| 1135.7| 0.000|   0.0|  46.508|  45.759|239.68|   0.0|    0.0|    0.0|F2              |
|  0|10.00|57338.6|  1|27.01|28.81|  45.930|  41.561|  964.957|  -5.9|   0.6| 1136.3| 0.000|   0.0|  46.584|  45.753|239.86|   0.0|    0.0|    0.0|F2              |
|  0|10.00|57350.4|  1|16.20|19.86|  44.773|  38.404| 1324.101|  -7.6|   0.3| 1442.9| 0.000|   0.0|  46.014|  43.823|217.91|   0.0|    0.0|    0.0|F2              |
|  0|10.00|57350.4|  1|28.80|30.42|  45.858|  41.961|  921.500|  -6.6|   0.6| 1103.5| 0.000|   0.0|  46.549|  45.974|243.19|   0.0|    0.0|    0.0|F2              |
|  0|10.00|57361.2|  1|13.80|18.00|  45.000|  37.331| 1439.696|  -6.2|   0.3| 1549.4| 0.000|   0.0|  46.122|  43.172|212.64|   0.0|    0.0|    0.0|F2              |
|  0|10.00|57371.9|  1|15.60|19.36|  45.214|  38.098| 1353.239|  -6.1|   0.3| 1469.8| 0.000|   0.0|  46.226|  43.638|216.91|   0.0|    0.0|    0.0|F2              |
|  0|10.00|57384.8|  1|28.80|30.41|  46.009|  41.941|  922.254|  -5.9|   0.6| 1104.4| 0.000|   0.0|  46.621|  45.968|243.48|   0.0|    0.0|    0.0|F2              |
|  0|10.00|57384.8|  1|11.40|16.36|  43.863|  36.288| 1566.475|  -8.3|   0.3| 1667.8| 0.000|   0.0|  45.550|  42.420|206.23|   0.0|    0.0|    0.0|F2              |
|  0|10.00|57397.9|  1|18.00|21.28|  45.170|  39.040| 1249.934|  -6.8|   0.4| 1376.4| 0.000|   0.0|  46.215|  44.255|222.33|   0.0|    0.0|    0.0|F2              |
|  0|10.00|57409.8|  1|10.20|15.52|  43.948|  35.604| 1640.166|  -7.6|   0.3| 1737.7| 0.000|   0.0|  45.588|  41.971|203.17|   0.0|    0.0|    0.0|F2              |
|  0|10.00|57409.8|  1| 8.40|14.34|  43.948|  34.524| 1758.527|  -6.9|   0.3| 1850.8| 0.000|   0.0|  45.565|  41.171|197.99|   0.0|    0.0|    0.0|F2              |
|  0|10.00|57423.8|  1|26.40|28.34|  45.740|  41.440|  980.071|  -6.7|   0.5| 1148.2| 0.000|   0.0|  46.490|  45.659|239.10|   0.0|    0.0|    0.0|F2              |
|  0|10.00|57423.8|  1|13.80|18.09|  44.452|  37.405| 1437.259|  -7.7|   0.3| 1547.1| 0.000|   0.0|  45.855|  43.197|212.80|   0.0|    0.0|    0.0|F2              |
+---+-----+-------+---+-----+-----+--------+--------+---------+------+------+-------+------+------+--------+--------+------+------+-------+-------+----------------+
+---+-----+-------+---+-----+-----+--------+--------+---------+------+------+-------+------+------+--------+--------+------+------+-------+-------+----------------+
|0-x| fr  |  time |hop| d0  | d1  |   fi   |  teta  |   dist  |  at  |  dev |   p   |  df  |  l   |   fot  |   tot  |  rot | lsp  |   pf  |    s  |                |
+---+-----+-------+---+-----+-----+--------+--------+---------+------+------+-------+------+------+--------+--------+------+------+-------+-------+----------------+
|  0|10.00|57436.8|  1|15.60|19.42|  44.942|  38.131| 1352.224|  -6.9|   0.3| 1469.0| 0.000|   0.0|  46.093|  43.649|217.20|   0.0|    0.0|    0.0|F2              |
|  0|10.00|57450.2|  1|29.40|30.98|  45.886|  42.078|  908.268|  -6.6|   0.6| 1094.4| 0.000|   0.0|  46.538|  45.905|244.15|   0.0|    0.0|    0.0|F2              |
|  0|10.00|57450.2|  1|11.40|16.34|  44.471|  36.199| 1569.332|  -6.8|   0.3| 1670.9| 0.000|   0.0|  45.851|  42.387|206.90|   0.0|    0.0|    0.0|F2              |
|  0|10.00|57464.3|  1|10.80|15.90|  44.636|  35.849| 1606.250|  -6.2|   0.3| 1705.9| 0.000|   0.0|  45.927|  42.143|205.42|   0.0|    0.0|    0.0|F2              |
|  0|10.00|57478.4|  1|11.40|16.35|  44.471|  36.199| 1569.349|  -6.8|   0.3| 1671.0| 0.000|   0.0|  45.850|  42.387|207.08|   0.0|    0.0|    0.0|F2              |
|  0|10.00|57492.5|  1|12.60|17.16|  45.136|  36.735| 1504.274|  -5.5|   0.3| 1610.1| 0.000|   0.0|  46.182|  42.769|210.57|   0.0|    0.0|    0.0|F2              |
|  0|10.00|57506.3|  1|16.80|20.34|  45.513|  38.543| 1301.645|  -5.4|   0.4| 1423.5| 0.000|   0.0|  46.372|  43.918|220.56|   0.0|    0.0|    0.0|F2              |
|  0|10.00|57517.0|  1|12.60|17.23|  44.594|  36.805| 1501.545|  -6.9|   0.3| 1607.4| 0.000|   0.0|  45.916|  42.793|210.49|   0.0|    0.0|    0.0|F2              |
|  0|10.00|57528.9|  1|11.40|16.38|  44.430|  36.206| 1569.048|  -6.9|   0.3| 1670.9| 0.000|   0.0|  45.830|  42.388|207.40|   0.0|    0.0|    0.0|F2              |
|  0|10.00|57540.7|  1|17.40|20.91|  44.678|  38.883| 1272.710|  -8.3|   0.3| 1397.0| 0.000|   0.0|  45.973|  44.130|221.72|   0.0|    0.0|    0.0|F2              |
|  0|10.00|57540.7|  1|13.20|17.70|  44.408|  37.126| 1468.315|  -7.6|   0.3| 1576.4| 0.000|   0.0|  45.829|  43.004|212.07|   0.0|    0.0|    0.0|F2              |
|  0|10.00|57554.8|  1| 6.00|13.00|  43.850|  32.941| 1933.233|  -6.3|   0.2| 2019.5| 0.000|   0.0|  45.495|  40.006|191.51|   0.0|    0.0|    0.0|F2              |
|  0|10.00|57565.7|  1|10.80|15.96|  44.636|  35.851| 1605.997|  -6.2|   0.3| 1706.0| 0.000|   0.0|  45.927|  42.148|206.10|   0.0|    0.0|    0.0|F2              |
|  0|10.00|57577.6|  1|10.80|15.96|  44.636|  35.851| 1605.987|  -6.2|   0.3| 1706.0| 0.000|   0.0|  45.927|  42.148|206.17|   0.0|    0.0|    0.0|F2              |
+---+-----+-------+---+-----+-----+--------+--------+---------+------+------+-------+------+------+--------+--------+------+------+-------+-------+----------------+