
delt0=     0.1  eps=   1e-05  ep=   1e-06  ep1=   0.001
Geomagnetic Field - const
fh= 1.34  i=  65.2  d=   6.8
Number TID: 1
Tid Parametres
  delt   lamb     t     b      a     fi
0.000   200.0  20.0 -45.0   45.0   0.000
delta=-0.000  r0= 200.0  lon=  39.000 lat=  55.000
Beta=  20.0  Alfa=   0.0 aX=  20.0 aY= 100.0 aZ=  20.0

lonIon=  40.000 latIon=  47.500 it=11.00 h_tec=450.0  TEC= 1.13000e+17
lonIon=  40.000 latIon=  47.500 it=11.25 h_tec=450.0  TEC= 1.13000e+17
lonIon=  40.000 latIon=  47.500 it=11.50 h_tec=450.0  TEC= 1.13000e+17
lonIon=  40.000 latIon=  47.500 it=11.75 h_tec=450.0  TEC= 1.13000e+17

Number diff. equation: 6

+==============================================================================+
|   Medium characteristics Sunspot number=  31.0 IG=  31.0   GMT time:11:00    |
|------------------------------------------------------------------------------|
|   S   | fh |  I  |   D  | fd |  hd | fe |  he | ff1 | hf1 | ff2 | hf2 |   Hi |
|-------+----+-----+------+----+-----+----+-----+-----+-----+-----+-----+------|
|    0.0|1.21| 50.6|   2.5|0.24| 81.0|3.16|110.0| 4.52|171.0| 8.82|274.5|  37.0|
+==============================================================================+

+==================================+
|       Es-layer parametres        |
|----------------------------------|
|   S   | hEs | fbEs | f0Es | P Es |
|-------+-----+------+------+------|
|    0.0|118.3| 3.56 | 3.70 | 61.9 |
+==================================+

|  0|10.00|39594.0|  1|27.00|27.21|  45.552|  41.741|  948.961|  -7.8|   0.1| 1102.6| 0.000|   0.0|  46.403|  45.651|187.07|   0.0|    0.0|    0.0|F2              |
|  0|10.00|39606.0|  1|26.40|26.62|  45.519|  41.599|  964.883|  -7.8|   0.1| 1115.0| 0.000|   0.0|  46.432|  45.793|186.77|   0.0|    0.0|    0.0|F2              |
|  0|10.00|39616.7|  1|26.40|26.61|  45.678|  41.586|  964.559|  -7.1|   0.1| 1114.6| 0.000|   0.0|  46.506|  45.780|186.76|   0.0|    0.0|    0.0|F2              |
|  0|10.00|39630.6|  1|22.80|22.85|  45.404|  40.301| 1108.888|  -7.0|   0.2| 1242.7| 0.000|   0.0|  46.387|  45.151|175.61|   0.0|    0.0|    0.0|F2              |
|  0|10.00|39644.6|  1|26.40|26.61|  45.680|  41.592|  963.942|  -7.1|   0.1| 1113.8| 0.000|   0.0|  46.513|  45.818|186.85|   0.0|    0.0|    0.0|F2              |
|  0|10.00|39657.5|  1|21.00|20.57|  45.142|  39.056| 1248.505|  -6.9|   0.3| 1379.0| 0.000|   0.0|  46.268|  44.531|164.69|   0.0|    0.0|    0.0|F1              |
|  0|10.00|39672.7|  1|19.20|18.59|  45.673|  39.644| 1178.771|  -5.6|   0.2| 1281.9| 0.000|   0.0|  46.504|  44.775|151.25|   0.0|    0.0|    0.0|F1              |
|  0|10.00|39683.4|  1|27.00|27.21|  45.557|  41.756|  947.280|  -7.8|   0.1| 1100.5| 0.000|   0.0|  46.457|  45.914|188.67|   0.0|    0.0|    0.0|F2              |
|  0|10.00|39697.4|  1|30.00|30.07|  46.263|  42.277|  883.102|  -5.0|   0.1| 1056.1| 0.000|   0.0|  46.776|  46.084|197.33|   0.0|    0.0|    0.0|F2              |
|  0|10.00|39697.4|  1|10.80|10.71|  45.850|  41.674|  953.207|  -6.4|   0.0|  985.8| 0.000|   0.0|  46.616|  45.927| 99.04|   0.0|    0.0|    0.0|E               |
+---+-----+-------+---+-----+-----+--------+--------+---------+------+------+-------+------+------+--------+--------+------+------+-------+-------+----------------+
+---+-----+-------+---+-----+-----+--------+--------+---------+------+------+-------+------+------+--------+--------+------+------+-------+-------+----------------+
|0-x| fr  |  time |hop| d0  | d1  |   fi   |  teta  |   dist  |  at  |  dev |   p   |  df  |  l   |   fot  |   tot  |  rot | lsp  |   pf  |    s  |                |
+---+-----+-------+---+-----+-----+--------+--------+---------+------+------+-------+------+------+--------+--------+------+------+-------+-------+----------------+
|  0|10.00|39708.1|  1|29.40|29.51|  45.812|  42.214|  894.093|  -7.1|   0.1| 1062.8| 0.000|   0.0|  46.562|  46.075|195.65|   0.0|    0.0|    0.0|F2              |
|  0|10.00|39708.1|  1|12.60|12.48|  45.908|  42.079|  907.970|  -6.5|   0.0|  946.1| 0.000|   0.0|  46.625|  46.042|101.64|   0.0|    0.0|    0.0|E               |
|  0|10.00|39718.8|  1|30.00|30.07|  46.120|  42.289|  882.926|  -5.7|   0.1| 1055.8| 0.000|   0.0|  46.706|  46.088|197.33|   0.0|    0.0|    0.0|F2              |
|  0|10.00|39718.8|  1|28.80|28.93|  45.938|  42.096|  905.764|  -6.4|   0.1| 1070.3| 0.000|   0.0|  46.640|  46.113|194.10|   0.0|    0.0|    0.0|F2              |
|  0|10.00|39718.8|  1|17.40|16.88|  45.248|  39.658| 1181.135|  -7.1|   0.1| 1268.9| 0.000|   0.0|  46.288|  44.652|141.35|   0.0|    0.0|    0.0|F1              |
|  0|10.00|39729.6|  1|28.80|28.91|  46.404|  42.066|  905.488|  -4.1|   0.2| 1069.9| 0.000|   0.0|  46.847|  46.004|193.93|   0.0|    0.0|    0.0|F2              |
|  0|10.00|39742.4|  1|27.60|27.78|  45.590|  41.894|  931.673|  -7.8|   0.1| 1088.4| 0.000|   0.0|  46.459|  45.921|190.35|   0.0|    0.0|    0.0|F2              |
|  0|10.00|39742.4|  1|12.60|12.48|  45.907|  42.074|  908.557|  -6.5|   0.0|  946.8| 0.000|   0.0|  46.625|  46.042|101.67|   0.0|    0.0|    0.0|E               |
|  0|10.00|39754.3|  1|30.00|30.07|  45.977|  42.303|  882.628|  -6.4|   0.1| 1055.4| 0.000|   0.0|  46.649|  46.167|197.64|   0.0|    0.0|    0.0|F2              |
|  0|10.00|39765.9|  1|14.40|13.69|  44.977|  37.585| 1411.914|  -6.4|   0.1| 1491.9| 0.000|   0.0|  46.265|  43.981|130.64|   0.0|    0.0|    0.0|F1              |
|  0|10.00|39765.9|  1|28.20|28.36|  45.768|  42.002|  917.800|  -7.1|   0.1| 1078.2| 0.000|   0.0|  46.560|  46.061|192.32|   0.0|    0.0|    0.0|F2              |
|  0|10.00|39776.7|  1|28.80|28.92|  46.109|  42.089|  905.048|  -5.6|   0.1| 1069.3| 0.000|   0.0|  46.677|  45.818|192.30|   0.0|    0.0|    0.0|F2              |
|  0|10.00|39788.5|  1|28.20|28.36|  45.620|  42.020|  917.544|  -7.8|   0.1| 1077.9| 0.000|   0.0|  46.490|  46.068|192.32|   0.0|    0.0|    0.0|F2              |
|  0|10.00|39799.2|  1|15.00|14.37|  45.169|  38.418| 1318.466|  -6.4|   0.1| 1397.1| 0.000|   0.0|  46.290|  44.121|132.37|   0.0|    0.0|    0.0|F1              |
|  0|10.00|39799.2|  1|31.20|31.20|  45.872|  42.496|  862.396|  -7.1|   0.1| 1044.1| 0.000|   0.0|  46.600|  46.276|201.31|   0.0|    0.0|    0.0|F2              |
|  0|10.00|39811.0|  1|30.00|30.06|  46.122|  42.296|  882.097|  -5.7|   0.1| 1054.7| 0.000|   0.0|  46.723|  46.198|197.75|   0.0|    0.0|    0.0|F2              |
|  0|10.00|39811.0|  1|12.00|11.90|  45.896|  42.018|  914.767|  -6.5|   0.0|  950.6| 0.000|   0.0|  46.631|  46.081|100.67|   0.0|    0.0|    0.0|E               |
|  0|10.00|39824.0|  1|13.80|12.95|  44.103|  35.271| 1675.049|  -7.1|   0.1| 1766.4| 0.000|   0.0|  45.882|  42.655|128.87|   0.0|    0.0|    0.0|F1              |
|  0|10.00|39834.7|  1|11.40|11.31|  45.738|  41.886|  930.897|  -7.1|   0.0|  965.0| 0.000|   0.0|  46.554|  45.992| 99.76|   0.0|    0.0|    0.0|E               |
|  0|10.00|39845.6|  1|12.60|12.48|  45.757|  42.075|  909.924|  -7.2|   0.0|  948.2| 0.000|   0.0|  46.554|  46.049|101.73|   0.0|    0.0|    0.0|E               |
+---+-----+-------+---+-----+-----+--------+--------+---------+------+------+-------+------+------+--------+--------+------+------+-------+-------+----------------+
+---+-----+-------+---+-----+-----+--------+--------+---------+------+------+-------+------+------+--------+--------+------+------+-------+-------+----------------+
|0-x| fr  |  time |hop| d0  | d1  |   fi   |  teta  |   dist  |  at  |  dev |   p   |  df  |  l   |   fot  |   tot  |  rot | lsp  |   pf  |    s  |                |
+---+-----+-------+---+-----+-----+--------+--------+---------+------+------+-------+------+------+--------+--------+------+------+-------+-------+----------------+
|  0|10.00|39845.6|  1|30.61|30.61|  46.584|  42.364|  871.382|  -3.4|   0.2| 1048.3| 0.000|   0.0|  46.934|  46.164|199.45|   0.0|    0.0|    0.0|F2              |
|  0|10.00|39857.4|  1|10.80|10.71|  45.693|  41.681|  954.003|  -7.1|   0.0|  986.6| 0.000|   0.0|  46.543|  45.933| 99.08|   0.0|    0.0|    0.0|E               |
|  0|10.00|39868.1|  1|13.20|13.04|  45.703|  41.818|  938.755|  -7.2|   0.0|  981.4| 0.000|   0.0|  46.530|  45.921|103.54|   0.0|    0.0|    0.0|E               |
|  0|10.00|39868.1|  1|32.99|32.86|  45.651|  42.749|  837.103|  -8.5|   0.1| 1033.4| 0.000|   0.0|  46.488|  46.379|206.76|   0.0|    0.0|    0.0|F2              |
|  0|10.00|39879.9|  1|11.40|11.31|  45.715|  41.885|  931.244|  -7.2|   0.0|  965.3| 0.000|   0.0|  46.544|  45.993| 99.78|   0.0|    0.0|    0.0|E               |
|  0|10.00|39890.7|  1|12.00|11.90|  45.747|  42.027|  915.319|  -7.2|   0.0|  951.2| 0.000|   0.0|  46.562|  46.088|100.70|   0.0|    0.0|    0.0|E               |
|  0|10.00|39901.4|  1|12.60|12.48|  45.776|  42.064|  910.992|  -7.1|   0.0|  949.3| 0.000|   0.0|  46.564|  46.048|101.78|   0.0|    0.0|    0.0|E               |
|  0|10.00|39912.1|  1|10.80|10.71|  45.826|  41.664|  954.522|  -6.5|   0.0|  987.2| 0.000|   0.0|  46.605|  45.928| 99.10|   0.0|    0.0|    0.0|E               |
|  0|10.00|39923.9|  1|10.80|10.71|  45.826|  41.663|  954.580|  -6.5|   0.0|  987.2| 0.000|   0.0|  46.605|  45.928| 99.11|   0.0|    0.0|    0.0|E               |
|  0|10.00|39935.9|  1| 6.00| 5.92|  44.953|  38.622| 1298.137|  -7.2|   0.0| 1323.7| 0.000|   0.0|  46.232|  44.374| 95.39|   0.0|    0.0|    0.0|E               |
|  0|10.00|39946.7|  1| 9.00| 8.92|  45.478|  40.821| 1050.880|  -7.2|   0.0| 1080.1| 0.000|   0.0|  46.441|  45.448| 97.30|   0.0|    0.0|    0.0|E               |
|  0|10.00|39957.5|  1| 7.80| 7.72|  45.303|  40.063| 1136.031|  -7.2|   0.0| 1163.6| 0.000|   0.0|  46.376|  45.110| 96.49|   0.0|    0.0|    0.0|E               |
|  0|10.00|39970.4|  1| 9.60| 9.52|  45.575|  41.140| 1014.702|  -7.1|   0.0| 1045.0| 0.000|   0.0|  46.493|  45.662| 97.90|   0.0|    0.0|    0.0|E               |
|  0|10.00|39983.3|  1|30.59|30.65|  44.864|  42.552|  870.553| -12.1|   0.1| 1047.2| 0.000|   0.0|  46.122|  46.308|199.48|   0.0|    0.0|    0.0|F2              |
|  0|10.00|39983.3|  1| 9.60| 9.52|  45.551|  41.142| 1014.736|  -7.2|   0.0| 1045.0| 0.000|   0.0|  46.482|  45.663| 97.91|   0.0|    0.0|    0.0|E               |
|  0|10.00|39995.2|  1|33.00|32.87|  45.369|  42.794|  836.089| -10.0|   0.1| 1032.2| 0.000|   0.0|  46.360|  46.431|206.93|   0.0|    0.0|    0.0|F2              |
|  0|10.00|39995.2|  1|12.60|12.48|  45.752|  42.051|  912.619|  -7.2|   0.0|  951.0| 0.000|   0.0|  46.554|  46.049|101.85|   0.0|    0.0|    0.0|E               |
|  0|10.00|40007.0|  1|33.61|33.41|  45.651|  42.823|  829.061|  -8.6|   0.1| 1030.5| 0.000|   0.0|  46.504|  46.488|208.95|   0.0|    0.0|    0.0|F2              |
|  0|10.00|40007.0|  1|13.20|13.04|  45.688|  41.750|  946.436|  -7.2|   0.0|  989.6| 0.000|   0.0|  46.522|  45.879|103.70|   0.0|    0.0|    0.0|E               |
|  0|10.00|40017.7|  1|10.80|10.71|  45.669|  41.674|  954.971|  -7.2|   0.0|  987.6| 0.000|   0.0|  46.533|  45.934| 99.13|   0.0|    0.0|    0.0|E               |
+---+-----+-------+---+-----+-----+--------+--------+---------+------+------+-------+------+------+--------+--------+------+------+-------+-------+----------------+
+---+-----+-------+---+-----+-----+--------+--------+---------+------+------+-------+------+------+--------+--------+------+------+-------+-------+----------------+
|0-x| fr  |  time |hop| d0  | d1  |   fi   |  teta  |   dist  |  at  |  dev |   p   |  df  |  l   |   fot  |   tot  |  rot | lsp  |   pf  |    s  |                |
+---+-----+-------+---+-----+-----+--------+--------+---------+------+------+-------+------+------+--------+--------+------+------+-------+-------+----------------+
|  0|10.00|40017.7|  1|30.60|30.63|  45.579|  42.455|  870.257|  -8.5|   0.1| 1046.7| 0.000|   0.0|  46.465|  46.274|199.64|   0.0|    0.0|    0.0|F2              |
|  0|10.00|40028.4|  1|31.79|31.74|  45.600|  42.619|  852.030|  -8.6|   0.1| 1037.8| 0.000|   0.0|  46.474|  46.358|203.27|   0.0|    0.0|    0.0|F2              |
|  0|10.00|40028.4|  1|13.20|13.04|  45.686|  41.739|  947.688|  -7.2|   0.0|  990.9| 0.000|   0.0|  46.522|  45.879|103.74|   0.0|    0.0|    0.0|E               |
|  0|10.00|40039.2|  1|10.20|10.12|  45.614|  41.426|  982.853|  -7.2|   0.0| 1014.2| 0.000|   0.0|  46.496|  45.740| 98.38|   0.0|    0.0|    0.0|E               |
|  0|10.00|40039.2|  1|32.40|32.30|  45.638|  42.691|  843.606|  -8.5|   0.1| 1034.4| 0.000|   0.0|  46.472|  46.306|204.84|   0.0|    0.0|    0.0|F2              |
|  0|10.00|40051.0|  1| 9.60| 9.52|  45.550|  41.140| 1015.057|  -7.2|   0.0| 1045.3| 0.000|   0.0|  46.482|  45.663| 97.92|   0.0|    0.0|    0.0|E               |
|  0|10.00|40051.0|  1|31.20|31.18|  45.601|  42.541|  860.575|  -8.5|   0.1| 1041.6| 0.000|   0.0|  46.451|  46.213|201.10|   0.0|    0.0|    0.0|F2              |
|  0|10.00|40063.9|  1|10.80|10.71|  45.824|  41.655|  955.467|  -6.5|   0.0|  988.1| 0.000|   0.0|  46.605|  45.928| 99.15|   0.0|    0.0|    0.0|E               |
|  0|10.00|40063.9|  1|30.60|30.59|  46.142|  42.405|  869.917|  -5.6|   0.2| 1046.2| 0.000|   0.0|  46.731|  46.248|199.72|   0.0|    0.0|    0.0|F2              |
|  0|10.00|40074.6|  1|30.60|30.61|  45.721|  42.443|  869.841|  -7.8|   0.1| 1046.1| 0.000|   0.0|  46.531|  46.267|199.69|   0.0|    0.0|    0.0|F2              |
|  0|10.00|40086.4|  1|10.20|10.12|  45.614|  41.424|  983.110|  -7.2|   0.0| 1014.5| 0.000|   0.0|  46.496|  45.740| 98.40|   0.0|    0.0|    0.0|E               |
|  0|10.00|40108.0|  1|29.40|29.46|  45.968|  42.235|  890.230|  -6.3|   0.2| 1057.5| 0.000|   0.0|  46.653|  46.186|196.14|   0.0|    0.0|    0.0|F2              |
|  0|10.00|40141.3|  1|10.80|10.71|  45.513|  41.685|  955.544|  -7.9|   0.0|  988.2| 0.000|   0.0|  46.461|  45.942| 99.16|   0.0|    0.0|    0.0|E               |
|  0|10.00|40141.3|  1|32.40|32.29|  45.641|  42.697|  842.990|  -8.5|   0.1| 1033.5| 0.000|   0.0|  46.476|  46.323|204.99|   0.0|    0.0|    0.0|F2              |
|  0|10.00|40154.3|  1|30.60|30.61|  45.583|  42.464|  869.250|  -8.5|   0.1| 1045.3| 0.000|   0.0|  46.465|  46.273|199.73|   0.0|    0.0|    0.0|F2              |
|  0|10.00|40166.2|  1|32.40|32.25|  46.455|  42.627|  842.985|  -4.2|   0.2| 1033.3| 0.000|   0.0|  46.870|  46.289|205.08|   0.0|    0.0|    0.0|F2              |
|  0|10.00|40166.2|  1|16.80|16.41|  45.012|  38.493| 1311.684|  -6.9|   0.3| 1406.9| 0.000|   0.0|  46.190|  44.140|146.21|   0.0|    0.0|    0.0|F1              |
|  0|10.00|40180.2|  1|32.40|32.28|  45.777|  42.684|  842.800|  -7.8|   0.1| 1033.2| 0.000|   0.0|  46.542|  46.316|205.03|   0.0|    0.0|    0.0|F2              |
|  0|10.00|40191.6|  1|28.80|28.89|  45.659|  42.168|  900.767|  -7.7|   0.2| 1063.7| 0.000|   0.0|  46.494|  46.087|194.29|   0.0|    0.0|    0.0|F2              |
|  0|10.00|40191.6|  1|16.20|15.81|  44.986|  38.278| 1335.638|  -6.8|   0.3| 1427.4| 0.000|   0.0|  46.171|  43.968|143.09|   0.0|    0.0|    0.0|F1              |
+---+-----+-------+---+-----+-----+--------+--------+---------+------+------+-------+------+------+--------+--------+------+------+-------+-------+----------------+
+---+-----+-------+---+-----+-----+--------+--------+---------+------+------+-------+------+------+--------+--------+------+------+-------+-------+----------------+
|0-x| fr  |  time |hop| d0  | d1  |   fi   |  teta  |   dist  |  at  |  dev |   p   |  df  |  l   |   fot  |   tot  |  rot | lsp  |   pf  |    s  |                |
+---+-----+-------+---+-----+-----+--------+--------+---------+------+------+-------+------+------+--------+--------+------+------+-------+-------+----------------+
|  0|10.00|40202.4|  1|30.60|30.60|  45.584|  42.467|  868.902|  -8.5|   0.1| 1044.8| 0.000|   0.0|  46.461|  46.255|199.72|   0.0|    0.0|    0.0|F2              |
|  0|10.00|40202.4|  1| 9.60| 9.52|  45.716|  41.116| 1015.950|  -6.5|   0.0| 1046.3| 0.000|   0.0|  46.559|  45.656| 97.97|   0.0|    0.0|    0.0|E               |
|  0|10.00|40216.6|  1|24.00|24.15|  45.412|  41.089| 1022.193|  -7.7|   0.2| 1155.8| 0.000|   0.0|  46.362|  45.446|179.46|   0.0|    0.0|    0.0|F2              |
|  0|10.00|40227.3|  1|28.80|28.88|  45.660|  42.171|  900.419|  -7.7|   0.2| 1063.2| 0.000|   0.0|  46.494|  46.087|194.31|   0.0|    0.0|    0.0|F2              |
|  0|10.00|40227.3|  1|12.60|12.48|  45.744|  42.011|  917.133|  -7.2|   0.0|  955.8| 0.000|   0.0|  46.554|  46.049|102.03|   0.0|    0.0|    0.0|E               |
|  0|10.00|40239.1|  1|33.60|33.36|  45.939|  42.801|  828.085|  -7.0|   0.2| 1028.8| 0.000|   0.0|  46.637|  46.472|209.12|   0.0|    0.0|    0.0|F2              |
|  0|10.00|40239.1|  1|16.20|15.87|  44.968|  38.172| 1347.480|  -6.8|   0.3| 1440.6| 0.000|   0.0|  46.171|  43.968|144.23|   0.0|    0.0|    0.0|F1              |
|  0|10.00|40255.4|  1|18.60|18.47|  45.137|  38.920| 1263.488|  -6.8|   0.4| 1372.2| 0.000|   0.0|  46.250|  44.433|158.26|   0.0|    0.0|    0.0|F1              |
|  0|10.00|40266.1|  1|16.20|15.92|  44.926|  38.124| 1353.157|  -6.9|   0.3| 1447.0| 0.000|   0.0|  46.172|  44.052|144.94|   0.0|    0.0|    0.0|F1              |
|  0|10.00|40276.9|  1|30.60|30.59|  45.586|  42.471|  868.377|  -8.4|   0.2| 1044.1| 0.000|   0.0|  46.465|  46.273|199.81|   0.0|    0.0|    0.0|F2              |
|  0|10.00|40276.9|  1|18.60|18.50|  45.138|  38.919| 1263.559|  -6.8|   0.4| 1372.5| 0.000|   0.0|  46.229|  44.322|158.38|   0.0|    0.0|    0.0|F1              |
|  0|10.00|40288.7|  1|30.00|30.02|  45.706|  42.369|  878.194|  -7.7|   0.2| 1049.4| 0.000|   0.0|  46.514|  46.182|197.93|   0.0|    0.0|    0.0|F2              |
|  0|10.00|40288.7|  1|15.00|14.66|  44.765|  37.563| 1416.504|  -7.0|   0.2| 1504.2| 0.000|   0.0|  46.091|  43.658|138.10|   0.0|    0.0|    0.0|F1              |
|  0|10.00|40299.4|  1|17.40|17.27|  45.032|  38.481| 1312.861|  -6.9|   0.3| 1415.0| 0.000|   0.0|  46.169|  44.024|152.16|   0.0|    0.0|    0.0|F1              |
|  0|10.00|40299.4|  1|30.00|30.02|  45.706|  42.370|  878.113|  -7.7|   0.2| 1049.2| 0.000|   0.0|  46.514|  46.182|197.93|   0.0|    0.0|    0.0|F2              |
|  0|10.00|40310.2|  1|18.60|18.54|  45.140|  38.922| 1263.201|  -6.8|   0.4| 1372.3| 0.000|   0.0|  46.229|  44.322|158.91|   0.0|    0.0|    0.0|F1              |
|  0|10.00|40320.9|  1|28.80|28.86|  45.809|  42.165|  899.507|  -7.0|   0.2| 1061.9| 0.000|   0.0|  46.568|  46.097|194.42|   0.0|    0.0|    0.0|F2              |
|  0|10.00|40331.7|  1|27.00|27.13|  45.588|  41.846|  936.955|  -7.7|   0.2| 1087.4| 0.000|   0.0|  46.466|  45.948|189.05|   0.0|    0.0|    0.0|F2              |
|  0|10.00|40342.4|  1|28.20|28.29|  45.640|  42.076|  911.070|  -7.7|   0.2| 1069.4| 0.000|   0.0|  46.477|  46.000|192.46|   0.0|    0.0|    0.0|F2              |
|  0|10.00|40342.4|  1|16.20|16.07|  44.904|  37.986| 1368.566|  -6.9|   0.3| 1464.5| 0.000|   0.0|  46.136|  43.868|146.46|   0.0|    0.0|    0.0|F1              |
+---+-----+-------+---+-----+-----+--------+--------+---------+------+------+-------+------+------+--------+--------+------+------+-------+-------+----------------+
+---+-----+-------+---+-----+-----+--------+--------+---------+------+------+-------+------+------+--------+--------+------+------+-------+-------+----------------+
|0-x| fr  |  time |hop| d0  | d1  |   fi   |  teta  |   dist  |  at  |  dev |   p   |  df  |  l   |   fot  |   tot  |  rot | lsp  |   pf  |    s  |                |
+---+-----+-------+---+-----+-----+--------+--------+---------+------+------+-------+------+------+--------+--------+------+------+-------+-------+----------------+
|  0|10.00|40353.1|  1|19.80|19.80|  45.229|  39.459| 1203.304|  -7.0|   0.3| 1317.8| 0.000|   0.0|  46.274|  44.621|164.94|   0.0|    0.0|    0.0|F1              |
|  0|10.00|40364.9|  1|15.60|15.47|  44.793|  37.714| 1399.581|  -7.0|   0.3| 1492.5| 0.000|   0.0|  46.080|  43.674|143.18|   0.0|    0.0|    0.0|F1              |
|  0|10.00|40364.9|  1|28.80|28.87|  45.665|  42.183|  899.122|  -7.7|   0.2| 1061.5| 0.000|   0.0|  46.498|  46.104|194.43|   0.0|    0.0|    0.0|F2              |
|  0|10.00|40377.9|  1|15.60|15.50|  44.823|  37.681| 1402.954|  -6.9|   0.3| 1496.3| 0.000|   0.0|  46.096|  43.673|143.53|   0.0|    0.0|    0.0|F1              |
|  0|10.00|40388.7|  1|29.40|29.43|  45.831|  42.269|  887.850|  -7.0|   0.2| 1054.3| 0.000|   0.0|  46.585|  46.191|196.32|   0.0|    0.0|    0.0|F2              |
|  0|10.00|40399.4|  1|10.80|10.71|  45.977|  41.621|  957.885|  -5.8|   0.0|  990.7| 0.000|   0.0|  46.665|  45.836| 99.16|   0.0|    0.0|    0.0|E               |
|  0|10.00|40410.2|  1|27.60|27.70|  45.617|  41.972|  922.764|  -7.7|   0.2| 1076.8| 0.000|   0.0|  46.426|  45.754|189.15|   0.0|    0.0|    0.0|F2              |
|  0|10.00|40420.9|  1|24.00|24.13|  45.430|  41.147| 1015.524|  -7.7|   0.2| 1147.9| 0.000|   0.0|  46.398|  45.619|179.94|   0.0|    0.0|    0.0|F2              |
|  0|10.00|40435.2|  1|27.00|27.12|  45.592|  41.859|  935.558|  -7.7|   0.2| 1085.7| 0.000|   0.0|  46.463|  45.933|189.08|   0.0|    0.0|    0.0|F2              |
|  0|10.00|40435.2|  1|12.60|12.47|  45.735|  41.971|  921.563|  -7.2|   0.0|  960.5| 0.000|   0.0|  46.555|  46.049|102.20|   0.0|    0.0|    0.0|E               |
|  0|10.00|40447.0|  1|27.00|27.08|  46.072|  41.819|  935.201|  -5.5|   0.2| 1085.1| 0.000|   0.0|  46.694|  45.931|189.14|   0.0|    0.0|    0.0|F2              |
|  0|10.00|40447.0|  1|14.40|14.19|  44.839|  36.725| 1507.982|  -6.2|   0.3| 1597.6| 0.000|   0.0|  46.086|  42.986|136.78|   0.0|    0.0|    0.0|F1              |
|  0|10.00|40458.8|  1|10.20|10.12|  45.633|  41.403|  985.156|  -7.1|   0.0| 1016.7| 0.000|   0.0|  46.507|  45.739| 98.53|   0.0|    0.0|    0.0|E               |
|  0|10.00|40458.8|  1|28.20|28.27|  45.791|  42.073|  909.841|  -7.0|   0.2| 1067.7| 0.000|   0.0|  46.548|  45.992|192.52|   0.0|    0.0|    0.0|F2              |
|  0|10.00|40480.2|  1|30.00|29.97|  46.136|  42.343|  876.742|  -5.6|   0.2| 1047.2| 0.000|   0.0|  46.716|  46.144|197.99|   0.0|    0.0|    0.0|F2              |
|  0|10.00|40480.2|  1|12.00|11.89|  45.883|  41.949|  922.503|  -6.5|   0.0|  958.8| 0.000|   0.0|  46.603|  45.912|100.63|   0.0|    0.0|    0.0|E               |
|  0|10.00|40497.6|  1|16.80|17.07|  44.961|  38.118| 1353.436|  -6.8|   0.4| 1455.6| 0.000|   0.0|  46.152|  43.939|153.26|   0.0|    0.0|    0.0|F1              |
+==============================================================================+
|   Medium characteristics Sunspot number=  31.0 IG=  31.0   GMT time:11:14    |
|------------------------------------------------------------------------------|
|   S   | fh |  I  |   D  | fd |  hd | fe |  he | ff1 | hf1 | ff2 | hf2 |   Hi |
|-------+----+-----+------+----+-----+----+-----+-----+-----+-----+-----+------|
|    0.0|1.21| 50.6|   2.5|0.24| 81.0|3.13|110.0| 4.50|172.4| 8.80|274.5|  39.3|
+==============================================================================+

+==================================+
|       Es-layer parametres        |
|----------------------------------|
|   S   | hEs | fbEs | f0Es | P Es |
|-------+-----+------+------+------|
|    0.0|118.5| 3.51 | 3.66 | 62.3 |
+==================================+

|  0|10.00|40509.5|  1|12.00|11.89|  45.733|  41.963|  922.530|  -7.2|   0.0|  958.8| 0.000|   0.0|  46.530|  45.918|100.64|   0.0|    0.0|    0.0|E               |
|  0|10.00|40509.5|  1|25.20|25.34|  45.506|  41.475|  978.646|  -7.7|   0.2| 1117.5| 0.000|   0.0|  46.407|  45.659|183.44|   0.0|    0.0|    0.0|F2              |
|  0|10.00|40521.3|  1| 9.60| 9.52|  45.713|  41.102| 1017.496|  -6.5|   0.0| 1047.9| 0.000|   0.0|  46.544|  45.571| 97.91|   0.0|    0.0|    0.0|E               |
+---+-----+-------+---+-----+-----+--------+--------+---------+------+------+-------+------+------+--------+--------+------+------+-------+-------+----------------+
+---+-----+-------+---+-----+-----+--------+--------+---------+------+------+-------+------+------+--------+--------+------+------+-------+-------+----------------+
|0-x| fr  |  time |hop| d0  | d1  |   fi   |  teta  |   dist  |  at  |  dev |   p   |  df  |  l   |   fot  |   tot  |  rot | lsp  |   pf  |    s  |                |
+---+-----+-------+---+-----+-----+--------+--------+---------+------+------+-------+------+------+--------+--------+------+------+-------+-------+----------------+
|  0|10.00|40521.3|  1|30.00|29.99|  45.995|  42.357|  876.508|  -6.3|   0.2| 1047.0| 0.000|   0.0|  46.649|  46.159|198.09|   0.0|    0.0|    0.0|F2              |
|  0|10.00|40532.0|  1|23.40|23.50|  45.738|  40.965| 1032.384|  -6.3|   0.2| 1161.1| 0.000|   0.0|  46.539|  45.510|178.23|   0.0|    0.0|    0.0|F2              |
|  0|10.00|40532.0|  1|11.40|11.30|  45.857|  41.821|  936.920|  -6.5|   0.0|  971.3| 0.000|   0.0|  46.615|  45.987|100.07|   0.0|    0.0|    0.0|E               |
|  0|10.00|40542.8|  1| 9.60| 9.52|  45.713|  41.101| 1017.608|  -6.5|   0.0| 1048.0| 0.000|   0.0|  46.544|  45.571| 97.92|   0.0|    0.0|    0.0|E               |
|  0|10.00|40555.8|  1|10.20|10.11|  45.770|  41.384|  985.920|  -6.5|   0.0| 1017.4| 0.000|   0.0|  46.572|  45.733| 98.58|   0.0|    0.0|    0.0|E               |
|  0|10.00|40579.0|  1|31.80|31.69|  46.196|  42.591|  848.839|  -5.5|   0.2| 1033.5| 0.000|   0.0|  46.749|  46.303|203.79|   0.0|    0.0|    0.0|F2              |
|  0|10.00|40579.0|  1| 9.60| 9.52|  45.712|  41.099| 1017.831|  -6.5|   0.0| 1048.2| 0.000|   0.0|  46.544|  45.571| 97.93|   0.0|    0.0|    0.0|E               |
|  0|10.00|40590.8|  1| 9.60| 9.52|  45.545|  41.116| 1017.689|  -7.2|   0.0| 1048.1| 0.000|   0.0|  46.466|  45.578| 97.93|   0.0|    0.0|    0.0|E               |
|  0|10.00|40613.1|  1|10.20|10.11|  45.769|  41.380|  986.306|  -6.5|   0.0| 1017.9| 0.000|   0.0|  46.572|  45.733| 98.60|   0.0|    0.0|    0.0|E               |
|  0|10.00|40623.8|  1|28.20|28.32|  45.942|  42.070|  908.673|  -6.3|   0.2| 1066.7| 0.000|   0.0|  46.635|  46.079|193.17|   0.0|    0.0|    0.0|F2              |
|  0|10.00|40623.8|  1|11.40|11.30|  45.856|  41.812|  937.882|  -6.5|   0.0|  972.3| 0.000|   0.0|  46.615|  45.987|100.12|   0.0|    0.0|    0.0|E               |
|  0|10.00|40634.5|  1| 9.00| 8.92|  45.646|  40.776| 1054.088|  -6.5|   0.0| 1083.5| 0.000|   0.0|  46.522|  45.441| 97.51|   0.0|    0.0|    0.0|E               |
|  0|10.00|40645.3|  1|14.40|14.25|  44.815|  36.604| 1521.512|  -6.2|   0.3| 1612.6| 0.000|   0.0|  46.094|  43.028|138.46|   0.0|    0.0|    0.0|F1              |
|  0|10.00|40656.1|  1|15.00|15.02|  44.939|  37.066| 1469.503|  -6.2|   0.3| 1563.3| 0.000|   0.0|  46.123|  43.173|142.69|   0.0|    0.0|    0.0|F2              |
|  0|10.00|40656.1|  1|26.40|26.60|  45.878|  41.727|  947.030|  -6.3|   0.2| 1093.4| 0.000|   0.0|  46.565|  45.665|186.63|   0.0|    0.0|    0.0|F2              |
|  0|10.00|40666.8|  1|12.60|12.47|  45.874|  41.899|  928.172|  -6.5|   0.0|  967.4| 0.000|   0.0|  46.625|  46.043|102.42|   0.0|    0.0|    0.0|E               |
|  0|10.00|40689.4|  1|23.40|23.64|  45.743|  40.993| 1029.299|  -6.3|   0.2| 1158.4| 0.000|   0.0|  46.519|  45.394|178.53|   0.0|    0.0|    0.0|F2              |
|  0|10.00|40689.4|  1|16.80|17.07|  44.954|  38.120| 1353.357|  -6.8|   0.4| 1455.7| 0.000|   0.0|  46.121|  43.777|153.60|   0.0|    0.0|    0.0|F2              |
|  0|10.00|40701.3|  1|12.60|12.47|  45.744|  41.907|  928.584|  -7.1|   0.0|  967.9| 0.000|   0.0|  46.565|  46.048|102.43|   0.0|    0.0|    0.0|E               |
|  0|10.00|40712.0|  1|24.00|24.28|  45.608|  41.179| 1010.115|  -7.0|   0.2| 1142.6| 0.000|   0.0|  46.470|  45.574|180.75|   0.0|    0.0|    0.0|F2              |
+---+-----+-------+---+-----+-----+--------+--------+---------+------+------+-------+------+------+--------+--------+------+------+-------+-------+----------------+
+---+-----+-------+---+-----+-----+--------+--------+---------+------+------+-------+------+------+--------+--------+------+------+-------+-------+----------------+
|0-x| fr  |  time |hop| d0  | d1  |   fi   |  teta  |   dist  |  at  |  dev |   p   |  df  |  l   |   fot  |   tot  |  rot | lsp  |   pf  |    s  |                |
+---+-----+-------+---+-----+-----+--------+--------+---------+------+------+-------+------+------+--------+--------+------+------+-------+-------+----------------+
|  0|10.00|40712.0|  1|13.20|12.99|  45.560|  41.160| 1012.705|  -7.2|   0.0| 1059.7| 0.000|   0.0|  46.475|  45.627|104.95|   0.0|    0.0|    0.0|E               |
|  0|10.00|40733.4|  1|15.60|15.74|  44.782|  37.474| 1426.048|  -6.9|   0.3| 1522.7| 0.000|   0.0|  46.077|  43.572|147.00|   0.0|    0.0|    0.0|F2              |
|  0|10.00|40744.2|  1|26.40|26.66|  45.880|  41.733|  946.336|  -6.3|   0.2| 1092.9| 0.000|   0.0|  46.594|  45.836|188.04|   0.0|    0.0|    0.0|F2              |
|  0|10.00|40744.2|  1|13.80|13.37|  44.300|  35.832| 1611.347|  -7.0|   0.2| 1701.5| 0.000|   0.0|  45.851|  42.494|133.29|   0.0|    0.0|    0.0|F2              |
|  0|10.00|40754.9|  1|29.40|29.51|  46.432|  42.244|  885.627|  -4.1|   0.2| 1052.2| 0.000|   0.0|  46.868|  46.180|197.15|   0.0|    0.0|    0.0|F2              |
|  0|10.00|40754.9|  1|12.00|11.89|  45.726|  41.931|  926.155|  -7.2|   0.0|  962.6| 0.000|   0.0|  46.530|  45.919|100.86|   0.0|    0.0|    0.0|E               |
|  0|10.00|40765.8|  1|25.80|26.09|  45.856|  41.607|  960.501|  -6.3|   0.2| 1103.5| 0.000|   0.0|  46.552|  45.585|185.07|   0.0|    0.0|    0.0|F2              |
|  0|10.00|40776.5|  1|28.20|28.39|  46.239|  42.056|  907.719|  -4.9|   0.2| 1066.0| 0.000|   0.0|  46.763|  45.976|193.36|   0.0|    0.0|    0.0|F2              |
|  0|10.00|40776.5|  1|10.80|10.71|  45.815|  41.610|  960.533|  -6.5|   0.0|  993.5| 0.000|   0.0|  46.591|  45.843| 99.33|   0.0|    0.0|    0.0|E               |
|  0|10.00|40801.2|  1|26.40|26.66|  46.346|  41.707|  945.650|  -4.2|   0.2| 1092.2| 0.000|   0.0|  46.817|  45.820|188.23|   0.0|    0.0|    0.0|F2              |
|  0|10.00|40816.5|  1| 8.40| 8.32|  45.388|  40.429| 1094.929|  -7.2|   0.0| 1123.4| 0.000|   0.0|  46.406|  45.264| 97.07|   0.0|    0.0|    0.0|E               |
|  0|10.00|40816.5|  1|27.60|27.85|  45.945|  41.970|  919.588|  -6.2|   0.2| 1074.0| 0.000|   0.0|  46.637|  46.031|191.96|   0.0|    0.0|    0.0|F2              |
|  0|10.00|40830.5|  1|26.40|26.71|  45.881|  41.739|  945.677|  -6.3|   0.2| 1092.5| 0.000|   0.0|  46.595|  45.837|188.31|   0.0|    0.0|    0.0|F2              |
|  0|10.00|40843.5|  1|13.80|13.31|  44.570|  35.707| 1622.499|  -6.3|   0.2| 1713.2| 0.000|   0.0|  45.982|  42.440|133.85|   0.0|    0.0|    0.0|F2              |
|  0|10.00|40843.5|  1|28.20|28.44|  45.944|  42.081|  907.434|  -6.3|   0.2| 1066.0| 0.000|   0.0|  46.620|  45.988|193.55|   0.0|    0.0|    0.0|F2              |
|  0|10.00|40858.7|  1|28.20|28.47|  45.650|  42.108|  907.447|  -7.7|   0.2| 1066.1| 0.000|   0.0|  46.478|  46.001|193.58|   0.0|    0.0|    0.0|F2              |
|  0|10.00|40858.7|  1|11.40|11.30|  45.851|  41.790|  940.359|  -6.5|   0.0|  974.9| 0.000|   0.0|  46.594|  45.859| 99.94|   0.0|    0.0|    0.0|E               |
|  0|10.00|40869.5|  1| 9.00| 8.92|  45.644|  40.765| 1055.287|  -6.5|   0.0| 1084.7| 0.000|   0.0|  46.522|  45.441| 97.59|   0.0|    0.0|    0.0|E               |
|  0|10.00|40869.5|  1|30.00|30.13|  46.423|  42.340|  874.971|  -4.2|   0.2| 1046.2| 0.000|   0.0|  46.853|  46.127|198.96|   0.0|    0.0|    0.0|F2              |
|  0|10.00|40880.2|  1|10.80|10.71|  45.658|  41.619|  961.130|  -7.2|   0.0|  994.1| 0.000|   0.0|  46.517|  45.849| 99.37|   0.0|    0.0|    0.0|E               |
+---+-----+-------+---+-----+-----+--------+--------+---------+------+------+-------+------+------+--------+--------+------+------+-------+-------+----------------+
+---+-----+-------+---+-----+-----+--------+--------+---------+------+------+-------+------+------+--------+--------+------+------+-------+-------+----------------+
|0-x| fr  |  time |hop| d0  | d1  |   fi   |  teta  |   dist  |  at  |  dev |   p   |  df  |  l   |   fot  |   tot  |  rot | lsp  |   pf  |    s  |                |
+---+-----+-------+---+-----+-----+--------+--------+---------+------+------+-------+------+------+--------+--------+------+------+-------+-------+----------------+
|  0|10.00|40880.2|  1|25.80|26.18|  45.544|  41.643|  959.761|  -7.7|   0.2| 1103.2| 0.000|   0.0|  46.395|  45.601|185.43|   0.0|    0.0|    0.0|F2              |
|  0|10.00|40892.1|  1|27.60|27.89|  46.075|  41.965|  919.074|  -5.6|   0.2| 1073.7| 0.000|   0.0|  46.679|  45.895|191.76|   0.0|    0.0|    0.0|F2              |
|  0|10.00|40892.1|  1|12.60|12.46|  45.862|  41.837|  935.035|  -6.5|   0.0|  974.7| 0.000|   0.0|  46.596|  45.873|102.42|   0.0|    0.0|    0.0|E               |
|  0|10.00|40904.0|  1|27.60|27.90|  46.075|  41.965|  918.997|  -5.6|   0.2| 1073.6| 0.000|   0.0|  46.679|  45.895|191.80|   0.0|    0.0|    0.0|F2              |
|  0|10.00|40914.7|  1|13.20|12.96|  45.304|  40.814| 1053.593|  -7.9|   0.0| 1102.9| 0.000|   0.0|  46.362|  45.467|105.47|   0.0|    0.0|    0.0|E               |
|  0|10.00|40914.7|  1|27.00|27.34|  45.904|  41.864|  931.669|  -6.3|   0.2| 1082.5| 0.000|   0.0|  46.611|  45.935|190.44|   0.0|    0.0|    0.0|F2              |
|  0|10.00|40925.6|  1|27.00|27.34|  45.904|  41.865|  931.596|  -6.3|   0.2| 1082.4| 0.000|   0.0|  46.611|  45.935|190.47|   0.0|    0.0|    0.0|F2              |
|  0|10.00|40937.5|  1|28.20|28.48|  46.114|  42.072|  906.868|  -5.5|   0.2| 1065.6| 0.000|   0.0|  46.702|  45.981|193.82|   0.0|    0.0|    0.0|F2              |
|  0|10.00|40937.5|  1|11.40|11.30|  45.872|  41.780|  941.273|  -6.4|   0.0|  975.9| 0.000|   0.0|  46.604|  45.859|100.00|   0.0|    0.0|    0.0|E               |
|  0|10.00|40965.7|  1|32.40|32.39|  46.617|  42.649|  839.653|  -3.4|   0.2| 1030.0| 0.000|   0.0|  46.955|  46.384|206.73|   0.0|    0.0|    0.0|F2              |
|  0|10.00|40965.7|  1|14.40|14.13|  44.512|  36.576| 1527.467|  -7.0|   0.2| 1618.7| 0.000|   0.0|  45.950|  42.958|138.94|   0.0|    0.0|    0.0|F2              |
|  0|10.00|40977.5|  1| 8.40| 8.32|  45.569|  40.404| 1095.848|  -6.5|   0.0| 1124.4| 0.000|   0.0|  46.490|  45.257| 97.13|   0.0|    0.0|    0.0|E               |
|  0|10.00|40990.5|  1|13.20|12.91|  45.564|  40.340| 1102.909|  -6.5|   0.0| 1155.0| 0.000|   0.0|  46.495|  45.283|105.93|   0.0|    0.0|    0.0|E               |
|  0|10.00|41001.3|  1|31.20|31.37|  45.189|  42.638|  855.778| -10.6|   0.2| 1036.8| 0.000|   0.0|  46.275|  46.357|203.05|   0.0|    0.0|    0.0|F2              |
|  0|10.00|41001.3|  1|13.80|13.27|  44.261|  35.720| 1624.119|  -7.0|   0.2| 1714.9| 0.000|   0.0|  45.894|  42.704|134.60|   0.0|    0.0|    0.0|F2              |
|  0|10.00|41012.0|  1|31.20|31.35|  45.618|  42.582|  855.822|  -8.4|   0.2| 1036.7| 0.000|   0.0|  46.463|  46.258|202.89|   0.0|    0.0|    0.0|F2              |
|  0|10.00|41012.0|  1|10.20|10.11|  45.765|  41.356|  988.992|  -6.5|   0.0| 1020.7| 0.000|   0.0|  46.572|  45.733| 98.77|   0.0|    0.0|    0.0|E               |
|  0|10.00|41022.7|  1|32.40|32.48|  45.235|  42.784|  839.200| -10.6|   0.2| 1030.0| 0.000|   0.0|  46.300|  46.448|206.74|   0.0|    0.0|    0.0|F2              |
|  0|10.00|41022.7|  1|12.00|11.89|  45.718|  41.893|  930.377|  -7.2|   0.0|  967.1| 0.000|   0.0|  46.530|  45.919|101.10|   0.0|    0.0|    0.0|E               |
|  0|10.00|41035.8|  1|10.20|10.11|  45.441|  41.391|  988.692|  -7.9|   0.0| 1020.4| 0.000|   0.0|  46.421|  45.747| 98.76|   0.0|    0.0|    0.0|E               |
+---+-----+-------+---+-----+-----+--------+--------+---------+------+------+-------+------+------+--------+--------+------+------+-------+-------+----------------+
+---+-----+-------+---+-----+-----+--------+--------+---------+------+------+-------+------+------+--------+--------+------+------+-------+-------+----------------+
|0-x| fr  |  time |hop| d0  | d1  |   fi   |  teta  |   dist  |  at  |  dev |   p   |  df  |  l   |   fot  |   tot  |  rot | lsp  |   pf  |    s  |                |
+---+-----+-------+---+-----+-----+--------+--------+---------+------+------+-------+------+------+--------+--------+------+------+-------+-------+----------------+
|  0|10.00|41073.3|  1|30.00|30.30|  45.000|  42.497|  874.247| -11.3|   0.2| 1046.3| 0.000|   0.0|  46.150|  46.166|199.20|   0.0|    0.0|    0.0|F2              |
|  0|10.00|41073.3|  1|12.00|11.88|  45.867|  41.868|  931.658|  -6.5|   0.0|  968.4| 0.000|   0.0|  46.603|  45.912|101.17|   0.0|    0.0|    0.0|E               |
|  0|10.00|41084.1|  1| 9.00| 8.91|  45.642|  40.755| 1056.446|  -6.5|   0.0| 1085.9| 0.000|   0.0|  46.522|  45.441| 97.66|   0.0|    0.0|    0.0|E               |
|  0|10.00|41084.1|  1|30.60|30.83|  45.460|  42.521|  864.610|  -9.1|   0.2| 1041.1| 0.000|   0.0|  46.405|  46.301|201.51|   0.0|    0.0|    0.0|F2              |
|  0|10.00|41096.0|  1|31.81|31.97|  45.214|  42.717|  846.793| -10.6|   0.2| 1032.9| 0.000|   0.0|  46.281|  46.377|205.07|   0.0|    0.0|    0.0|F2              |
|  0|10.00|41106.8|  1| 6.60| 6.51|  45.317|  39.083| 1243.760|  -6.4|   0.0| 1270.0| 0.000|   0.0|  46.384|  44.571| 95.87|   0.0|    0.0|    0.0|E               |
|  0|10.00|41106.8|  1|28.79|29.16|  45.387|  42.251|  895.136|  -9.1|   0.2| 1058.5| 0.000|   0.0|  46.359|  46.113|196.15|   0.0|    0.0|    0.0|F2              |
|  0|10.00|41119.7|  1|12.00|11.89|  45.715|  41.879|  931.994|  -7.2|   0.0|  968.8| 0.000|   0.0|  46.530|  45.919|101.19|   0.0|    0.0|    0.0|E               |
|  0|10.00|41119.7|  1|28.80|29.18|  45.367|  42.255|  894.902|  -9.2|   0.2| 1058.4| 0.000|   0.0|  46.343|  46.087|196.11|   0.0|    0.0|    0.0|F2              |
|  0|10.00|41130.4|  1|12.00|11.89|  45.715|  41.877|  932.179|  -7.2|   0.0|  969.0| 0.000|   0.0|  46.530|  45.919|101.20|   0.0|    0.0|    0.0|E               |
|  0|10.00|41142.2|  1|12.00|11.88|  45.865|  41.857|  932.827|  -6.5|   0.0|  969.6| 0.000|   0.0|  46.603|  45.912|101.23|   0.0|    0.0|    0.0|E               |
|  0|10.00|41154.1|  1|32.40|32.46|  46.618|  42.654|  839.081|  -3.4|   0.2| 1029.9| 0.000|   0.0|  46.957|  46.399|207.19|   0.0|    0.0|    0.0|F2              |
|  0|10.00|41154.1|  1|10.80|10.71|  45.653|  41.599|  963.417|  -7.2|   0.0|  996.5| 0.000|   0.0|  46.517|  45.849| 99.50|   0.0|    0.0|    0.0|E               |
|  0|10.00|41164.8|  1|21.00|21.66|  45.605|  40.258| 1111.618|  -6.2|   0.3| 1230.7| 0.000|   0.0|  46.448|  44.974|172.99|   0.0|    0.0|    0.0|F2              |
|  0|10.00|41175.7|  1|13.80|13.17|  44.524|  35.577| 1637.155|  -6.3|   0.2| 1728.6| 0.000|   0.0|  46.045|  42.776|135.50|   0.0|    0.0|    0.0|F2              |
|  0|10.00|41175.7|  1|28.80|29.22|  45.082|  42.296|  894.713| -10.6|   0.2| 1058.4| 0.000|   0.0|  46.210|  46.125|196.32|   0.0|    0.0|    0.0|F2              |
|  0|10.00|41186.6|  1| 8.40| 8.32|  45.385|  40.413| 1096.705|  -7.2|   0.0| 1125.3| 0.000|   0.0|  46.406|  45.264| 97.18|   0.0|    0.0|    0.0|E               |
|  0|10.00|41186.6|  1|28.20|28.63|  45.654|  42.124|  905.745|  -7.7|   0.2| 1065.2| 0.000|   0.0|  46.480|  46.013|194.55|   0.0|    0.0|    0.0|F2              |
|  0|10.00|41198.4|  1|13.20|11.16|  39.176|  23.091| 3054.179|  -6.9|   0.3| 3217.3| 0.000|   0.0|  42.737|  30.907|129.11|   0.0|    0.0|    0.0|F2              |
|  0|10.00|41198.4|  1|27.60|28.07|  45.779|  42.005|  917.453|  -7.0|   0.2| 1072.9| 0.000|   0.0|  46.559|  46.049|193.08|   0.0|    0.0|    0.0|F2              |
+---+-----+-------+---+-----+-----+--------+--------+---------+------+------+-------+------+------+--------+--------+------+------+-------+-------+----------------+
+---+-----+-------+---+-----+-----+--------+--------+---------+------+------+-------+------+------+--------+--------+------+------+-------+-------+----------------+
|0-x| fr  |  time |hop| d0  | d1  |   fi   |  teta  |   dist  |  at  |  dev |   p   |  df  |  l   |   fot  |   tot  |  rot | lsp  |   pf  |    s  |                |
+---+-----+-------+---+-----+-----+--------+--------+---------+------+------+-------+------+------+--------+--------+------+------+-------+-------+----------------+
|  0|10.00|41210.2|  1|24.00|24.65|  45.618|  41.228| 1004.580|  -7.0|   0.2| 1138.5| 0.000|   0.0|  46.469|  45.568|182.53|   0.0|    0.0|    0.0|F2              |
|  0|10.00|41222.0|  1|26.99|27.51|  45.605|  41.907|  930.120|  -7.7|   0.2| 1081.7| 0.000|   0.0|  46.466|  45.941|191.30|   0.0|    0.0|    0.0|F2              |
|  0|10.00|41235.0|  1|31.80|31.97|  46.045|  42.623|  846.663|  -6.3|   0.2| 1032.8| 0.000|   0.0|  46.675|  46.308|205.39|   0.0|    0.0|    0.0|F2              |
|  0|10.00|41235.0|  1|13.20|11.94|  43.333|  31.134| 2136.473|  -6.2|   0.2| 2249.3| 0.000|   0.0|  45.708|  40.915|131.26|   0.0|    0.0|    0.0|F2              |
|  0|10.00|41245.8|  1|27.01|27.54|  45.606|  41.912|  929.558|  -7.7|   0.2| 1081.4| 0.000|   0.0|  46.469|  45.957|191.46|   0.0|    0.0|    0.0|F2              |
|  0|10.00|41257.6|  1|27.60|28.10|  45.780|  42.007|  917.142|  -7.0|   0.2| 1072.7| 0.000|   0.0|  46.556|  46.031|193.24|   0.0|    0.0|    0.0|F2              |
|  0|10.00|41268.3|  1|25.80|26.40|  45.863|  41.642|  956.574|  -6.3|   0.2| 1100.9| 0.000|   0.0|  46.576|  45.726|187.72|   0.0|    0.0|    0.0|F2              |
|  0|10.00|41279.1|  1|12.00|11.89|  45.710|  41.854|  934.763|  -7.2|   0.0|  971.7| 0.000|   0.0|  46.530|  45.919|101.33|   0.0|    0.0|    0.0|E               |
|  0|10.00|41295.3|  1|29.40|29.80|  45.842|  42.308|  883.390|  -7.0|   0.2| 1051.4| 0.000|   0.0|  46.584|  46.181|198.55|   0.0|    0.0|    0.0|F2              |
|  0|10.00|41295.3|  1|11.40|11.30|  45.712|  41.761|  945.003|  -7.1|   0.0|  979.8| 0.000|   0.0|  46.531|  45.865|100.24|   0.0|    0.0|    0.0|E               |
|  0|10.00|41307.2|  1|25.80|26.44|  45.551|  41.672|  956.507|  -7.7|   0.2| 1101.0| 0.000|   0.0|  46.427|  45.756|187.92|   0.0|    0.0|    0.0|F2              |
|  0|10.00|41317.9|  1|23.40|24.16|  45.249|  41.109| 1021.868|  -8.4|   0.2| 1153.0| 0.000|   0.0|  46.288|  45.482|181.09|   0.0|    0.0|    0.0|F2              |
|  0|10.00|41341.6|  1|16.20|16.33|  44.877|  37.789| 1390.455|  -6.8|   0.3| 1490.3| 0.000|   0.0|  46.138|  43.789|152.67|   0.0|    0.0|    0.0|F2              |
|  0|10.00|41353.5|  1|27.01|27.59|  45.758|  41.903|  928.855|  -7.0|   0.2| 1080.9| 0.000|   0.0|  46.537|  45.931|191.73|   0.0|    0.0|    0.0|F2              |
|  0|10.00|41364.3|  1| 9.60| 9.51|  45.536|  41.075| 1022.273|  -7.2|   0.0| 1052.9| 0.000|   0.0|  46.474|  45.621| 98.31|   0.0|    0.0|    0.0|E               |
|  0|10.00|41364.3|  1|27.60|28.16|  45.632|  42.027|  916.645|  -7.7|   0.2| 1072.5| 0.000|   0.0|  46.482|  46.020|193.51|   0.0|    0.0|    0.0|F2              |
|  0|10.00|41375.2|  1|30.00|30.38|  46.002|  42.388|  873.017|  -6.3|   0.2| 1045.5| 0.000|   0.0|  46.665|  46.250|200.54|   0.0|    0.0|    0.0|F2              |
|  0|10.00|41375.2|  1|19.80|20.66|  45.123|  39.819| 1164.854|  -7.6|   0.3| 1280.0| 0.000|   0.0|  46.215|  44.737|169.93|   0.0|    0.0|    0.0|F1              |
|  0|10.00|41386.0|  1|20.40|21.30|  45.176|  40.057| 1138.107|  -7.6|   0.3| 1256.0| 0.000|   0.0|  46.239|  44.851|172.07|   0.0|    0.0|    0.0|F1              |
|  0|10.00|41386.0|  1|21.60|22.46|  45.471|  40.533| 1082.578|  -7.0|   0.2| 1204.9| 0.000|   0.0|  46.387|  45.134|175.87|   0.0|    0.0|    0.0|F2              |
+---+-----+-------+---+-----+-----+--------+--------+---------+------+------+-------+------+------+--------+--------+------+------+-------+-------+----------------+
+---+-----+-------+---+-----+-----+--------+--------+---------+------+------+-------+------+------+--------+--------+------+------+-------+-------+----------------+
|0-x| fr  |  time |hop| d0  | d1  |   fi   |  teta  |   dist  |  at  |  dev |   p   |  df  |  l   |   fot  |   tot  |  rot | lsp  |   pf  |    s  |                |
+---+-----+-------+---+-----+-----+--------+--------+---------+------+------+-------+------+------+--------+--------+------+------+-------+-------+----------------+
|  0|10.00|41397.9|  1|28.80|29.35|  44.498|  42.400|  893.849| -13.5|   0.2| 1058.2| 0.000|   0.0|  45.929|  46.178|196.90|   0.0|    0.0|    0.0|F2              |
|  0|10.00|41397.9|  1| 7.20| 7.11|  45.187|  39.575| 1190.921|  -7.2|   0.0| 1217.9| 0.000|   0.0|  46.318|  44.811| 96.29|   0.0|    0.0|    0.0|E               |
+==============================================================================+
|   Medium characteristics Sunspot number=  31.0 IG=  31.0   GMT time:11:29    |
|------------------------------------------------------------------------------|
|   S   | fh |  I  |   D  | fd |  hd | fe |  he | ff1 | hf1 | ff2 | hf2 |   Hi |
|-------+----+-----+------+----+-----+----+-----+-----+-----+-----+-----+------|
|    0.0|1.21| 50.6|   2.5|0.24| 81.0|3.09|110.0| 4.47|173.9| 8.78|274.6|  41.7|
+==============================================================================+

+==================================+
|       Es-layer parametres        |
|----------------------------------|
|   S   | hEs | fbEs | f0Es | P Es |
|-------+-----+------+------+------|
|    0.0|118.3| 3.47 | 3.62 | 62.9 |
+==================================+

|  0|10.00|41409.7|  1|21.00|21.89|  45.424|  40.312| 1107.384|  -7.0|   0.2| 1227.3| 0.000|   0.0|  46.357|  44.975|173.96|   0.0|    0.0|    0.0|F2              |
|  0|10.00|41421.6|  1|27.00|27.61|  45.758|  41.903|  928.858|  -7.0|   0.2| 1080.9| 0.000|   0.0|  46.537|  45.931|191.88|   0.0|    0.0|    0.0|F2              |
|  0|10.00|41432.3|  1|25.80|26.48|  45.708|  41.663|  955.839|  -7.0|   0.2| 1100.5| 0.000|   0.0|  46.500|  45.734|188.18|   0.0|    0.0|    0.0|F2              |
|  0|10.00|41444.1|  1|29.39|29.84|  45.700|  42.324|  883.236|  -7.7|   0.2| 1051.4| 0.000|   0.0|  46.515|  46.179|198.85|   0.0|    0.0|    0.0|F2              |
|  0|10.00|41454.9|  1| 6.60| 6.51|  45.071|  39.095| 1244.972|  -7.2|   0.0| 1271.3| 0.000|   0.0|  46.273|  44.581| 95.96|   0.0|    0.0|    0.0|E               |
|  0|10.00|41465.8|  1|15.60|15.55|  44.976|  37.360| 1436.717|  -6.3|   0.2| 1533.9| 0.000|   0.0|  46.158|  43.358|149.04|   0.0|    0.0|    0.0|F2              |
|  0|10.00|41465.8|  1|13.80|13.08|  44.794|  35.470| 1646.540|  -5.7|   0.1| 1738.5| 0.000|   0.0|  46.157|  42.641|136.64|   0.0|    0.0|    0.0|F2              |
|  0|10.00|41465.8|  1|28.80|29.31|  45.226|  42.284|  893.789|  -9.9|   0.2| 1058.0| 0.000|   0.0|  46.279|  46.116|197.04|   0.0|    0.0|    0.0|F2              |
|  0|10.00|41476.6|  1|26.40|27.04|  45.886|  41.772|  941.981|  -6.3|   0.2| 1090.3| 0.000|   0.0|  46.594|  45.831|190.16|   0.0|    0.0|    0.0|F2              |
|  0|10.00|41487.3|  1|26.40|27.05|  45.425|  41.816|  942.279|  -8.4|   0.2| 1090.7| 0.000|   0.0|  46.368|  45.835|190.08|   0.0|    0.0|    0.0|F2              |
|  0|10.00|41498.0|  1|24.00|24.77|  45.617|  41.243| 1002.959|  -7.0|   0.2| 1137.3| 0.000|   0.0|  46.468|  45.564|183.33|   0.0|    0.0|    0.0|F2              |
|  0|10.00|41508.8|  1|22.20|23.04|  45.306|  40.750| 1060.552|  -7.8|   0.2| 1185.7| 0.000|   0.0|  46.314|  45.273|177.96|   0.0|    0.0|    0.0|F2              |
|  0|10.00|41521.7|  1|19.80|20.65|  45.511|  39.811| 1161.781|  -6.3|   0.2| 1276.5| 0.000|   0.0|  46.408|  44.748|170.38|   0.0|    0.0|    0.0|F2              |
|  0|10.00|41532.5|  1|22.80|23.61|  45.374|  40.930| 1040.000|  -7.7|   0.2| 1168.1| 0.000|   0.0|  46.359|  45.431|179.93|   0.0|    0.0|    0.0|F2              |
|  0|10.00|41544.3|  1|17.40|17.92|  45.008|  38.501| 1310.915|  -6.9|   0.3| 1416.9| 0.000|   0.0|  46.185|  44.102|160.40|   0.0|    0.0|    0.0|F2              |
|  0|10.00|41555.2|  1|13.80|13.09|  44.181|  35.514| 1647.500|  -7.1|   0.1| 1739.6| 0.000|   0.0|  45.878|  42.623|136.69|   0.0|    0.0|    0.0|F2              |
|  0|10.00|41565.9|  1|25.80|26.47|  45.860|  41.647|  956.068|  -6.3|   0.2| 1100.7| 0.000|   0.0|  46.548|  45.561|187.00|   0.0|    0.0|    0.0|F2              |
|  0|10.00|41576.6|  1|24.60|25.37|  44.315|  41.558|  987.759| -12.8|   0.2| 1125.9| 0.000|   0.0|  45.851|  45.744|185.18|   0.0|    0.0|    0.0|F2              |
+---+-----+-------+---+-----+-----+--------+--------+---------+------+------+-------+------+------+--------+--------+------+------+-------+-------+----------------+
+---+-----+-------+---+-----+-----+--------+--------+---------+------+------+-------+------+------+--------+--------+------+------+-------+-------+----------------+
|0-x| fr  |  time |hop| d0  | d1  |   fi   |  teta  |   dist  |  at  |  dev |   p   |  df  |  l   |   fot  |   tot  |  rot | lsp  |   pf  |    s  |                |
+---+-----+-------+---+-----+-----+--------+--------+---------+------+------+-------+------+------+--------+--------+------+------+-------+-------+----------------+
|  0|10.00|41588.4|  1|20.40|21.26|  45.141|  40.084| 1135.606|  -7.8|   0.2| 1253.1| 0.000|   0.0|  46.231|  44.883|172.49|   0.0|    0.0|    0.0|F2              |
|  0|10.00|41600.3|  1|27.60|28.16|  45.926|  41.997|  916.784|  -6.3|   0.2| 1072.7| 0.000|   0.0|  46.623|  46.007|193.97|   0.0|    0.0|    0.0|F2              |
|  0|10.00|41613.2|  1|25.80|26.47|  45.702|  41.659|  956.252|  -7.0|   0.2| 1101.0| 0.000|   0.0|  46.497|  45.720|188.42|   0.0|    0.0|    0.0|F2              |
|  0|10.00|41623.9|  1|12.00|11.88|  45.697|  41.791|  941.821|  -7.2|   0.0|  979.1| 0.000|   0.0|  46.530|  45.919|101.67|   0.0|    0.0|    0.0|E               |
|  0|10.00|41623.9|  1|27.00|27.60|  45.601|  41.914|  929.381|  -7.7|   0.2| 1081.5| 0.000|   0.0|  46.460|  45.915|192.14|   0.0|    0.0|    0.0|F2              |
|  0|10.00|41634.7|  1| 9.60| 9.51|  46.064|  41.008| 1024.916|  -5.0|   0.0| 1055.6| 0.000|   0.0|  46.719|  45.600| 98.45|   0.0|    0.0|    0.0|E               |
|  0|10.00|41634.7|  1|27.00|27.59|  45.904|  41.886|  929.271|  -6.3|   0.2| 1081.4| 0.000|   0.0|  46.605|  45.901|192.17|   0.0|    0.0|    0.0|F2              |
|  0|10.00|41646.6|  1|25.80|26.47|  45.701|  41.659|  956.351|  -7.0|   0.2| 1101.1| 0.000|   0.0|  46.524|  45.867|188.90|   0.0|    0.0|    0.0|F2              |
|  0|10.00|41657.4|  1|18.00|18.66|  45.080|  38.850| 1271.827|  -7.0|   0.2| 1380.4| 0.000|   0.0|  46.205|  44.208|163.65|   0.0|    0.0|    0.0|F2              |
|  0|10.00|41668.1|  1|15.60|15.61|  44.950|  37.325| 1440.787|  -6.3|   0.2| 1538.7| 0.000|   0.0|  46.182|  43.502|150.53|   0.0|    0.0|    0.0|F2              |
|  0|10.00|41679.9|  1|22.80|23.59|  45.367|  40.930| 1040.157|  -7.7|   0.2| 1168.2| 0.000|   0.0|  46.344|  45.359|179.97|   0.0|    0.0|    0.0|F2              |
|  0|10.00|41690.7|  1|21.60|22.41|  45.639|  40.525| 1081.784|  -6.3|   0.2| 1203.8| 0.000|   0.0|  46.481|  45.175|176.53|   0.0|    0.0|    0.0|F2              |
|  0|10.00|41690.7|  1|15.60|15.58|  44.435|  37.364| 1441.923|  -7.7|   0.2| 1539.8| 0.000|   0.0|  45.946|  43.525|150.36|   0.0|    0.0|    0.0|F2              |
|  0|10.00|41690.7|  1|18.60|19.34|  45.158|  39.197| 1232.820|  -7.0|   0.2| 1343.5| 0.000|   0.0|  46.259|  44.481|166.50|   0.0|    0.0|    0.0|F2              |
|  0|10.00|41713.2|  1|24.60|25.32|  45.641|  41.387|  986.831|  -7.0|   0.2| 1124.5| 0.000|   0.0|  46.489|  45.681|185.51|   0.0|    0.0|    0.0|F2              |
|  0|10.00|41725.0|  1|21.00|21.82|  45.595|  40.316| 1105.286|  -6.3|   0.2| 1224.6| 0.000|   0.0|  46.461|  45.065|174.76|   0.0|    0.0|    0.0|F2              |
|  0|10.00|41738.1|  1|19.80|20.61|  45.072|  39.844| 1162.667|  -7.8|   0.2| 1277.3| 0.000|   0.0|  46.213|  44.808|170.86|   0.0|    0.0|    0.0|F2              |
|  0|10.00|41754.2|  1|15.00|14.81|  44.559|  36.882| 1493.477|  -7.0|   0.2| 1589.0| 0.000|   0.0|  45.997|  43.189|146.64|   0.0|    0.0|    0.0|F2              |
|  0|10.00|41754.2|  1|16.20|16.41|  44.791|  37.741| 1396.622|  -7.0|   0.2| 1497.6| 0.000|   0.0|  46.092|  43.649|154.52|   0.0|    0.0|    0.0|F2              |
|  0|10.00|41766.2|  1|14.40|13.99|  44.406|  36.337| 1554.897|  -7.1|   0.1| 1648.1| 0.000|   0.0|  45.940|  42.920|142.35|   0.0|    0.0|    0.0|F2              |
+---+-----+-------+---+-----+-----+--------+--------+---------+------+------+-------+------+------+--------+--------+------+------+-------+-------+----------------+
+---+-----+-------+---+-----+-----+--------+--------+---------+------+------+-------+------+------+--------+--------+------+------+-------+-------+----------------+
|0-x| fr  |  time |hop| d0  | d1  |   fi   |  teta  |   dist  |  at  |  dev |   p   |  df  |  l   |   fot  |   tot  |  rot | lsp  |   pf  |    s  |                |
+---+-----+-------+---+-----+-----+--------+--------+---------+------+------+-------+------+------+--------+--------+------+------+-------+-------+----------------+
|  0|10.00|41766.2|  1|19.20|19.96|  44.826|  39.581| 1194.439|  -8.4|   0.2| 1306.8| 0.000|   0.0|  46.106|  44.701|168.85|   0.0|    0.0|    0.0|F2              |
|  0|10.00|41766.2|  1|16.80|17.18|  44.651|  38.141| 1354.280|  -7.7|   0.2| 1458.0| 0.000|   0.0|  45.993|  43.732|157.55|   0.0|    0.0|    0.0|F2              |
|  0|10.00|41766.2|  1|21.60|22.41|  44.886|  40.593| 1083.116|  -9.2|   0.2| 1205.3| 0.000|   0.0|  46.124|  45.214|176.60|   0.0|    0.0|    0.0|F2              |
|  0|10.00|41766.2|  1|24.00|24.75|  44.924|  41.313| 1004.056| -10.0|   0.1| 1138.6| 0.000|   0.0|  46.136|  45.583|183.67|   0.0|    0.0|    0.0|F2              |
|  0|10.00|41776.9|  1|19.20|19.96|  45.437|  39.542| 1192.059|  -6.3|   0.2| 1304.1| 0.000|   0.0|  46.379|  44.591|168.78|   0.0|    0.0|    0.0|F2              |
|  0|10.00|41787.5|  1| 6.60| 6.51|  44.855|  39.105| 1246.227|  -7.9|   0.0| 1272.6| 0.000|   0.0|  46.175|  44.591| 96.07|   0.0|    0.0|    0.0|E               |
|  0|10.00|41798.3|  1|18.60|19.33|  44.937|  39.217| 1232.988|  -7.7|   0.2| 1343.6| 0.000|   0.0|  46.141|  44.411|166.59|   0.0|    0.0|    0.0|F2              |
|  0|10.00|41798.3|  1|21.00|21.80|  44.823|  40.386| 1106.573|  -9.2|   0.2| 1226.0| 0.000|   0.0|  46.077|  45.026|174.54|   0.0|    0.0|    0.0|F2              |
|  0|10.00|41798.3|  1|19.80|20.59|  44.899|  39.862| 1162.833|  -8.4|   0.2| 1277.4| 0.000|   0.0|  46.124|  44.777|170.85|   0.0|    0.0|    0.0|F2              |
|  0|10.00|41809.0|  1|28.20|28.71|  45.962|  42.097|  905.436|  -6.3|   0.1| 1065.5| 0.000|   0.0|  46.644|  46.074|196.06|   0.0|    0.0|    0.0|F2              |
|  0|10.00|41820.8|  1|22.20|22.99|  45.494|  40.733| 1060.362|  -7.1|   0.1| 1185.3| 0.000|   0.0|  46.418|  45.311|178.59|   0.0|    0.0|    0.0|F2              |
|  0|10.00|41831.6|  1|19.80|20.59|  45.490|  39.826| 1160.284|  -6.3|   0.2| 1274.5| 0.000|   0.0|  46.406|  44.748|170.94|   0.0|    0.0|    0.0|F2              |
|  0|10.00|41831.6|  1|17.40|17.95|  44.974|  38.493| 1312.099|  -7.0|   0.2| 1418.4| 0.000|   0.0|  46.192|  44.154|161.61|   0.0|    0.0|    0.0|F2              |
|  0|10.00|41854.1|  1|27.00|27.58|  46.050|  41.870|  929.730|  -5.7|   0.1| 1081.9| 0.000|   0.0|  46.677|  45.895|192.56|   0.0|    0.0|    0.0|F2              |
|  0|10.00|41864.8|  1|12.60|12.45|  45.309|  41.503|  977.989|  -8.6|   0.0| 1020.1| 0.000|   0.0|  46.348|  45.770|103.69|   0.0|    0.0|    0.0|E               |
|  0|10.00|41890.7|  1|24.59|25.30|  45.634|  41.382|  987.482|  -7.1|   0.1| 1125.2| 0.000|   0.0|  46.481|  45.642|185.70|   0.0|    0.0|    0.0|F2              |
|  0|10.00|41903.3|  1|24.61|25.31|  45.635|  41.387|  986.961|  -7.1|   0.1| 1124.7| 0.000|   0.0|  46.481|  45.643|185.78|   0.0|    0.0|    0.0|F2              |
|  0|10.00|41933.5|  1|25.80|26.45|  45.849|  41.640|  956.954|  -6.4|   0.1| 1101.7| 0.000|   0.0|  46.595|  45.846|189.39|   0.0|    0.0|    0.0|F2              |
|  0|10.00|41945.5|  1|19.80|20.56|  45.286|  39.847| 1160.049|  -7.1|   0.1| 1274.2| 0.000|   0.0|  46.322|  44.817|171.28|   0.0|    0.0|    0.0|F2              |
|  0|10.00|41945.5|  1|22.20|22.97|  45.666|  40.718| 1060.283|  -6.4|   0.1| 1185.1| 0.000|   0.0|  46.500|  45.294|178.79|   0.0|    0.0|    0.0|F2              |
+---+-----+-------+---+-----+-----+--------+--------+---------+------+------+-------+------+------+--------+--------+------+------+-------+-------+----------------+
+---+-----+-------+---+-----+-----+--------+--------+---------+------+------+-------+------+------+--------+--------+------+------+-------+-------+----------------+
|0-x| fr  |  time |hop| d0  | d1  |   fi   |  teta  |   dist  |  at  |  dev |   p   |  df  |  l   |   fot  |   tot  |  rot | lsp  |   pf  |    s  |                |
+---+-----+-------+---+-----+-----+--------+--------+---------+------+------+-------+------+------+--------+--------+------+------+-------+-------+----------------+
|  0|10.00|41956.3|  1|24.60|25.30|  45.795|  41.369|  987.287|  -6.4|   0.1| 1125.0| 0.000|   0.0|  46.559|  45.635|185.86|   0.0|    0.0|    0.0|F2              |
|  0|10.00|41968.1|  1|15.60|15.69|  44.653|  37.302| 1446.317|  -7.1|   0.1| 1545.2| 0.000|   0.0|  46.074|  43.576|152.14|   0.0|    0.0|    0.0|F2              |
|  0|10.00|41981.0|  1|22.20|22.97|  45.664|  40.718| 1060.323|  -6.4|   0.1| 1185.2| 0.000|   0.0|  46.500|  45.294|178.85|   0.0|    0.0|    0.0|F2              |
|  0|10.00|41992.8|  1|15.60|15.71|  44.909|  37.285| 1445.674|  -6.4|   0.1| 1544.6| 0.000|   0.0|  46.191|  43.565|152.34|   0.0|    0.0|    0.0|F2              |
|  0|10.00|41992.8|  1|26.40|27.01|  45.872|  41.763|  943.189|  -6.4|   0.1| 1091.6| 0.000|   0.0|  46.584|  45.784|190.83|   0.0|    0.0|    0.0|F2              |
|  0|10.00|42008.0|  1|17.40|17.98|  45.413|  38.467| 1310.854|  -5.7|   0.1| 1417.2| 0.000|   0.0|  46.399|  44.115|162.39|   0.0|    0.0|    0.0|F2              |
|  0|10.00|42008.0|  1|27.00|27.58|  45.894|  41.880|  930.085|  -6.4|   0.1| 1082.3| 0.000|   0.0|  46.598|  45.863|192.65|   0.0|    0.0|    0.0|F2              |
|  0|10.00|42019.9|  1|28.80|29.27|  45.810|  42.209|  894.625|  -7.1|   0.1| 1058.8| 0.000|   0.0|  46.551|  46.014|197.67|   0.0|    0.0|    0.0|F2              |
|  0|10.00|42031.4|  1|12.60|12.42|  45.915|  41.249|  999.490|  -5.8|   0.0| 1042.7| 0.000|   0.0|  46.637|  45.656|104.14|   0.0|    0.0|    0.0|E               |
|  0|10.00|42031.4|  1|28.20|28.71|  45.789|  42.109|  905.861|  -7.1|   0.1| 1066.0| 0.000|   0.0|  46.561|  46.067|196.39|   0.0|    0.0|    0.0|F2              |
|  0|10.00|42043.9|  1|28.80|29.27|  45.955|  42.196|  894.651|  -6.4|   0.1| 1058.9| 0.000|   0.0|  46.625|  46.026|197.83|   0.0|    0.0|    0.0|F2              |
|  0|10.00|42054.6|  1|28.20|28.71|  45.935|  42.095|  905.900|  -6.4|   0.1| 1066.0| 0.000|   0.0|  46.631|  46.060|196.45|   0.0|    0.0|    0.0|F2              |
|  0|10.00|42065.5|  1|25.79|26.43|  45.688|  41.649|  957.508|  -7.1|   0.1| 1102.2| 0.000|   0.0|  46.520|  45.852|189.57|   0.0|    0.0|    0.0|F2              |
|  0|10.00|42076.2|  1|28.80|29.27|  45.809|  42.208|  894.713|  -7.1|   0.1| 1058.9| 0.000|   0.0|  46.551|  46.014|197.76|   0.0|    0.0|    0.0|F2              |
|  0|10.00|42088.1|  1|27.60|28.14|  45.765|  42.003|  917.795|  -7.1|   0.1| 1073.9| 0.000|   0.0|  46.542|  45.967|194.65|   0.0|    0.0|    0.0|F2              |
|  0|10.00|42100.2|  1|27.00|27.58|  45.740|  41.892|  930.267|  -7.1|   0.1| 1082.5| 0.000|   0.0|  46.524|  45.870|192.79|   0.0|    0.0|    0.0|F2              |
|  0|10.00|42110.9|  1|15.00|14.97|  44.784|  36.811| 1498.950|  -6.4|   0.1| 1595.8| 0.000|   0.0|  46.138|  43.282|149.08|   0.0|    0.0|    0.0|F2              |
|  0|10.00|42110.9|  1|27.00|27.57|  45.892|  41.878|  930.297|  -6.4|   0.1| 1082.5| 0.000|   0.0|  46.602|  45.891|192.95|   0.0|    0.0|    0.0|F2              |
|  0|10.00|42121.7|  1|25.21|25.87|  45.818|  41.507|  971.836|  -6.4|   0.1| 1113.1| 0.000|   0.0|  46.572|  45.718|187.93|   0.0|    0.0|    0.0|F2              |
|  0|10.00|42134.6|  1|25.80|26.43|  45.843|  41.636|  957.404|  -6.4|   0.1| 1102.2| 0.000|   0.0|  46.591|  45.827|189.71|   0.0|    0.0|    0.0|F2              |
+---+-----+-------+---+-----+-----+--------+--------+---------+------+------+-------+------+------+--------+--------+------+------+-------+-------+----------------+
+---+-----+-------+---+-----+-----+--------+--------+---------+------+------+-------+------+------+--------+--------+------+------+-------+-------+----------------+
|0-x| fr  |  time |hop| d0  | d1  |   fi   |  teta  |   dist  |  at  |  dev |   p   |  df  |  l   |   fot  |   tot  |  rot | lsp  |   pf  |    s  |                |
+---+-----+-------+---+-----+-----+--------+--------+---------+------+------+-------+------+------+--------+--------+------+------+-------+-------+----------------+
|  0|10.00|42157.4|  1|13.80|13.32|  44.165|  35.561| 1642.546|  -7.1|   0.1| 1736.0| 0.000|   0.0|  45.877|  42.627|140.44|   0.0|    0.0|    0.0|F2              |
|  0|10.00|42169.2|  1|12.00|11.87|  45.670|  41.666|  955.827|  -7.2|   0.0|  993.9| 0.000|   0.0|  46.530|  45.919|102.22|   0.0|    0.0|    0.0|E               |
|  0|10.00|42181.0|  1| 9.60| 9.51|  45.694|  41.004| 1028.498|  -6.5|   0.0| 1059.4| 0.000|   0.0|  46.537|  45.528| 98.54|   0.0|    0.0|    0.0|E               |
|  0|10.00|42193.9|  1|10.80|10.70|  45.475|  41.522|  973.835|  -7.9|   0.0| 1007.4| 0.000|   0.0|  46.444|  45.857|100.06|   0.0|    0.0|    0.0|E               |
|  0|10.00|42204.7|  1|13.80|13.35|  44.163|  35.564| 1642.226|  -7.1|   0.1| 1735.8| 0.000|   0.0|  45.877|  42.627|140.75|   0.0|    0.0|    0.0|F2              |
|  0|10.00|42217.6|  1| 7.20| 7.12|  45.180|  39.541| 1194.810|  -7.2|   0.0| 1222.0| 0.000|   0.0|  46.318|  44.811| 96.60|   0.0|    0.0|    0.0|E               |
|  0|10.00|42229.4|  1|14.40|14.20|  44.064|  36.283| 1564.532|  -7.8|   0.1| 1659.8| 0.000|   0.0|  45.766|  42.750|145.02|   0.0|    0.0|    0.0|F2              |
|  0|10.00|42229.4|  1|19.80|20.46|  44.657|  39.934| 1158.128|  -9.4|   0.0| 1271.6| 0.000|   0.0|  46.029|  44.850|171.64|   0.0|    0.0|    0.0|F2              |
|  0|10.00|42229.4|  1|21.00|21.69|  44.622|  40.432| 1104.391| -10.0|   0.1| 1223.0| 0.000|   0.0|  45.993|  45.067|175.17|   0.0|    0.0|    0.0|F2              |
|  0|10.00|42241.3|  1|10.80|10.70|  45.632|  41.498|  974.751|  -7.2|   0.0| 1008.4| 0.000|   0.0|  46.517|  45.850|100.10|   0.0|    0.0|    0.0|E               |
|  0|10.00|42252.0|  1|13.20|12.49|  43.800|  34.295| 1785.231|  -7.1|   0.1| 1880.8| 0.000|   0.0|  45.733|  41.949|136.00|   0.0|    0.0|    0.0|F2              |
|  0|10.00|42263.8|  1|13.20|12.50|  43.448|  34.289| 1789.800|  -7.8|   0.1| 1885.7| 0.000|   0.0|  45.584|  41.965|136.12|   0.0|    0.0|    0.0|F2              |
|  0|10.00|42286.6|  1|16.80|17.27|  44.553|  38.134| 1356.206|  -8.0|   0.0| 1460.7| 0.000|   0.0|  45.953|  43.654|159.62|   0.0|    0.0|    0.0|F2              |
|  0|10.00|42297.3|  1|18.00|18.64|  45.019|  38.875| 1269.718|  -7.2|   0.0| 1378.0| 0.000|   0.0|  46.225|  44.340|165.92|   0.0|    0.0|    0.0|F2              |
|  0|10.00|42310.2|  1|22.80|23.49|  44.631|  41.015| 1040.909| -10.7|   0.1| 1168.6| 0.000|   0.0|  46.015|  45.459|181.03|   0.0|    0.0|    0.0|F2              |
|  0|10.00|42320.9|  1|16.20|16.56|  44.468|  37.723| 1402.236|  -7.9|  -0.0| 1504.6| 0.000|   0.0|  45.985|  43.724|157.54|   0.0|    0.0|    0.0|F2              |
|  0|10.00|42331.7|  1|16.20|16.59|  45.002|  37.690| 1400.168|  -6.4|  -0.0| 1502.4| 0.000|   0.0|  46.230|  43.700|157.59|   0.0|    0.0|    0.0|F2              |
|  0|10.00|42342.4|  1|12.60|12.40|  45.685|  40.930| 1036.794|  -6.5|   0.0| 1082.1| 0.000|   0.0|  46.531|  45.494|104.80|   0.0|    0.0|    0.0|E               |
|  0|10.00|42342.4|  1| 6.60| 6.50|  45.490|  39.015| 1249.682|  -5.8|   0.0| 1276.2| 0.000|   0.0|  46.468|  44.564| 96.30|   0.0|    0.0|    0.0|E               |
|  0|10.00|42355.5|  1| 7.20| 7.11|  45.380|  39.512| 1195.953|  -6.5|   0.0| 1223.1| 0.000|   0.0|  46.411|  44.803| 96.66|   0.0|    0.0|    0.0|E               |
+---+-----+-------+---+-----+-----+--------+--------+---------+------+------+-------+------+------+--------+--------+------+------+-------+-------+----------------+
+---+-----+-------+---+-----+-----+--------+--------+---------+------+------+-------+------+------+--------+--------+------+------+-------+-------+----------------+
|0-x| fr  |  time |hop| d0  | d1  |   fi   |  teta  |   dist  |  at  |  dev |   p   |  df  |  l   |   fot  |   tot  |  rot | lsp  |   pf  |    s  |                |
+---+-----+-------+---+-----+-----+--------+--------+---------+------+------+-------+------+------+--------+--------+------+------+-------+-------+----------------+
|  0|10.00|42367.3|  1| 9.60| 9.51|  45.353|  41.029| 1029.394|  -7.9|   0.0| 1060.3| 0.000|   0.0|  46.378|  45.543| 98.62|   0.0|    0.0|    0.0|E               |
|  0|10.00|42367.3|  1|12.00|11.88|  45.349|  41.659|  960.357|  -8.6|   0.0|  998.7| 0.000|   0.0|  46.347|  45.766|102.12|   0.0|    0.0|    0.0|E               |
|  0|10.00|42382.4|  1|18.00|18.57|  44.105|  38.973| 1270.694| -10.1|  -0.0| 1378.8| 0.000|   0.0|  45.804|  44.389|166.10|   0.0|    0.0|    0.0|F2              |
|  0|10.00|42382.4|  1| 7.80| 7.71|  45.473|  39.942| 1147.633|  -6.5|   0.0| 1175.6| 0.000|   0.0|  46.456|  45.059| 97.16|   0.0|    0.0|    0.0|E               |
|  0|10.00|42382.4|  1|10.20|10.11|  45.581|  41.272| 1000.107|  -7.2|   0.0| 1032.3| 0.000|   0.0|  46.480|  45.655| 99.28|   0.0|    0.0|    0.0|E               |
|  0|10.00|42395.5|  1|16.20|16.58|  44.458|  37.723| 1402.317|  -7.9|  -0.0| 1504.8| 0.000|   0.0|  45.985|  43.724|157.93|   0.0|    0.0|    0.0|F2              |
|  0|10.00|42406.2|  1| 6.60| 6.51|  45.276|  39.033| 1249.702|  -6.5|   0.0| 1276.2| 0.000|   0.0|  46.370|  44.572| 96.31|   0.0|    0.0|    0.0|E               |
|  0|10.00|42418.0|  1|17.40|17.95|  44.455|  38.550| 1311.882|  -8.6|  -0.0| 1418.3| 0.000|   0.0|  45.955|  44.087|163.71|   0.0|    0.0|    0.0|F2              |
|  0|10.00|42418.0|  1|16.20|16.59|  44.456|  37.723| 1402.312|  -7.9|  -0.0| 1504.8| 0.000|   0.0|  45.984|  43.724|158.05|   0.0|    0.0|    0.0|F2              |
|  0|10.00|42428.8|  1|16.20|16.60|  44.704|  37.706| 1401.370|  -7.2|  -0.0| 1503.9| 0.000|   0.0|  46.058|  43.519|157.68|   0.0|    0.0|    0.0|F2              |
|  0|10.00|42440.6|  1|16.20|16.59|  44.203|  37.743| 1403.280|  -8.6|  -0.0| 1505.9| 0.000|   0.0|  45.870|  43.737|158.19|   0.0|    0.0|    0.0|F2              |
|  0|10.00|42452.4|  1|15.60|15.88|  44.589|  37.272| 1450.342|  -7.2|  -0.0| 1550.7| 0.000|   0.0|  46.050|  43.475|154.82|   0.0|    0.0|    0.0|F2              |
|  0|10.00|42476.2|  1|18.60|19.21|  45.103|  39.276| 1224.734|  -7.2|  -0.0| 1334.0| 0.000|   0.0|  46.270|  44.572|168.53|   0.0|    0.0|    0.0|F2              |
|  0|10.00|42488.0|  1|11.40|11.28|  45.969|  41.565|  964.163|  -5.8|   0.0|  999.9| 0.000|   0.0|  46.655|  45.768|101.07|   0.0|    0.0|    0.0|E               |
|  0|10.00|42499.9|  1|16.20|16.61|  44.446|  37.725| 1402.261|  -8.0|  -0.1| 1504.9| 0.000|   0.0|  45.986|  43.735|158.46|   0.0|    0.0|    0.0|F2              |
|  0|10.00|42511.8|  1|15.00|15.15|  44.460|  36.799| 1503.590|  -7.2|  -0.0| 1601.9| 0.000|   0.0|  46.009|  43.275|151.49|   0.0|    0.0|    0.0|F2              |
|  0|10.00|42523.7|  1|18.60|19.15|  44.473|  39.349| 1224.483|  -9.4|  -0.1| 1333.4| 0.000|   0.0|  45.978|  44.605|168.57|   0.0|    0.0|    0.0|F2              |
|  0|10.00|42539.9|  1|15.00|15.17|  44.457|  36.799| 1503.664|  -7.2|  -0.0| 1602.0| 0.000|   0.0|  45.948|  42.987|151.15|   0.0|    0.0|    0.0|F2              |
|  0|10.00|42564.3|  1|14.40|14.40|  44.316|  36.263| 1563.904|  -7.2|  -0.0| 1660.3| 0.000|   0.0|  45.915|  42.821|147.58|   0.0|    0.0|    0.0|F2              |
|  0|10.00|42564.3|  1|16.20|16.63|  44.439|  37.728| 1402.036|  -8.0|  -0.1| 1504.8| 0.000|   0.0|  45.985|  43.735|158.78|   0.0|    0.0|    0.0|F2              |
+---+-----+-------+---+-----+-----+--------+--------+---------+------+------+-------+------+------+--------+--------+------+------+-------+-------+----------------+
+---+-----+-------+---+-----+-----+--------+--------+---------+------+------+-------+------+------+--------+--------+------+------+-------+-------+----------------+
|0-x| fr  |  time |hop| d0  | d1  |   fi   |  teta  |   dist  |  at  |  dev |   p   |  df  |  l   |   fot  |   tot  |  rot | lsp  |   pf  |    s  |                |
+---+-----+-------+---+-----+-----+--------+--------+---------+------+------+-------+------+------+--------+--------+------+------+-------+-------+----------------+
|  0|10.00|42564.3|  1|18.00|18.57|  44.529|  38.948| 1267.478|  -8.8|  -0.1| 1375.3| 0.000|   0.0|  46.000|  44.344|166.64|   0.0|    0.0|    0.0|F2              |
|  0|10.00|42575.2|  1|12.60|12.35|  45.575|  40.384| 1098.017|  -6.5|   0.0| 1146.7| 0.000|   0.0|  46.473|  45.156|105.51|   0.0|    0.0|    0.0|E               |
|  0|10.00|42585.9|  1|14.40|14.41|  44.314|  36.264| 1563.866|  -7.2|  -0.0| 1660.3| 0.000|   0.0|  45.941|  42.945|147.89|   0.0|    0.0|    0.0|F2              |
|  0|10.00|42585.9|  1|16.20|16.64|  44.436|  37.729| 1401.922|  -8.0|  -0.1| 1504.7| 0.000|   0.0|  45.985|  43.735|158.89|   0.0|    0.0|    0.0|F2              |
|  0|10.00|42596.6|  1|13.20|12.73|  43.525|  34.589| 1756.063|  -7.9|   0.0| 1851.4| 0.000|   0.0|  45.563|  41.885|138.23|   0.0|    0.0|    0.0|F2              |
|  0|10.00|42607.3|  1|13.80|13.59|  44.451|  35.604| 1634.929|  -6.5|   0.0| 1729.5| 0.000|   0.0|  45.980|  42.451|143.19|   0.0|    0.0|    0.0|F2              |
|  0|10.00|42618.0|  1|15.00|15.21|  44.172|  36.813| 1505.356|  -8.0|  -0.1| 1604.1| 0.000|   0.0|  45.852|  43.144|152.13|   0.0|    0.0|    0.0|F2              |
|  0|10.00|42629.9|  1|28.80|29.26|  46.089|  42.176|  895.572|  -5.7|   0.1| 1060.0| 0.000|   0.0|  46.692|  46.002|198.72|   0.0|    0.0|    0.0|F2              |
|  0|10.00|42629.9|  1|12.00|11.87|  45.484|  41.553|  970.387|  -7.9|   0.0| 1009.2| 0.000|   0.0|  46.423|  45.757|102.55|   0.0|    0.0|    0.0|E               |
|  0|10.00|42641.7|  1|13.20|12.77|  43.533|  34.623| 1752.323|  -7.9|   0.0| 1847.6| 0.000|   0.0|  45.593|  42.010|138.76|   0.0|    0.0|    0.0|F2              |
|  0|10.00|42653.5|  1| 8.40| 8.31|  45.552|  40.318| 1105.523|  -6.5|   0.0| 1134.4| 0.000|   0.0|  46.490|  45.257| 97.74|   0.0|    0.0|    0.0|E               |
|  0|10.00|42666.6|  1|14.40|14.46|  44.306|  36.267| 1563.604|  -7.3|  -0.1| 1660.3| 0.000|   0.0|  45.936|  42.925|148.42|   0.0|    0.0|    0.0|F2              |
|  0|10.00|42679.6|  1|18.00|18.53|  44.337|  38.987| 1265.808|  -9.4|  -0.1| 1373.3| 0.000|   0.0|  45.912|  44.354|166.93|   0.0|    0.0|    0.0|F2              |
|  0|10.00|42691.7|  1|15.00|15.25|  44.439|  36.801| 1503.633|  -7.3|  -0.1| 1602.5| 0.000|   0.0|  45.942|  42.967|152.06|   0.0|    0.0|    0.0|F2              |
|  0|10.00|42707.9|  1|14.40|14.49|  44.302|  36.269| 1563.386|  -7.3|  -0.1| 1660.2| 0.000|   0.0|  45.882|  42.678|148.21|   0.0|    0.0|    0.0|F2              |
|  0|10.00|42719.8|  1| 8.40| 8.31|  45.367|  40.333| 1105.656|  -7.2|   0.0| 1134.6| 0.000|   0.0|  46.406|  45.264| 97.75|   0.0|    0.0|    0.0|E               |
|  0|10.00|42719.8|  1|12.60|12.30|  45.049|  39.788| 1169.117|  -7.8|   0.1| 1221.7| 0.000|   0.0|  46.228|  44.836|106.04|   0.0|    0.0|    0.0|E               |
|  0|10.00|42731.7|  1|16.80|17.36|  45.020|  38.119| 1352.791|  -6.6|  -0.1| 1457.4| 0.000|   0.0|  46.230|  43.815|162.15|   0.0|    0.0|    0.0|F2              |
|  0|10.00|42754.2|  1|16.80|17.33|  44.540|  38.162| 1353.297|  -8.1|  -0.2| 1457.9| 0.000|   0.0|  46.005|  43.836|162.31|   0.0|    0.0|    0.0|F2              |
|  0|10.00|42768.3|  1|16.80|17.33|  44.539|  38.163| 1353.161|  -8.1|  -0.2| 1457.7| 0.000|   0.0|  46.005|  43.836|162.36|   0.0|    0.0|    0.0|F2              |
+---+-----+-------+---+-----+-----+--------+--------+---------+------+------+-------+------+------+--------+--------+------+------+-------+-------+----------------+
+---+-----+-------+---+-----+-----+--------+--------+---------+------+------+-------+------+------+--------+--------+------+------+-------+-------+----------------+
|0-x| fr  |  time |hop| d0  | d1  |   fi   |  teta  |   dist  |  at  |  dev |   p   |  df  |  l   |   fot  |   tot  |  rot | lsp  |   pf  |    s  |                |
+---+-----+-------+---+-----+-----+--------+--------+---------+------+------+-------+------+------+--------+--------+------+------+-------+-------+----------------+
|  0|10.00|42780.1|  1|17.40|17.98|  44.881|  38.537| 1308.289|  -7.3|  -0.1| 1414.6| 0.000|   0.0|  46.168|  44.075|164.95|   0.0|    0.0|    0.0|F2              |
|  0|10.00|42793.2|  1|13.20|12.81|  44.564|  34.721| 1731.043|  -5.8|   0.0| 1825.3| 0.000|   0.0|  46.054|  42.053|139.36|   0.0|    0.0|    0.0|F2              |
|  0|10.00|42806.2|  1|18.60|19.10|  44.669|  39.366| 1220.028|  -8.7|  -0.1| 1328.3| 0.000|   0.0|  46.075|  44.603|169.18|   0.0|    0.0|    0.0|F2              |
|  0|10.00|42806.2|  1|16.20|16.69|  44.413|  37.745| 1400.471|  -8.1|  -0.2| 1503.4| 0.000|   0.0|  45.985|  43.746|159.96|   0.0|    0.0|    0.0|F2              |
|  0|10.00|42806.2|  1|12.00|11.86|  45.627|  41.463|  978.633|  -7.2|   0.0| 1017.9| 0.000|   0.0|  46.498|  45.750|102.85|   0.0|    0.0|    0.0|E               |
|  0|10.00|42821.3|  1|18.00|18.55|  44.764|  38.958| 1263.462|  -8.1|  -0.2| 1370.8| 0.000|   0.0|  46.121|  44.361|167.36|   0.0|    0.0|    0.0|F2              |
|  0|10.00|42835.5|  1|16.20|16.70|  44.411|  37.748| 1400.178|  -8.1|  -0.2| 1503.1| 0.000|   0.0|  45.985|  43.746|160.10|   0.0|    0.0|    0.0|F2              |
|  0|10.00|42846.2|  1|16.20|16.70|  44.410|  37.749| 1400.070|  -8.1|  -0.2| 1503.0| 0.000|   0.0|  45.985|  43.746|160.15|   0.0|    0.0|    0.0|F2              |
|  0|10.00|42857.0|  1|14.40|14.57|  44.578|  36.270| 1560.431|  -6.6|  -0.1| 1657.5| 0.000|   0.0|  46.016|  42.666|149.02|   0.0|    0.0|    0.0|F2              |
|  0|10.00|42867.6|  1|14.40|14.60|  44.286|  36.282| 1562.149|  -7.3|  -0.1| 1659.5| 0.000|   0.0|  45.881|  42.679|149.33|   0.0|    0.0|    0.0|F2              |
|  0|10.00|42878.3|  1|12.00|11.86|  45.779|  41.409|  983.009|  -6.5|   0.0| 1022.5| 0.000|   0.0|  46.574|  45.743|102.99|   0.0|    0.0|    0.0|E               |
|  0|10.00|42899.8|  1|15.00|15.36|  44.416|  36.812| 1502.623|  -7.4|  -0.2| 1602.0| 0.000|   0.0|  45.962|  43.071|153.65|   0.0|    0.0|    0.0|F2              |
|  0|10.00|42899.8|  1|16.20|16.72|  44.405|  37.755| 1399.494|  -8.1|  -0.2| 1502.5| 0.000|   0.0|  45.980|  43.726|160.39|   0.0|    0.0|    0.0|F2              |
|  0|10.00|42910.6|  1| 6.00| 5.90|  45.154|  38.488| 1310.872|  -6.5|   0.0| 1336.8| 0.000|   0.0|  46.318|  44.279| 96.05|   0.0|    0.0|    0.0|E               |
|  0|10.00|42910.6|  1|16.80|17.36|  44.765|  38.155| 1351.509|  -7.4|  -0.2| 1456.1| 0.000|   0.0|  46.116|  43.825|162.86|   0.0|    0.0|    0.0|F2              |
|  0|10.00|42921.3|  1|17.40|17.96|  44.642|  38.575| 1306.884|  -8.1|  -0.2| 1412.9| 0.000|   0.0|  46.064|  44.106|165.45|   0.0|    0.0|    0.0|F2              |
|  0|10.00|42921.3|  1|13.20|12.98|  43.902|  34.794| 1729.414|  -7.2|  -0.0| 1824.5| 0.000|   0.0|  45.768|  42.122|140.73|   0.0|    0.0|    0.0|F2              |
|  0|10.00|42921.3|  1|19.80|20.29|  44.854|  39.982| 1150.210|  -8.7|  -0.1| 1262.0| 0.000|   0.0|  46.129|  44.837|172.55|   0.0|    0.0|    0.0|F2              |
|  0|10.00|42921.3|  1| 7.80| 7.71|  45.468|  39.915| 1150.734|  -6.5|   0.0| 1178.8| 0.000|   0.0|  46.456|  45.059| 97.35|   0.0|    0.0|    0.0|E               |
|  0|10.00|42932.1|  1| 7.80| 7.71|  45.661|  39.895| 1151.168|  -5.8|   0.0| 1179.3| 0.000|   0.0|  46.544|  45.051| 97.37|   0.0|    0.0|    0.0|E               |
+---+-----+-------+---+-----+-----+--------+--------+---------+------+------+-------+------+------+--------+--------+------+------+-------+-------+----------------+
+---+-----+-------+---+-----+-----+--------+--------+---------+------+------+-------+------+------+--------+--------+------+------+-------+-------+----------------+
|0-x| fr  |  time |hop| d0  | d1  |   fi   |  teta  |   dist  |  at  |  dev |   p   |  df  |  l   |   fot  |   tot  |  rot | lsp  |   pf  |    s  |                |
+---+-----+-------+---+-----+-----+--------+--------+---------+------+------+-------+------+------+--------+--------+------+------+-------+-------+----------------+
|  0|10.00|42942.8|  1| 7.20| 7.11|  45.579|  39.465| 1199.334|  -5.8|   0.0| 1226.6| 0.000|   0.0|  46.504|  44.795| 96.90|   0.0|    0.0|    0.0|E               |
|  0|10.00|42942.8|  1|10.20|10.10|  45.736|  41.204| 1006.095|  -6.5|   0.0| 1038.6| 0.000|   0.0|  46.565|  45.690| 99.69|   0.0|    0.0|    0.0|E               |
|  0|10.00|42954.7|  1|12.00|11.86|  45.455|  41.429|  984.293|  -7.9|   0.0| 1023.9| 0.000|   0.0|  46.423|  45.757|103.03|   0.0|    0.0|    0.0|E               |
|  0|10.00|42954.7|  1| 9.00| 8.91|  45.444|  40.664| 1068.513|  -7.2|   0.0| 1098.5| 0.000|   0.0|  46.425|  45.363| 98.28|   0.0|    0.0|    0.0|E               |
|  0|10.00|42967.7|  1| 8.40| 8.31|  45.549|  40.299| 1107.623|  -6.5|   0.0| 1136.6| 0.000|   0.0|  46.475|  45.171| 97.72|   0.0|    0.0|    0.0|E               |
|  0|10.00|42980.6|  1|12.00|11.86|  45.634|  41.387|  986.951|  -7.1|   0.0| 1026.7| 0.000|   0.0|  46.509|  45.749|103.11|   0.0|    0.0|    0.0|E               |
|  0|10.00|42992.4|  1|10.80|10.69|  45.935|  41.375|  985.428|  -5.8|   0.0| 1019.6| 0.000|   0.0|  46.639|  45.666|100.35|   0.0|    0.0|    0.0|E               |
|  0|10.00|43004.3|  1|10.80|10.69|  45.774|  41.390|  985.173|  -6.5|   0.0| 1019.3| 0.000|   0.0|  46.562|  45.673|100.34|   0.0|    0.0|    0.0|E               |
|  0|10.00|43018.4|  1|18.60|19.07|  44.868|  39.369| 1217.147|  -8.1|  -0.2| 1325.0| 0.000|   0.0|  46.179|  44.633|169.64|   0.0|    0.0|    0.0|F2              |
|  0|10.00|43018.4|  1|21.00|21.57|  44.980|  40.397| 1103.219|  -8.7|  -0.1| 1221.2| 0.000|   0.0|  46.194|  45.112|176.65|   0.0|    0.0|    0.0|F2              |
|  0|10.00|43018.4|  1|14.40|14.71|  44.272|  36.299| 1560.505|  -7.4|  -0.2| 1658.3| 0.000|   0.0|  45.915|  42.845|150.72|   0.0|    0.0|    0.0|F2              |
|  0|10.00|43018.4|  1| 6.00| 5.90|  45.380|  38.461| 1311.725|  -5.8|   0.0| 1337.7| 0.000|   0.0|  46.421|  44.270| 96.10|   0.0|    0.0|    0.0|E               |
|  0|10.00|43018.4|  1|10.20|10.10|  45.734|  41.196| 1006.923|  -6.5|   0.0| 1039.4| 0.000|   0.0|  46.565|  45.690| 99.73|   0.0|    0.0|    0.0|E               |
|  0|10.00|43039.8|  1|10.80|10.70|  45.452|  41.425|  984.796|  -7.9|   0.0| 1018.9| 0.000|   0.0|  46.408|  45.687|100.33|   0.0|    0.0|    0.0|E               |
|  0|10.00|43050.6|  1| 7.20| 7.12|  45.171|  39.501| 1199.282|  -7.2|   0.0| 1226.6| 0.000|   0.0|  46.326|  44.854| 96.95|   0.0|    0.0|    0.0|E               |
|  0|10.00|43061.3|  1|15.60|16.13|  44.521|  37.302| 1447.733|  -7.4|  -0.2| 1549.2| 0.000|   0.0|  45.983|  43.192|157.40|   0.0|    0.0|    0.0|F2              |
|  0|10.00|43072.1|  1|19.20|19.68|  45.162|  39.674| 1180.367|  -7.4|  -0.2| 1289.9| 0.000|   0.0|  46.283|  44.661|171.08|   0.0|    0.0|    0.0|F2              |
|  0|10.00|43082.9|  1|16.80|17.38|  44.751|  38.173| 1349.644|  -7.5|  -0.3| 1454.2| 0.000|   0.0|  46.120|  43.856|163.55|   0.0|    0.0|    0.0|F2              |
|  0|10.00|43093.6|  1|18.00|18.52|  44.969|  38.977| 1258.981|  -7.4|  -0.2| 1365.8| 0.000|   0.0|  46.208|  44.291|167.79|   0.0|    0.0|    0.0|F2              |
|  0|10.00|43104.4|  1|12.60|12.22|  43.491|  33.316| 1895.687|  -7.1|   0.1| 1994.0| 0.000|   0.0|  45.464|  40.722|135.62|   0.0|    0.0|    0.0|F2              |
+---+-----+-------+---+-----+-----+--------+--------+---------+------+------+-------+------+------+--------+--------+------+------+-------+-------+----------------+
+---+-----+-------+---+-----+-----+--------+--------+---------+------+------+-------+------+------+--------+--------+------+------+-------+-------+----------------+
|0-x| fr  |  time |hop| d0  | d1  |   fi   |  teta  |   dist  |  at  |  dev |   p   |  df  |  l   |   fot  |   tot  |  rot | lsp  |   pf  |    s  |                |
+---+-----+-------+---+-----+-----+--------+--------+---------+------+------+-------+------+------+--------+--------+------+------+-------+-------+----------------+
|  0|10.00|43115.2|  1|16.80|17.38|  44.782|  38.173| 1349.290|  -7.4|  -0.3| 1453.8| 0.000|   0.0|  46.136|  43.855|163.66|   0.0|    0.0|    0.0|F2              |
|  0|10.00|43126.0|  1|11.40|11.27|  45.949|  41.446|  977.473|  -5.8|   0.0| 1013.9| 0.000|   0.0|  46.655|  45.769|101.71|   0.0|    0.0|    0.0|E               |
|  0|10.00|43139.8|  1|11.40|11.28|  45.789|  41.462|  977.155|  -6.5|   0.0| 1013.6| 0.000|   0.0|  46.579|  45.775|101.70|   0.0|    0.0|    0.0|E               |
|  0|10.00|43139.8|  1|15.60|16.16|  44.514|  37.311| 1446.818|  -7.5|  -0.3| 1548.4| 0.000|   0.0|  45.989|  43.223|157.93|   0.0|    0.0|    0.0|F2              |
|  0|10.00|43139.8|  1|22.80|23.40|  44.966|  40.967| 1041.186|  -9.4|  -0.1| 1168.6| 0.000|   0.0|  46.178|  45.407|182.33|   0.0|    0.0|    0.0|F2              |
|  0|10.00|43139.8|  1|21.00|21.55|  44.948|  40.402| 1103.123|  -8.8|  -0.1| 1221.0| 0.000|   0.0|  46.181|  45.113|176.83|   0.0|    0.0|    0.0|F2              |
|  0|10.00|43164.6|  1|15.00|15.49|  44.665|  36.820| 1499.205|  -6.7|  -0.2| 1599.0| 0.000|   0.0|  46.115|  43.204|155.17|   0.0|    0.0|    0.0|F2              |
|  0|10.00|43175.4|  1| 7.20| 7.11|  45.373|  39.472| 1200.363|  -6.5|   0.0| 1227.7| 0.000|   0.0|  46.403|  44.760| 96.87|   0.0|    0.0|    0.0|E               |
|  0|10.00|43175.4|  1|14.40|14.83|  44.258|  36.321| 1558.219|  -7.4|  -0.2| 1656.5| 0.000|   0.0|  45.918|  42.866|151.79|   0.0|    0.0|    0.0|F2              |
|  0|10.00|43186.2|  1|14.40|14.83|  44.258|  36.323| 1558.034|  -7.4|  -0.2| 1656.3| 0.000|   0.0|  45.918|  42.866|151.86|   0.0|    0.0|    0.0|F2              |
+---+-----+-------+---+-----+-----+--------+--------+---------+------+------+-------+------+------+--------+--------+------+------+-------+-------+----------------+