
delt0=     0.1  eps=   1e-05  ep=   1e-06  ep1=   0.001
Geomagnetic Field - const
fh= 1.34  i=  65.2  d=   6.8
Number TID: 1
Tid Parametres
  delt   lamb     t     b      a     fi
0.000   200.0  20.0 -45.0   45.0   0.000
delta=-0.000  r0= 200.0  lon=  39.000 lat=  55.000
Beta=  20.0  Alfa=   0.0 aX=  20.0 aY= 100.0 aZ=  20.0

lonIon=  40.000 latIon=  47.500 it=12.00 h_tec=450.0  TEC= 1.13000e+17
lonIon=  40.000 latIon=  47.500 it=12.25 h_tec=450.0  TEC= 1.13000e+17
lonIon=  40.000 latIon=  47.500 it=12.50 h_tec=450.0  TEC= 1.13000e+17
lonIon=  40.000 latIon=  47.500 it=12.75 h_tec=450.0  TEC= 1.13000e+17

Number diff. equation: 6

+==============================================================================+
|   Medium characteristics Sunspot number=  34.1 IG=  34.1   GMT time:12:00    |
|------------------------------------------------------------------------------|
|   S   | fh |  I  |   D  | fd |  hd | fe |  he | ff1 | hf1 | ff2 | hf2 |   Hi |
|-------+----+-----+------+----+-----+----+-----+-----+-----+-----+-----+------|
|    0.0|1.21| 50.6|   2.5|0.23| 81.1|3.01|110.0| 0.00|  0.0| 8.74|275.0|  46.9|
+==============================================================================+

+==================================+
|       Es-layer parametres        |
|----------------------------------|
|   S   | hEs | fbEs | f0Es | P Es |
|-------+-----+------+------+------|
|    0.0|117.3| 3.37 | 3.54 | 64.6 |
+==================================+

|  0|10.00|43196.9|  1|17.40|18.21|  44.948|  38.557| 1305.315|  -7.2|   0.0| 1412.6| 0.000|   0.0|  46.179|  44.106|166.13|   0.0|    0.0|    0.0|F2              |
|  0|10.00|43196.9|  1|22.20|23.05|  45.826|  40.692| 1061.780|  -5.7|   0.1| 1187.5| 0.000|   0.0|  46.577|  45.259|181.46|   0.0|    0.0|    0.0|F2              |
|  0|10.00|43196.9|  1|20.40|21.28|  45.522|  40.107| 1129.036|  -6.4|   0.1| 1246.1| 0.000|   0.0|  46.426|  44.885|175.87|   0.0|    0.0|    0.0|F2              |
|  0|10.00|43207.5|  1|20.40|21.28|  45.905|  40.073| 1129.548|  -5.0|   0.1| 1246.6| 0.000|   0.0|  46.610|  44.871|175.95|   0.0|    0.0|    0.0|F2              |
+---+-----+-------+---+-----+-----+--------+--------+---------+------+------+-------+------+------+--------+--------+------+------+-------+-------+----------------+
+---+-----+-------+---+-----+-----+--------+--------+---------+------+------+-------+------+------+--------+--------+------+------+-------+-------+----------------+
|0-x| fr  |  time |hop| d0  | d1  |   fi   |  teta  |   dist  |  at  |  dev |   p   |  df  |  l   |   fot  |   tot  |  rot | lsp  |   pf  |    s  |                |
+---+-----+-------+---+-----+-----+--------+--------+---------+------+------+-------+------+------+--------+--------+------+------+-------+-------+----------------+
|  0|10.00|43221.6|  1|15.60|16.07|  44.895|  37.311| 1442.923|  -6.5|   0.0| 1543.9| 0.000|   0.0|  46.127|  43.221|156.61|   0.0|    0.0|    0.0|F2              |
|  0|10.00|43232.4|  1|19.80|20.68|  44.694|  39.965| 1154.275|  -9.3|   0.0| 1268.6| 0.000|   0.0|  46.032|  44.811|174.04|   0.0|    0.0|    0.0|F2              |
|  0|10.00|43243.1|  1|16.20|16.82|  44.501|  37.783| 1395.208|  -7.9|   0.0| 1498.6| 0.000|   0.0|  45.969|  43.646|160.52|   0.0|    0.0|    0.0|F2              |
|  0|10.00|43253.9|  1|13.80|13.66|  44.226|  35.778| 1618.090|  -7.1|   0.1| 1712.3| 0.000|   0.0|  45.905|  42.757|145.26|   0.0|    0.0|    0.0|F2              |
|  0|10.00|43264.7|  1|16.20|16.83|  44.750|  37.764| 1394.598|  -7.2|   0.0| 1498.0| 0.000|   0.0|  46.085|  43.634|160.59|   0.0|    0.0|    0.0|F2              |
|  0|10.00|43275.5|  1|19.80|20.69|  45.083|  39.914| 1154.877|  -7.8|   0.1| 1269.3| 0.000|   0.0|  46.219|  44.789|174.21|   0.0|    0.0|    0.0|F2              |
|  0|10.00|43287.4|  1|12.60|11.89|  43.542|  33.394| 1886.607|  -7.1|   0.1| 1983.1| 0.000|   0.0|  45.642|  41.519|135.33|   0.0|    0.0|    0.0|F2              |
|  0|10.00|43300.3|  1|22.20|23.07|  45.472|  40.722| 1061.813|  -7.1|   0.1| 1187.7| 0.000|   0.0|  46.408|  45.274|181.67|   0.0|    0.0|    0.0|F2              |
|  0|10.00|43312.2|  1|13.80|13.69|  43.588|  35.830| 1619.837|  -8.6|   0.1| 1714.3| 0.000|   0.0|  45.557|  42.540|145.11|   0.0|    0.0|    0.0|F2              |
|  0|10.00|43324.0|  1| 7.80| 7.72|  44.882|  39.952| 1153.165|  -8.6|   0.0| 1181.4| 0.000|   0.0|  46.172|  45.000| 97.41|   0.0|    0.0|    0.0|E               |
|  0|10.00|43336.0|  1|12.60|11.91|  43.573|  33.490| 1875.766|  -7.1|   0.1| 1971.7| 0.000|   0.0|  45.661|  41.604|135.51|   0.0|    0.0|    0.0|F2              |
|  0|10.00|43350.1|  1|13.20|12.82|  44.673|  35.026| 1696.531|  -5.7|   0.1| 1789.1| 0.000|   0.0|  46.108|  42.349|140.80|   0.0|    0.0|    0.0|F2              |
|  0|10.00|43360.9|  1| 9.60| 9.51|  45.504|  40.922| 1039.468|  -7.2|   0.0| 1070.8| 0.000|   0.0|  46.450|  45.493| 99.17|   0.0|    0.0|    0.0|E               |
|  0|10.00|43371.6|  1|12.60|11.91|  43.970|  33.577| 1862.246|  -6.4|   0.1| 1957.4| 0.000|   0.0|  45.794|  41.464|135.44|   0.0|    0.0|    0.0|F2              |
|  0|10.00|43371.6|  1|12.00|11.84|  45.714|  41.073| 1020.755|  -6.5|   0.0| 1062.3| 0.000|   0.0|  46.531|  45.489|103.82|   0.0|    0.0|    0.0|E               |
|  0|10.00|43383.4|  1|14.40|14.55|  44.965|  36.360| 1547.035|  -5.7|   0.1| 1643.3| 0.000|   0.0|  46.225|  43.050|150.18|   0.0|    0.0|    0.0|F2              |
|  0|10.00|43394.2|  1|11.40|11.28|  45.612|  41.395|  986.345|  -7.2|   0.0| 1023.2| 0.000|   0.0|  46.504|  45.782|102.08|   0.0|    0.0|    0.0|E               |
|  0|10.00|43407.2|  1|12.00|11.83|  45.708|  41.040| 1024.394|  -6.5|   0.0| 1066.1| 0.000|   0.0|  46.531|  45.489|103.93|   0.0|    0.0|    0.0|E               |
|  0|10.00|43420.2|  1| 9.60| 9.51|  45.503|  40.916| 1040.163|  -7.2|   0.0| 1071.6| 0.000|   0.0|  46.450|  45.493| 99.22|   0.0|    0.0|    0.0|E               |
|  0|10.00|43430.9|  1| 9.60| 9.51|  45.502|  40.915| 1040.297|  -7.2|   0.0| 1071.7| 0.000|   0.0|  46.450|  45.493| 99.23|   0.0|    0.0|    0.0|E               |
+---+-----+-------+---+-----+-----+--------+--------+---------+------+------+-------+------+------+--------+--------+------+------+-------+-------+----------------+
+---+-----+-------+---+-----+-----+--------+--------+---------+------+------+-------+------+------+--------+--------+------+------+-------+-------+----------------+
|0-x| fr  |  time |hop| d0  | d1  |   fi   |  teta  |   dist  |  at  |  dev |   p   |  df  |  l   |   fot  |   tot  |  rot | lsp  |   pf  |    s  |                |
+---+-----+-------+---+-----+-----+--------+--------+---------+------+------+-------+------+------+--------+--------+------+------+-------+-------+----------------+
|  0|10.00|43442.7|  1|10.80|10.69|  45.596|  41.327|  993.965|  -7.2|   0.0| 1028.5| 0.000|   0.0|  46.501|  45.765|100.96|   0.0|    0.0|    0.0|E               |
|  0|10.00|43453.5|  1| 9.60| 9.50|  45.698|  40.890| 1041.022|  -6.4|   0.0| 1072.4| 0.000|   0.0|  46.541|  45.484| 99.27|   0.0|    0.0|    0.0|E               |
|  0|10.00|43464.2|  1|11.40|11.27|  45.768|  41.352|  989.495|  -6.5|   0.0| 1026.5| 0.000|   0.0|  46.579|  45.775|102.19|   0.0|    0.0|    0.0|E               |
|  0|10.00|43474.9|  1| 9.60| 9.50|  45.673|  40.890| 1041.252|  -6.5|   0.0| 1072.7| 0.000|   0.0|  46.530|  45.485| 99.28|   0.0|    0.0|    0.0|E               |
|  0|10.00|43486.8|  1|12.60|11.95|  44.025|  33.763| 1841.334|  -6.4|   0.1| 1935.6| 0.000|   0.0|  45.819|  41.591|135.91|   0.0|    0.0|    0.0|F2              |
|  0|10.00|43499.7|  1| 9.60| 9.50|  45.525|  40.904| 1041.227|  -7.1|   0.0| 1072.7| 0.000|   0.0|  46.461|  45.492| 99.28|   0.0|    0.0|    0.0|E               |
|  0|10.00|43510.3|  1|10.80|10.69|  45.593|  41.314|  995.415|  -7.2|   0.0| 1030.0| 0.000|   0.0|  46.469|  45.595|100.67|   0.0|    0.0|    0.0|E               |
|  0|10.00|43522.3|  1| 8.40| 8.31|  45.540|  40.251| 1112.988|  -6.5|   0.0| 1142.2| 0.000|   0.0|  46.475|  45.171| 98.10|   0.0|    0.0|    0.0|E               |
|  0|10.00|43533.0|  1|21.00|21.94|  45.016|  40.369| 1105.818|  -8.5|   0.1| 1226.2| 0.000|   0.0|  46.178|  45.026|178.48|   0.0|    0.0|    0.0|F2              |
|  0|10.00|43533.0|  1|16.20|16.93|  44.521|  37.806| 1392.494|  -7.8|   0.1| 1496.2| 0.000|   0.0|  45.968|  43.636|161.41|   0.0|    0.0|    0.0|F2              |
|  0|10.00|43533.0|  1| 8.40| 8.31|  45.540|  40.250| 1113.097|  -6.5|   0.0| 1142.3| 0.000|   0.0|  46.475|  45.171| 98.11|   0.0|    0.0|    0.0|E               |
|  0|10.00|43533.0|  1|12.00|11.83|  45.514|  40.946| 1036.752|  -7.2|   0.0| 1079.1| 0.000|   0.0|  46.450|  45.496|104.24|   0.0|    0.0|    0.0|E               |
|  0|10.00|43546.0|  1| 6.00| 5.89|  45.145|  38.443| 1315.871|  -6.5|   0.0| 1342.0| 0.000|   0.0|  46.318|  44.279| 96.39|   0.0|    0.0|    0.0|E               |
|  0|10.00|43557.9|  1|12.60|11.99|  43.692|  33.860| 1833.992|  -7.1|   0.1| 1928.0| 0.000|   0.0|  45.689|  41.731|136.24|   0.0|    0.0|    0.0|F2              |
|  0|10.00|43570.7|  1|12.60|12.00|  43.698|  33.878| 1831.927|  -7.1|   0.1| 1925.8| 0.000|   0.0|  45.671|  41.648|136.18|   0.0|    0.0|    0.0|F2              |
|  0|10.00|43581.5|  1|12.60|11.99|  44.064|  33.898| 1826.172|  -6.4|   0.1| 1919.7| 0.000|   0.0|  45.843|  41.717|136.34|   0.0|    0.0|    0.0|F2              |
|  0|10.00|43592.2|  1|12.60|11.99|  44.068|  33.912| 1824.523|  -6.4|   0.1| 1918.0| 0.000|   0.0|  45.843|  41.717|136.38|   0.0|    0.0|    0.0|F2              |
|  0|10.00|43602.9|  1|10.80|10.69|  45.589|  41.296|  997.439|  -7.2|   0.0| 1032.2| 0.000|   0.0|  46.469|  45.595|100.80|   0.0|    0.0|    0.0|E               |
|  0|10.00|43613.6|  1|12.00|11.81|  45.659|  40.796| 1051.785|  -6.5|   0.0| 1094.9| 0.000|   0.0|  46.531|  45.489|104.53|   0.0|    0.0|    0.0|E               |
|  0|10.00|43625.6|  1|13.20|12.94|  44.395|  35.168| 1683.358|  -6.4|   0.1| 1775.7| 0.000|   0.0|  45.928|  42.154|141.47|   0.0|    0.0|    0.0|F2              |
+---+-----+-------+---+-----+-----+--------+--------+---------+------+------+-------+------+------+--------+--------+------+------+-------+-------+----------------+
+---+-----+-------+---+-----+-----+--------+--------+---------+------+------+-------+------+------+--------+--------+------+------+-------+-------+----------------+
|0-x| fr  |  time |hop| d0  | d1  |   fi   |  teta  |   dist  |  at  |  dev |   p   |  df  |  l   |   fot  |   tot  |  rot | lsp  |   pf  |    s  |                |
+---+-----+-------+---+-----+-----+--------+--------+---------+------+------+-------+------+------+--------+--------+------+------+-------+-------+----------------+
|  0|10.00|43651.4|  1|11.40|11.27|  45.756|  41.290|  996.346|  -6.5|   0.0| 1033.7| 0.000|   0.0|  46.550|  45.605|102.23|   0.0|    0.0|    0.0|E               |
|  0|10.00|43663.3|  1|13.20|12.96|  44.085|  35.202| 1682.725|  -7.1|   0.1| 1775.2| 0.000|   0.0|  45.782|  42.167|141.56|   0.0|    0.0|    0.0|F2              |
|  0|10.00|43676.3|  1| 7.80| 7.70|  45.261|  39.875| 1157.172|  -7.2|   0.0| 1185.5| 0.000|   0.0|  46.351|  44.981| 97.66|   0.0|    0.0|    0.0|E               |
|  0|10.00|43690.3|  1|12.60|12.04|  43.801|  34.038| 1813.360|  -6.9|   0.2| 1906.5| 0.000|   0.0|  45.729|  41.813|136.73|   0.0|    0.0|    0.0|F2              |
|  0|10.00|43704.3|  1|13.20|12.98|  44.092|  35.221| 1680.564|  -7.1|   0.1| 1773.0| 0.000|   0.0|  45.818|  42.334|142.04|   0.0|    0.0|    0.0|F2              |
|  0|10.00|43716.2|  1| 9.00| 8.90|  45.454|  40.589| 1076.633|  -7.1|   0.0| 1107.0| 0.000|   0.0|  46.437|  45.362| 98.82|   0.0|    0.0|    0.0|E               |
|  0|10.00|43729.1|  1| 9.60| 9.50|  45.667|  40.861| 1044.536|  -6.5|   0.0| 1076.1| 0.000|   0.0|  46.530|  45.485| 99.48|   0.0|    0.0|    0.0|E               |
|  0|10.00|43752.9|  1|14.40|14.71|  44.152|  36.478| 1542.235|  -7.8|   0.1| 1639.1| 0.000|   0.0|  45.794|  42.860|151.15|   0.0|    0.0|    0.0|F2              |
|  0|10.00|43765.9|  1|19.80|20.83|  43.495|  40.134| 1156.354| -13.6|   0.1| 1271.8| 0.000|   0.0|  45.446|  44.883|175.34|   0.0|    0.0|    0.0|F2              |
|  0|10.00|43791.0|  1|16.80|17.73|  44.649|  38.224| 1345.222|  -7.8|   0.1| 1451.4| 0.000|   0.0|  46.027|  43.900|165.22|   0.0|    0.0|    0.0|F2              |
|  0|10.00|43801.7|  1|15.60|16.28|  44.934|  37.356| 1437.533|  -6.4|   0.1| 1539.3| 0.000|   0.0|  46.129|  43.223|158.56|   0.0|    0.0|    0.0|F2              |
|  0|10.00|43812.5|  1|17.40|18.39|  44.755|  38.611| 1301.525|  -7.8|   0.1| 1409.5| 0.000|   0.0|  46.082|  44.149|167.91|   0.0|    0.0|    0.0|F2              |
|  0|10.00|43824.0|  1|16.20|17.02|  45.032|  37.780| 1390.024|  -6.4|   0.1| 1494.1| 0.000|   0.0|  46.210|  43.666|162.47|   0.0|    0.0|    0.0|F2              |
|  0|10.00|43848.4|  1|21.60|22.55|  45.800|  40.487| 1084.568|  -5.7|   0.1| 1208.1| 0.000|   0.0|  46.557|  45.122|181.22|   0.0|    0.0|    0.0|F2              |
|  0|10.00|43860.2|  1|19.20|20.19|  45.230|  39.620| 1185.530|  -7.1|   0.1| 1298.4| 0.000|   0.0|  46.287|  44.644|173.97|   0.0|    0.0|    0.0|F2              |
|  0|10.00|43881.7|  1|15.60|16.32|  44.427|  37.410| 1437.000|  -7.8|   0.1| 1539.0| 0.000|   0.0|  45.882|  43.247|158.76|   0.0|    0.0|    0.0|F2              |
|  0|10.00|43893.5|  1|16.80|17.75|  44.890|  38.205| 1344.677|  -7.1|   0.1| 1451.0| 0.000|   0.0|  46.142|  43.910|165.59|   0.0|    0.0|    0.0|F2              |
|  0|10.00|43904.9|  1|13.20|13.06|  44.125|  35.307| 1670.884|  -7.0|   0.2| 1763.2| 0.000|   0.0|  45.810|  42.293|142.70|   0.0|    0.0|    0.0|F2              |
|  0|10.00|43915.8|  1|11.40|11.26|  45.737|  41.192| 1007.364|  -6.5|   0.0| 1045.3| 0.000|   0.0|  46.551|  45.605|102.70|   0.0|    0.0|    0.0|E               |
|  0|10.00|43926.4|  1| 6.60| 6.49|  45.071|  38.954| 1260.389|  -7.1|   0.0| 1287.3| 0.000|   0.0|  46.278|  44.537| 96.94|   0.0|    0.0|    0.0|E               |
+---+-----+-------+---+-----+-----+--------+--------+---------+------+------+-------+------+------+--------+--------+------+------+-------+-------+----------------+
+---+-----+-------+---+-----+-----+--------+--------+---------+------+------+-------+------+------+--------+--------+------+------+-------+-------+----------------+
|0-x| fr  |  time |hop| d0  | d1  |   fi   |  teta  |   dist  |  at  |  dev |   p   |  df  |  l   |   fot  |   tot  |  rot | lsp  |   pf  |    s  |                |
+---+-----+-------+---+-----+-----+--------+--------+---------+------+------+-------+------+------+--------+--------+------+------+-------+-------+----------------+
|  0|10.00|43938.3|  1|13.20|13.08|  44.130|  35.320| 1669.403|  -7.0|   0.2| 1761.7| 0.000|   0.0|  45.836|  42.418|142.99|   0.0|    0.0|    0.0|F2              |
|  0|10.00|43950.2|  1|13.20|13.08|  44.132|  35.324| 1668.878|  -7.0|   0.2| 1761.2| 0.000|   0.0|  45.836|  42.418|143.04|   0.0|    0.0|    0.0|F2              |
|  0|10.00|43965.0|  1|10.20|10.09|  45.708|  41.058| 1022.421|  -6.5|   0.0| 1055.6| 0.000|   0.0|  46.536|  45.520|100.30|   0.0|    0.0|    0.0|E               |
|  0|10.00|43976.9|  1| 6.00| 5.88|  45.138|  38.409| 1319.740|  -6.5|   0.0| 1346.0| 0.000|   0.0|  46.318|  44.279| 96.62|   0.0|    0.0|    0.0|E               |
|  0|10.00|43989.8|  1|23.40|24.34|  44.857|  41.133| 1024.669| -10.0|   0.1| 1157.6| 0.000|   0.0|  46.108|  45.488|186.65|   0.0|    0.0|    0.0|F2              |
|  0|10.00|43989.8|  1|21.00|22.03|  44.811|  40.385| 1106.856|  -9.3|   0.1| 1227.9| 0.000|   0.0|  46.080|  45.049|179.69|   0.0|    0.0|    0.0|F2              |
|  0|10.00|43989.8|  1|18.00|19.05|  44.652|  39.033| 1256.596|  -8.5|   0.1| 1366.1| 0.000|   0.0|  46.002|  44.266|170.33|   0.0|    0.0|    0.0|F2              |
|  0|10.00|43989.8|  1| 8.40| 8.29|  45.532|  40.208| 1117.819|  -6.5|   0.0| 1147.2| 0.000|   0.0|  46.475|  45.171| 98.40|   0.0|    0.0|    0.0|E               |
|  0|10.00|43989.8|  1|11.40|11.26|  45.567|  41.187| 1009.670|  -7.2|   0.0| 1047.8| 0.000|   0.0|  46.472|  45.612|102.79|   0.0|    0.0|    0.0|E               |
|  0|10.00|44000.6|  1|12.60|12.17|  43.860|  34.371| 1776.228|  -7.0|   0.2| 1867.9| 0.000|   0.0|  45.691|  41.734|137.55|   0.0|    0.0|    0.0|F2              |
|  0|10.00|44012.4|  1|11.40|11.25|  45.730|  41.152| 1011.877|  -6.5|   0.0| 1050.1| 0.000|   0.0|  46.551|  45.605|102.87|   0.0|    0.0|    0.0|E               |
|  0|10.00|44023.1|  1| 8.40| 8.30|  45.531|  40.205| 1118.143|  -6.5|   0.0| 1147.6| 0.000|   0.0|  46.475|  45.171| 98.43|   0.0|    0.0|    0.0|E               |
|  0|10.00|44036.2|  1|11.40|11.26|  45.563|  41.167| 1011.894|  -7.2|   0.0| 1050.1| 0.000|   0.0|  46.472|  45.612|102.88|   0.0|    0.0|    0.0|E               |
|  0|10.00|44048.0|  1|13.80|13.99|  44.318|  35.979| 1595.057|  -7.0|   0.2| 1689.6| 0.000|   0.0|  45.895|  42.698|148.14|   0.0|    0.0|    0.0|F2              |
|  0|10.00|44058.7|  1|11.40|11.25|  45.726|  41.132| 1014.146|  -6.5|   0.0| 1052.4| 0.000|   0.0|  46.551|  45.605|102.95|   0.0|    0.0|    0.0|E               |
|  0|10.00|44069.4|  1|10.80|10.68|  45.568|  41.196| 1008.641|  -7.2|   0.0| 1043.9| 0.000|   0.0|  46.477|  45.637|101.51|   0.0|    0.0|    0.0|E               |
|  0|10.00|44081.3|  1|13.80|14.02|  44.031|  36.016| 1594.139|  -7.7|   0.2| 1688.8| 0.000|   0.0|  45.761|  42.712|148.18|   0.0|    0.0|    0.0|F2              |
|  0|10.00|44081.3|  1|12.00|11.17|  42.927|  31.394| 2111.994|  -7.0|   0.2| 2214.6| 0.000|   0.0|  45.340|  40.152|132.53|   0.0|    0.0|    0.0|F2              |
|  0|10.00|44092.0|  1|14.40|14.84|  44.462|  36.499| 1536.521|  -7.0|   0.2| 1633.7| 0.000|   0.0|  45.931|  42.869|152.44|   0.0|    0.0|    0.0|F2              |
|  0|10.00|44092.0|  1|16.80|17.83|  44.666|  38.236| 1343.709|  -7.8|   0.1| 1450.3| 0.000|   0.0|  46.011|  43.820|166.00|   0.0|    0.0|    0.0|F2              |
+---+-----+-------+---+-----+-----+--------+--------+---------+------+------+-------+------+------+--------+--------+------+------+-------+-------+----------------+
+==============================================================================+
|   Medium characteristics Sunspot number=  34.1 IG=  34.1   GMT time:12:14    |
|------------------------------------------------------------------------------|
|   S   | fh |  I  |   D  | fd |  hd | fe |  he | ff1 | hf1 | ff2 | hf2 |   Hi |
|-------+----+-----+------+----+-----+----+-----+-----+-----+-----+-----+------|
|    0.0|1.21| 50.6|   2.5|0.23| 81.1|2.96|110.0| 0.00|  0.0| 8.72|275.4|  49.7|
+==============================================================================+

+==================================+
|       Es-layer parametres        |
|----------------------------------|
|   S   | hEs | fbEs | f0Es | P Es |
|-------+-----+------+------+------|
|    0.0|116.5| 3.31 | 3.50 | 65.5 |
+==================================+

+---+-----+-------+---+-----+-----+--------+--------+---------+------+------+-------+------+------+--------+--------+------+------+-------+-------+----------------+
|0-x| fr  |  time |hop| d0  | d1  |   fi   |  teta  |   dist  |  at  |  dev |   p   |  df  |  l   |   fot  |   tot  |  rot | lsp  |   pf  |    s  |                |
+---+-----+-------+---+-----+-----+--------+--------+---------+------+------+-------+------+------+--------+--------+------+------+-------+-------+----------------+
|  0|10.00|44102.8|  1|18.00|19.08|  44.658|  39.040| 1255.759|  -8.5|   0.1| 1365.3| 0.000|   0.0|  46.002|  44.266|170.63|   0.0|    0.0|    0.0|F2              |
|  0|10.00|44102.8|  1|16.20|17.13|  44.558|  37.842| 1388.169|  -7.7|   0.2| 1492.7| 0.000|   0.0|  45.991|  43.729|163.33|   0.0|    0.0|    0.0|F2              |
|  0|10.00|44113.5|  1|15.00|15.65|  44.319|  36.992| 1483.960|  -7.7|   0.2| 1583.8| 0.000|   0.0|  45.843|  43.067|156.20|   0.0|    0.0|    0.0|F2              |
|  0|10.00|44125.4|  1|12.00|11.17|  42.997|  31.601| 2088.592|  -7.0|   0.2| 2190.0| 0.000|   0.0|  45.398|  40.405|132.68|   0.0|    0.0|    0.0|F2              |
|  0|10.00|44137.3|  1|24.60|25.47|  45.462|  41.367|  991.027|  -7.8|   0.1| 1130.6| 0.000|   0.0|  46.389|  45.586|190.24|   0.0|    0.0|    0.0|F2              |
|  0|10.00|44159.4|  1|16.20|17.13|  44.804|  37.819| 1387.912|  -7.0|   0.2| 1492.5| 0.000|   0.0|  46.105|  43.718|163.59|   0.0|    0.0|    0.0|F2              |
|  0|10.00|44170.1|  1|15.00|15.65|  44.586|  36.967| 1483.843|  -7.0|   0.2| 1583.7| 0.000|   0.0|  45.970|  43.055|156.50|   0.0|    0.0|    0.0|F2              |
|  0|10.00|44170.1|  1|16.20|17.15|  44.559|  37.844| 1387.857|  -7.7|   0.2| 1492.5| 0.000|   0.0|  45.991|  43.730|163.58|   0.0|    0.0|    0.0|F2              |
|  0|10.00|44180.9|  1|10.80|10.67|  45.727|  41.146| 1012.600|  -6.5|   0.0| 1048.1| 0.000|   0.0|  46.555|  45.630|101.69|   0.0|    0.0|    0.0|E               |
|  0|10.00|44192.7|  1|20.40|21.46|  44.965|  40.139| 1131.707|  -8.5|   0.1| 1250.2| 0.000|   0.0|  46.150|  44.895|178.38|   0.0|    0.0|    0.0|F2              |
|  0|10.00|44192.7|  1|17.40|18.49|  44.771|  38.626| 1299.747|  -7.8|   0.1| 1408.2| 0.000|   0.0|  46.074|  44.110|169.01|   0.0|    0.0|    0.0|F2              |
|  0|10.00|44192.7|  1|12.60|12.26|  43.907|  34.518| 1759.576|  -7.0|   0.2| 1850.8| 0.000|   0.0|  45.718|  41.861|138.61|   0.0|    0.0|    0.0|F2              |
|  0|10.00|44192.7|  1| 8.40| 8.29|  45.527|  40.187| 1120.189|  -6.5|   0.0| 1149.7| 0.000|   0.0|  46.475|  45.171| 98.55|   0.0|    0.0|    0.0|E               |
|  0|10.00|44203.4|  1|15.00|15.66|  44.587|  36.968| 1483.721|  -7.0|   0.2| 1583.7| 0.000|   0.0|  46.003|  43.219|157.01|   0.0|    0.0|    0.0|F2              |
|  0|10.00|44216.0|  1|20.40|21.46|  44.965|  40.138| 1131.764|  -8.5|   0.1| 1250.3| 0.000|   0.0|  46.150|  44.895|178.44|   0.0|    0.0|    0.0|F2              |
|  0|10.00|44216.0|  1|10.20|10.08|  45.700|  41.014| 1027.384|  -6.5|   0.0| 1060.8| 0.000|   0.0|  46.536|  45.520|100.59|   0.0|    0.0|    0.0|E               |
|  0|10.00|44226.8|  1|21.00|22.04|  45.024|  40.353| 1107.457|  -8.5|   0.1| 1228.7| 0.000|   0.0|  46.182|  45.037|180.32|   0.0|    0.0|    0.0|F2              |
|  0|10.00|44226.8|  1| 9.60| 9.49|  45.655|  40.796| 1051.765|  -6.5|   0.0| 1083.7| 0.000|   0.0|  46.530|  45.485| 99.88|   0.0|    0.0|    0.0|E               |
|  0|10.00|44226.8|  1|18.60|19.66|  44.962|  39.355| 1217.586|  -7.8|   0.1| 1328.8| 0.000|   0.0|  46.177|  44.586|173.19|   0.0|    0.0|    0.0|F2              |
|  0|10.00|44226.8|  1|13.80|14.06|  44.327|  35.999| 1592.837|  -7.0|   0.2| 1687.7| 0.000|   0.0|  45.857|  42.513|148.54|   0.0|    0.0|    0.0|F2              |
+---+-----+-------+---+-----+-----+--------+--------+---------+------+------+-------+------+------+--------+--------+------+------+-------+-------+----------------+
+---+-----+-------+---+-----+-----+--------+--------+---------+------+------+-------+------+------+--------+--------+------+------+-------+-------+----------------+
|0-x| fr  |  time |hop| d0  | d1  |   fi   |  teta  |   dist  |  at  |  dev |   p   |  df  |  l   |   fot  |   tot  |  rot | lsp  |   pf  |    s  |                |
+---+-----+-------+---+-----+-----+--------+--------+---------+------+------+-------+------+------+--------+--------+------+------+-------+-------+----------------+
|  0|10.00|44250.0|  1|18.00|19.07|  44.876|  39.024| 1254.938|  -7.8|   0.1| 1364.5| 0.000|   0.0|  46.106|  44.255|171.04|   0.0|    0.0|    0.0|F2              |
|  0|10.00|44250.0|  1|10.80|10.67|  45.723|  41.127| 1014.727|  -6.5|   0.0| 1050.3| 0.000|   0.0|  46.555|  45.630|101.79|   0.0|    0.0|    0.0|E               |
|  0|10.00|44250.0|  1|14.40|14.89|  44.465|  36.506| 1535.709|  -7.0|   0.2| 1633.2| 0.000|   0.0|  45.906|  42.746|152.78|   0.0|    0.0|    0.0|F2              |
|  0|10.00|44261.8|  1|18.60|19.67|  44.933|  39.358| 1217.586|  -7.9|   0.1| 1328.8| 0.000|   0.0|  46.137|  44.468|173.06|   0.0|    0.0|    0.0|F2              |
|  0|10.00|44272.6|  1|16.80|17.85|  44.904|  38.219| 1342.965|  -7.0|   0.2| 1449.7| 0.000|   0.0|  46.143|  43.911|166.82|   0.0|    0.0|    0.0|F2              |
|  0|10.00|44283.3|  1| 9.60| 9.49|  45.653|  40.788| 1052.725|  -6.5|   0.0| 1084.7| 0.000|   0.0|  46.530|  45.485| 99.93|   0.0|    0.0|    0.0|E               |
|  0|10.00|44294.0|  1|22.20|23.21|  44.952|  40.760| 1063.896|  -9.2|   0.1| 1190.9| 0.000|   0.0|  46.143|  45.246|183.85|   0.0|    0.0|    0.0|F2              |
|  0|10.00|44304.8|  1| 9.00| 8.89|  45.594|  40.506| 1084.378|  -6.5|   0.0| 1115.0| 0.000|   0.0|  46.508|  45.356| 99.25|   0.0|    0.0|    0.0|E               |
|  0|10.00|44304.8|  1|13.20|13.22|  44.165|  35.413| 1658.729|  -7.0|   0.2| 1751.3| 0.000|   0.0|  45.802|  42.254|144.37|   0.0|    0.0|    0.0|F2              |
|  0|10.00|44304.8|  1|20.40|21.47|  44.776|  40.160| 1131.875|  -9.2|   0.1| 1250.5| 0.000|   0.0|  46.056|  44.897|178.61|   0.0|    0.0|    0.0|F2              |
|  0|10.00|44304.8|  1|18.60|19.68|  44.725|  39.382| 1217.554|  -8.6|   0.1| 1328.8| 0.000|   0.0|  46.038|  44.479|173.15|   0.0|    0.0|    0.0|F2              |
|  0|10.00|44326.9|  1|15.60|16.45|  44.701|  37.407| 1434.288|  -7.0|   0.2| 1536.8| 0.000|   0.0|  46.049|  43.441|161.01|   0.0|    0.0|    0.0|F2              |
|  0|10.00|44349.0|  1|10.80|10.67|  45.718|  41.098| 1017.941|  -6.5|   0.0| 1053.7| 0.000|   0.0|  46.555|  45.630|101.92|   0.0|    0.0|    0.0|E               |
|  0|10.00|44349.0|  1|18.00|19.08|  44.878|  39.028| 1254.463|  -7.8|   0.1| 1364.0| 0.000|   0.0|  46.108|  44.265|171.34|   0.0|    0.0|    0.0|F2              |
|  0|10.00|44349.0|  1|14.40|14.91|  44.467|  36.509| 1535.297|  -7.0|   0.2| 1632.9| 0.000|   0.0|  45.911|  42.767|153.31|   0.0|    0.0|    0.0|F2              |
|  0|10.00|44359.7|  1|12.00|11.28|  43.306|  32.540| 1982.610|  -7.0|   0.2| 2078.9| 0.000|   0.0|  45.530|  40.997|133.84|   0.0|    0.0|    0.0|F2              |
|  0|10.00|44370.3|  1|15.00|15.72|  44.324|  37.001| 1482.946|  -7.7|   0.2| 1583.2| 0.000|   0.0|  45.843|  43.069|157.30|   0.0|    0.0|    0.0|F2              |
|  0|10.00|44383.9|  1| 7.80| 7.69|  45.247|  39.809| 1164.552|  -7.2|   0.0| 1193.2| 0.000|   0.0|  46.351|  44.981| 98.14|   0.0|    0.0|    0.0|E               |
|  0|10.00|44394.7|  1|19.20|20.29|  44.833|  39.656| 1186.232|  -8.5|   0.1| 1299.8| 0.000|   0.0|  46.087|  44.626|175.25|   0.0|    0.0|    0.0|F2              |
|  0|10.00|44394.7|  1|10.20|10.08|  45.693|  40.978| 1031.385|  -6.5|   0.0| 1065.0| 0.000|   0.0|  46.521|  45.434|100.56|   0.0|    0.0|    0.0|E               |
+---+-----+-------+---+-----+-----+--------+--------+---------+------+------+-------+------+------+--------+--------+------+------+-------+-------+----------------+
+---+-----+-------+---+-----+-----+--------+--------+---------+------+------+-------+------+------+--------+--------+------+------+-------+-------+----------------+
|0-x| fr  |  time |hop| d0  | d1  |   fi   |  teta  |   dist  |  at  |  dev |   p   |  df  |  l   |   fot  |   tot  |  rot | lsp  |   pf  |    s  |                |
+---+-----+-------+---+-----+-----+--------+--------+---------+------+------+-------+------+------+--------+--------+------+------+-------+-------+----------------+
|  0|10.00|44394.7|  1|16.80|17.88|  44.671|  38.247| 1342.422|  -7.7|   0.2| 1449.3| 0.000|   0.0|  46.038|  43.942|167.21|   0.0|    0.0|    0.0|F2              |
|  0|10.00|44394.7|  1|13.80|14.11|  44.331|  36.009| 1591.615|  -7.0|   0.2| 1686.8| 0.000|   0.0|  45.875|  42.597|149.59|   0.0|    0.0|    0.0|F2              |
|  0|10.00|44406.7|  1|15.00|15.73|  44.324|  37.003| 1482.781|  -7.7|   0.2| 1583.1| 0.000|   0.0|  45.843|  43.069|157.46|   0.0|    0.0|    0.0|F2              |
|  0|10.00|44406.7|  1| 7.20| 7.08|  45.350|  39.362| 1212.768|  -6.5|   0.0| 1240.6| 0.000|   0.0|  46.403|  44.760| 97.69|   0.0|    0.0|    0.0|E               |
|  0|10.00|44406.7|  1|11.40|11.24|  45.517|  40.956| 1035.622|  -7.2|   0.0| 1075.0| 0.000|   0.0|  46.440|  45.443|103.45|   0.0|    0.0|    0.0|E               |
|  0|10.00|44421.7|  1|10.80|10.67|  45.547|  41.099| 1019.574|  -7.2|   0.0| 1055.4| 0.000|   0.0|  46.477|  45.637|102.00|   0.0|    0.0|    0.0|E               |
|  0|10.00|44432.5|  1|18.60|19.68|  44.964|  39.356| 1217.484|  -7.8|   0.1| 1328.8| 0.000|   0.0|  46.154|  44.476|173.56|   0.0|    0.0|    0.0|F2              |
|  0|10.00|44432.5|  1| 9.60| 9.48|  45.648|  40.765| 1055.339|  -6.5|   0.0| 1087.4| 0.000|   0.0|  46.530|  45.485|100.07|   0.0|    0.0|    0.0|E               |
|  0|10.00|44432.5|  1|15.00|15.72|  44.590|  36.976| 1482.839|  -7.0|   0.2| 1583.1| 0.000|   0.0|  46.008|  43.240|158.01|   0.0|    0.0|    0.0|F2              |
|  0|10.00|44443.3|  1|13.20|13.28|  44.172|  35.434| 1656.382|  -7.0|   0.2| 1749.1| 0.000|   0.0|  45.803|  42.255|145.09|   0.0|    0.0|    0.0|F2              |
|  0|10.00|44443.3|  1|17.40|18.51|  44.777|  38.643| 1297.773|  -7.7|   0.2| 1406.2| 0.000|   0.0|  46.090|  44.181|169.83|   0.0|    0.0|    0.0|F2              |
|  0|10.00|44443.3|  1| 7.20| 7.08|  45.350|  39.358| 1213.193|  -6.5|   0.0| 1241.0| 0.000|   0.0|  46.403|  44.760| 97.71|   0.0|    0.0|    0.0|E               |
|  0|10.00|44443.3|  1|20.40|21.47|  44.966|  40.135| 1132.145|  -8.5|   0.1| 1250.8| 0.000|   0.0|  46.148|  44.886|178.98|   0.0|    0.0|    0.0|F2              |
|  0|10.00|44454.0|  1|13.20|13.28|  44.173|  35.436| 1656.206|  -7.0|   0.2| 1749.0| 0.000|   0.0|  45.807|  42.276|145.19|   0.0|    0.0|    0.0|F2              |
|  0|10.00|44464.7|  1|13.20|13.29|  44.173|  35.437| 1656.010|  -7.0|   0.2| 1748.8| 0.000|   0.0|  45.807|  42.276|145.25|   0.0|    0.0|    0.0|F2              |
|  0|10.00|44464.7|  1|15.00|15.74|  44.325|  37.004| 1482.616|  -7.7|   0.2| 1583.0| 0.000|   0.0|  45.885|  43.253|158.08|   0.0|    0.0|    0.0|F2              |
|  0|10.00|44475.6|  1| 9.00| 8.89|  45.590|  40.484| 1086.843|  -6.5|   0.0| 1117.6| 0.000|   0.0|  46.493|  45.270| 99.29|   0.0|    0.0|    0.0|E               |
|  0|10.00|44475.6|  1|12.60|12.38|  43.952|  34.664| 1743.162|  -7.0|   0.2| 1834.3| 0.000|   0.0|  45.772|  42.114|140.45|   0.0|    0.0|    0.0|F2              |
|  0|10.00|44487.4|  1|17.40|18.51|  44.778|  38.647| 1297.406|  -7.7|   0.2| 1405.8| 0.000|   0.0|  46.057|  44.030|169.65|   0.0|    0.0|    0.0|F2              |
|  0|10.00|44487.4|  1| 8.40| 8.29|  45.521|  40.154| 1123.897|  -6.5|   0.0| 1153.5| 0.000|   0.0|  46.475|  45.171| 98.78|   0.0|    0.0|    0.0|E               |
+---+-----+-------+---+-----+-----+--------+--------+---------+------+------+-------+------+------+--------+--------+------+------+-------+-------+----------------+
+---+-----+-------+---+-----+-----+--------+--------+---------+------+------+-------+------+------+--------+--------+------+------+-------+-------+----------------+
|0-x| fr  |  time |hop| d0  | d1  |   fi   |  teta  |   dist  |  at  |  dev |   p   |  df  |  l   |   fot  |   tot  |  rot | lsp  |   pf  |    s  |                |
+---+-----+-------+---+-----+-----+--------+--------+---------+------+------+-------+------+------+--------+--------+------+------+-------+-------+----------------+
|  0|10.00|44487.4|  1|13.20|13.29|  44.174|  35.440| 1655.684|  -7.0|   0.2| 1748.5| 0.000|   0.0|  45.812|  42.297|145.41|   0.0|    0.0|    0.0|F2              |
|  0|10.00|44498.2|  1| 9.60| 9.49|  45.472|  40.774| 1056.042|  -7.2|   0.0| 1088.1| 0.000|   0.0|  46.450|  45.493|100.11|   0.0|    0.0|    0.0|E               |
|  0|10.00|44498.2|  1|15.60|16.47|  44.959|  37.391| 1433.525|  -6.3|   0.2| 1536.2| 0.000|   0.0|  46.180|  43.492|161.79|   0.0|    0.0|    0.0|F2              |
|  0|10.00|44508.9|  1|10.80|10.67|  45.541|  41.072| 1022.594|  -7.2|   0.0| 1058.6| 0.000|   0.0|  46.469|  45.595|102.10|   0.0|    0.0|    0.0|E               |
|  0|10.00|44519.7|  1|12.00|11.37|  43.450|  32.995| 1931.310|  -7.0|   0.2| 2025.4| 0.000|   0.0|  45.568|  41.168|134.73|   0.0|    0.0|    0.0|F2              |
|  0|10.00|44531.1|  1|15.00|15.75|  44.592|  36.979| 1482.423|  -7.0|   0.2| 1582.9| 0.000|   0.0|  45.983|  43.118|158.22|   0.0|    0.0|    0.0|F2              |
|  0|10.00|44541.9|  1|10.20|10.08|  45.687|  40.948| 1034.805|  -6.5|   0.0| 1068.6| 0.000|   0.0|  46.521|  45.434|100.79|   0.0|    0.0|    0.0|E               |
|  0|10.00|44552.7|  1|12.60|12.40|  44.290|  34.666| 1739.609|  -6.3|   0.2| 1830.7| 0.000|   0.0|  45.871|  41.851|140.62|   0.0|    0.0|    0.0|F2              |
|  0|10.00|44563.4|  1|13.80|14.16|  44.627|  35.991| 1590.722|  -6.3|   0.2| 1686.1| 0.000|   0.0|  46.020|  42.626|150.58|   0.0|    0.0|    0.0|F2              |
|  0|10.00|44563.4|  1|10.80|10.67|  45.537|  41.054| 1024.561|  -7.2|   0.0| 1060.6| 0.000|   0.0|  46.469|  45.595|102.18|   0.0|    0.0|    0.0|E               |
|  0|10.00|44575.3|  1|13.20|13.33|  44.178|  35.452| 1654.361|  -7.0|   0.2| 1747.3| 0.000|   0.0|  45.812|  42.297|145.87|   0.0|    0.0|    0.0|F2              |
|  0|10.00|44597.9|  1|12.00|11.41|  43.505|  33.169| 1911.718|  -7.0|   0.2| 2005.0| 0.000|   0.0|  45.595|  41.295|135.25|   0.0|    0.0|    0.0|F2              |
|  0|10.00|44608.7|  1| 9.60| 9.48|  45.468|  40.757| 1058.052|  -7.2|   0.0| 1090.2| 0.000|   0.0|  46.417|  45.322| 99.84|   0.0|    0.0|    0.0|E               |
|  0|10.00|44620.5|  1|23.40|24.26|  46.956|  40.948| 1027.403|  -1.3|   0.2| 1160.6| 0.000|   0.0|  47.110|  45.420|188.38|   0.0|    0.0|    0.0|F2              |
|  0|10.00|44620.5|  1|14.40|15.00|  44.471|  36.521| 1534.003|  -7.0|   0.2| 1632.1| 0.000|   0.0|  45.924|  42.830|154.74|   0.0|    0.0|    0.0|F2              |
|  0|10.00|44632.1|  1|18.60|19.68|  45.174|  39.338| 1217.167|  -7.0|   0.2| 1328.5| 0.000|   0.0|  46.254|  44.467|174.12|   0.0|    0.0|    0.0|F2              |
|  0|10.00|44642.9|  1|17.40|18.50|  45.233|  38.617| 1295.945|  -6.3|   0.2| 1404.2| 0.000|   0.0|  46.287|  44.080|170.38|   0.0|    0.0|    0.0|F2              |
|  0|10.00|44654.7|  1|13.80|14.21|  44.048|  36.055| 1589.664|  -7.7|   0.2| 1685.3| 0.000|   0.0|  45.748|  42.653|150.86|   0.0|    0.0|    0.0|F2              |
|  0|10.00|44665.5|  1|12.60|12.45|  44.302|  34.707| 1734.987|  -6.3|   0.2| 1826.1| 0.000|   0.0|  45.880|  41.893|141.33|   0.0|    0.0|    0.0|F2              |
|  0|10.00|44676.3|  1| 7.80| 7.68|  45.436|  39.756| 1168.469|  -6.5|   0.0| 1197.2| 0.000|   0.0|  46.441|  44.973| 98.38|   0.0|    0.0|    0.0|E               |
+---+-----+-------+---+-----+-----+--------+--------+---------+------+------+-------+------+------+--------+--------+------+------+-------+-------+----------------+
+---+-----+-------+---+-----+-----+--------+--------+---------+------+------+-------+------+------+--------+--------+------+------+-------+-------+----------------+
|0-x| fr  |  time |hop| d0  | d1  |   fi   |  teta  |   dist  |  at  |  dev |   p   |  df  |  l   |   fot  |   tot  |  rot | lsp  |   pf  |    s  |                |
+---+-----+-------+---+-----+-----+--------+--------+---------+------+------+-------+------+------+--------+--------+------+------+-------+-------+----------------+
|  0|10.00|44687.0|  1|12.60|12.47|  43.977|  34.745| 1734.056|  -7.0|   0.2| 1825.2| 0.000|   0.0|  45.729|  41.907|141.34|   0.0|    0.0|    0.0|F2              |
|  0|10.00|44698.9|  1|12.60|12.48|  43.978|  34.748| 1733.618|  -7.0|   0.2| 1824.8| 0.000|   0.0|  45.729|  41.907|141.40|   0.0|    0.0|    0.0|F2              |
|  0|10.00|44709.6|  1|13.20|13.37|  44.228|  35.464| 1652.579|  -6.9|   0.2| 1745.8| 0.000|   0.0|  45.854|  42.400|146.76|   0.0|    0.0|    0.0|F2              |
|  0|10.00|44720.3|  1|13.80|14.22|  44.339|  36.029| 1589.390|  -7.0|   0.2| 1685.1| 0.000|   0.0|  45.888|  42.660|151.30|   0.0|    0.0|    0.0|F2              |
|  0|10.00|44731.0|  1|13.20|13.38|  44.185|  35.470| 1652.273|  -7.0|   0.2| 1745.5| 0.000|   0.0|  45.834|  42.402|146.86|   0.0|    0.0|    0.0|F2              |
|  0|10.00|44741.8|  1| 7.80| 7.69|  45.238|  39.771| 1168.831|  -7.2|   0.0| 1197.6| 0.000|   0.0|  46.351|  44.981| 98.41|   0.0|    0.0|    0.0|E               |
|  0|10.00|44752.5|  1| 6.60| 6.47|  45.239|  38.858| 1269.331|  -6.5|   0.0| 1296.5| 0.000|   0.0|  46.355|  44.486| 97.44|   0.0|    0.0|    0.0|E               |
|  0|10.00|44764.4|  1|13.20|13.38|  44.492|  35.444| 1652.168|  -6.3|   0.2| 1745.4| 0.000|   0.0|  45.998|  42.514|147.22|   0.0|    0.0|    0.0|F2              |
|  0|10.00|44775.2|  1|13.80|14.24|  44.341|  36.032| 1589.045|  -7.0|   0.2| 1684.9| 0.000|   0.0|  45.888|  42.661|151.57|   0.0|    0.0|    0.0|F2              |
|  0|10.00|44785.9|  1|16.80|17.92|  45.147|  38.220| 1340.462|  -6.3|   0.2| 1447.5| 0.000|   0.0|  46.262|  43.942|168.62|   0.0|    0.0|    0.0|F2              |
|  0|10.00|44796.6|  1|10.20|10.08|  45.504|  40.913| 1040.489|  -7.2|   0.0| 1074.6| 0.000|   0.0|  46.440|  45.442|101.14|   0.0|    0.0|    0.0|E               |
|  0|10.00|44807.4|  1|15.00|15.82|  44.596|  36.990| 1481.150|  -7.0|   0.2| 1582.0| 0.000|   0.0|  46.013|  43.262|159.61|   0.0|    0.0|    0.0|F2              |
|  0|10.00|44828.9|  1|12.60|12.53|  43.991|  34.789| 1729.052|  -7.0|   0.2| 1820.3| 0.000|   0.0|  45.747|  41.992|142.28|   0.0|    0.0|    0.0|F2              |
|  0|10.00|44839.6|  1| 7.20| 7.08|  45.341|  39.317| 1217.746|  -6.5|   0.0| 1245.7| 0.000|   0.0|  46.403|  44.760| 98.00|   0.0|    0.0|    0.0|E               |
|  0|10.00|44852.6|  1|12.60|12.53|  44.318|  34.764| 1728.497|  -6.3|   0.2| 1819.8| 0.000|   0.0|  45.896|  41.978|142.52|   0.0|    0.0|    0.0|F2              |
|  0|10.00|44863.3|  1|10.80|10.66|  45.538|  40.946| 1036.526|  -7.1|   0.0| 1073.2| 0.000|   0.0|  46.456|  45.467|102.51|   0.0|    0.0|    0.0|E               |
|  0|10.00|44874.1|  1|14.40|15.07|  44.476|  36.532| 1532.770|  -7.0|   0.2| 1631.3| 0.000|   0.0|  45.928|  42.852|155.96|   0.0|    0.0|    0.0|F2              |
|  0|10.00|44884.8|  1|11.40|11.19|  45.387|  40.373| 1101.065|  -7.1|   0.1| 1143.8| 0.000|   0.0|  46.408|  45.274|104.84|   0.0|    0.0|    0.0|E               |
|  0|10.00|44895.6|  1|10.80|10.66|  45.511|  40.937| 1037.738|  -7.2|   0.0| 1074.4| 0.000|   0.0|  46.445|  45.468|102.57|   0.0|    0.0|    0.0|E               |
|  0|10.00|44908.6|  1|11.40|11.19|  45.373|  40.314| 1107.714|  -7.1|   0.1| 1150.8| 0.000|   0.0|  46.375|  45.105|104.85|   0.0|    0.0|    0.0|E               |
+---+-----+-------+---+-----+-----+--------+--------+---------+------+------+-------+------+------+--------+--------+------+------+-------+-------+----------------+
+---+-----+-------+---+-----+-----+--------+--------+---------+------+------+-------+------+------+--------+--------+------+------+-------+-------+----------------+
|0-x| fr  |  time |hop| d0  | d1  |   fi   |  teta  |   dist  |  at  |  dev |   p   |  df  |  l   |   fot  |   tot  |  rot | lsp  |   pf  |    s  |                |
+---+-----+-------+---+-----+-----+--------+--------+---------+------+------+-------+------+------+--------+--------+------+------+-------+-------+----------------+
|  0|10.00|44919.3|  1|10.20|10.07|  45.498|  40.884| 1043.715|  -7.2|   0.0| 1077.9| 0.000|   0.0|  46.440|  45.442|101.33|   0.0|    0.0|    0.0|E               |
|  0|10.00|44931.1|  1|10.80|10.66|  45.532|  40.919| 1039.505|  -7.1|   0.0| 1076.3| 0.000|   0.0|  46.456|  45.467|102.64|   0.0|    0.0|    0.0|E               |
|  0|10.00|44942.9|  1|12.60|12.58|  44.001|  34.820| 1725.548|  -7.0|   0.2| 1816.9| 0.000|   0.0|  45.756|  42.034|142.98|   0.0|    0.0|    0.0|F2              |
|  0|10.00|44954.7|  1|12.00|11.61|  43.723|  33.701| 1851.057|  -6.9|   0.2| 1942.2| 0.000|   0.0|  45.566|  41.046|136.20|   0.0|    0.0|    0.0|F2              |
|  0|10.00|44965.6|  1|10.20|10.07|  45.496|  40.873| 1044.961|  -7.2|   0.0| 1079.2| 0.000|   0.0|  46.440|  45.442|101.39|   0.0|    0.0|    0.0|E               |
|  0|10.00|44977.4|  1|11.40|11.18|  45.323|  40.093| 1132.540|  -7.1|   0.1| 1176.9| 0.000|   0.0|  46.375|  45.105|105.25|   0.0|    0.0|    0.0|E               |
|  0|10.00|44988.1|  1|11.40|11.18|  45.314|  40.050| 1137.334|  -7.1|   0.1| 1181.9| 0.000|   0.0|  46.375|  45.105|105.31|   0.0|    0.0|    0.0|E               |
|  0|10.00|44998.9|  1| 9.00| 8.88|  45.575|  40.410| 1095.090|  -6.5|   0.0| 1126.2| 0.000|   0.0|  46.500|  45.313| 99.84|   0.0|    0.0|    0.0|E               |
|  0|10.00|44998.9|  1|10.80|10.66|  45.502|  40.895| 1042.437|  -7.2|   0.0| 1079.4| 0.000|   0.0|  46.445|  45.468|102.77|   0.0|    0.0|    0.0|E               |
+==============================================================================+
|   Medium characteristics Sunspot number=  34.1 IG=  34.1   GMT time:12:29    |
|------------------------------------------------------------------------------|
|   S   | fh |  I  |   D  | fd |  hd | fe |  he | ff1 | hf1 | ff2 | hf2 |   Hi |
|-------+----+-----+------+----+-----+----+-----+-----+-----+-----+-----+------|
|    0.0|1.21| 50.6|   2.5|0.22| 81.1|2.91|110.0| 0.00|  0.0| 8.71|275.7|  52.5|
+==============================================================================+

+==================================+
|       Es-layer parametres        |
|----------------------------------|
|   S   | hEs | fbEs | f0Es | P Es |
|-------+-----+------+------+------|
|    0.0|115.8| 3.25 | 3.46 | 66.5 |
+==================================+

|  0|10.00|45011.8|  1| 7.80| 7.68|  45.034|  39.766| 1171.749|  -7.9|   0.0| 1200.7| 0.000|   0.0|  46.261|  44.991| 98.60|   0.0|    0.0|    0.0|E               |
|  0|10.00|45022.5|  1|13.20|13.49|  44.195|  35.500| 1648.935|  -7.0|   0.2| 1742.7| 0.000|   0.0|  45.808|  42.280|148.16|   0.0|    0.0|    0.0|F2              |
|  0|10.00|45033.3|  1|10.80|10.66|  45.498|  40.879| 1044.276|  -7.2|   0.0| 1081.3| 0.000|   0.0|  46.445|  45.468|102.84|   0.0|    0.0|    0.0|E               |
|  0|10.00|45044.0|  1|12.00|11.64|  44.056|  33.770| 1840.288|  -6.3|   0.2| 1931.2| 0.000|   0.0|  45.802|  41.495|138.11|   0.0|    0.0|    0.0|F2              |
|  0|10.00|45055.9|  1|11.40|11.17|  45.220|  39.643| 1183.142|  -7.1|   0.1| 1230.2| 0.000|   0.0|  46.326|  44.851|105.80|   0.0|    0.0|    0.0|E               |
|  0|10.00|45067.7|  1|11.40|11.17|  45.196|  39.541| 1194.542|  -7.1|   0.1| 1242.2| 0.000|   0.0|  46.310|  44.766|105.91|   0.0|    0.0|    0.0|E               |
|  0|10.00|45078.4|  1|13.80|14.33|  44.637|  36.019| 1587.557|  -6.3|   0.2| 1683.9| 0.000|   0.0|  46.024|  42.650|153.17|   0.0|    0.0|    0.0|F2              |
|  0|10.00|45089.1|  1|11.40|11.15|  45.301|  39.058| 1246.685|  -6.4|   0.1| 1297.0| 0.000|   0.0|  46.359|  44.503|106.36|   0.0|    0.0|    0.0|E               |
|  0|10.00|45099.8|  1| 8.40| 8.28|  45.506|  40.081| 1132.086|  -6.5|   0.0| 1162.1| 0.000|   0.0|  46.461|  45.085| 99.20|   0.0|    0.0|    0.0|E               |
|  0|10.00|45110.6|  1| 6.00| 5.88|  44.657|  38.366| 1329.604|  -7.9|   0.0| 1356.2| 0.000|   0.0|  46.093|  44.213| 97.19|   0.0|    0.0|    0.0|E               |
|  0|10.00|45121.4|  1|12.60|12.65|  44.013|  34.859| 1721.129|  -7.0|   0.2| 1812.8| 0.000|   0.0|  45.783|  42.161|144.18|   0.0|    0.0|    0.0|F2              |
+---+-----+-------+---+-----+-----+--------+--------+---------+------+------+-------+------+------+--------+--------+------+------+-------+-------+----------------+
+---+-----+-------+---+-----+-----+--------+--------+---------+------+------+-------+------+------+--------+--------+------+------+-------+-------+----------------+
|0-x| fr  |  time |hop| d0  | d1  |   fi   |  teta  |   dist  |  at  |  dev |   p   |  df  |  l   |   fot  |   tot  |  rot | lsp  |   pf  |    s  |                |
+---+-----+-------+---+-----+-----+--------+--------+---------+------+------+-------+------+------+--------+--------+------+------+-------+-------+----------------+
|  0|10.00|45134.3|  1|11.40|11.11|  44.888|  38.248| 1339.996|  -7.1|   0.1| 1395.1| 0.000|   0.0|  46.193|  44.174|106.85|   0.0|    0.0|    0.0|E               |
|  0|10.00|45146.2|  1|11.40|10.60|  42.384|  29.834| 2288.078|  -6.9|   0.3| 2394.7| 0.000|   0.0|  44.919|  38.356|132.09|   0.0|    0.0|    0.0|F2              |
|  0|10.00|45156.9|  1|12.00|11.71|  43.728|  33.890| 1830.392|  -7.0|   0.2| 1921.2| 0.000|   0.0|  45.652|  41.553|138.77|   0.0|    0.0|    0.0|F2              |
|  0|10.00|45168.7|  1|10.20|10.08|  45.656|  40.796| 1051.756|  -6.5|   0.0| 1086.4| 0.000|   0.0|  46.521|  45.435|101.75|   0.0|    0.0|    0.0|E               |
|  0|10.00|45179.4|  1|12.00|11.72|  43.733|  33.907| 1828.424|  -7.0|   0.2| 1919.2| 0.000|   0.0|  45.679|  41.679|139.04|   0.0|    0.0|    0.0|F2              |
|  0|10.00|45190.2|  1|11.40|10.56|  43.112|  30.536| 2204.096|  -6.3|   0.2| 2306.4| 0.000|   0.0|  45.404|  39.521|132.65|   0.0|    0.0|    0.0|F2              |
|  0|10.00|45201.0|  1|10.80|10.66|  45.479|  40.792| 1053.990|  -7.2|   0.0| 1091.5| 0.000|   0.0|  46.445|  45.468|103.19|   0.0|    0.0|    0.0|E               |
|  0|10.00|45213.9|  1|10.20|10.08|  45.654|  40.784| 1053.187|  -6.5|   0.0| 1087.9| 0.000|   0.0|  46.521|  45.435|101.82|   0.0|    0.0|    0.0|E               |
|  0|10.00|45225.8|  1|12.00|11.73|  44.095|  33.914| 1824.082|  -6.3|   0.2| 1914.7| 0.000|   0.0|  45.835|  41.665|139.47|   0.0|    0.0|    0.0|F2              |
|  0|10.00|45237.5|  1|13.20|13.58|  43.895|  35.547| 1647.106|  -7.7|   0.2| 1741.3| 0.000|   0.0|  45.675|  42.337|149.40|   0.0|    0.0|    0.0|F2              |
|  0|10.00|45248.3|  1|12.00|11.74|  44.099|  33.929| 1822.411|  -6.3|   0.2| 1913.0| 0.000|   0.0|  45.851|  41.749|139.65|   0.0|    0.0|    0.0|F2              |
|  0|10.00|45259.0|  1| 8.40| 8.30|  45.312|  40.085| 1133.508|  -7.2|   0.0| 1163.6| 0.000|   0.0|  46.373|  45.094| 99.34|   0.0|    0.0|    0.0|E               |
|  0|10.00|45269.8|  1| 5.40| 5.29|  44.740|  37.767| 1394.313|  -7.2|   0.0| 1420.4| 0.000|   0.0|  46.151|  43.973| 97.06|   0.0|    0.0|    0.0|E               |
|  0|10.00|45280.5|  1|12.60|12.72|  44.021|  34.887| 1718.020|  -7.0|   0.2| 1809.9| 0.000|   0.0|  45.757|  42.037|145.03|   0.0|    0.0|    0.0|F2              |
|  0|10.00|45280.5|  1|10.80|10.66|  45.642|  40.716| 1060.797|  -6.5|   0.0| 1098.7| 0.000|   0.0|  46.526|  45.460|103.40|   0.0|    0.0|    0.0|E               |
|  0|10.00|45292.4|  1|11.40|10.61|  42.800|  31.000| 2156.318|  -7.0|   0.2| 2256.4| 0.000|   0.0|  45.308|  40.005|133.26|   0.0|    0.0|    0.0|F2              |
|  0|10.00|45303.2|  1| 7.80| 7.70|  45.423|  39.694| 1175.493|  -6.5|   0.0| 1204.6| 0.000|   0.0|  46.426|  44.887| 98.78|   0.0|    0.0|    0.0|E               |
|  0|10.00|45315.0|  1|10.20|10.08|  45.648|  40.754| 1056.551|  -6.5|   0.0| 1091.4| 0.000|   0.0|  46.521|  45.435|101.98|   0.0|    0.0|    0.0|E               |
|  0|10.00|45329.0|  1|15.60|16.67|  44.717|  37.461| 1428.164|  -7.0|   0.2| 1531.7| 0.000|   0.0|  46.048|  43.434|164.99|   0.0|    0.0|    0.0|F2              |
|  0|10.00|45343.1|  1|18.60|19.73|  45.177|  39.346| 1216.190|  -7.0|   0.2| 1327.9| 0.000|   0.0|  46.249|  44.438|175.94|   0.0|    0.0|    0.0|F2              |
+---+-----+-------+---+-----+-----+--------+--------+---------+------+------+-------+------+------+--------+--------+------+------+-------+-------+----------------+
+---+-----+-------+---+-----+-----+--------+--------+---------+------+------+-------+------+------+--------+--------+------+------+-------+-------+----------------+
|0-x| fr  |  time |hop| d0  | d1  |   fi   |  teta  |   dist  |  at  |  dev |   p   |  df  |  l   |   fot  |   tot  |  rot | lsp  |   pf  |    s  |                |
+---+-----+-------+---+-----+-----+--------+--------+---------+------+------+-------+------+------+--------+--------+------+------+-------+-------+----------------+
|  0|10.00|45356.1|  1|15.00|15.95|  44.603|  37.018| 1478.038|  -7.0|   0.2| 1579.6| 0.000|   0.0|  45.959|  42.998|161.35|   0.0|    0.0|    0.0|F2              |
|  0|10.00|45366.8|  1|15.00|15.97|  44.338|  37.045| 1477.955|  -7.7|   0.2| 1579.6| 0.000|   0.0|  45.831|  43.012|161.35|   0.0|    0.0|    0.0|F2              |
|  0|10.00|45378.7|  1| 9.00| 8.90|  45.564|  40.356| 1101.149|  -6.5|   0.0| 1132.6| 0.000|   0.0|  46.470|  45.142| 99.92|   0.0|    0.0|    0.0|E               |
|  0|10.00|45390.5|  1|12.60|12.76|  44.026|  34.904| 1716.039|  -7.0|   0.2| 1808.2| 0.000|   0.0|  45.761|  42.059|145.74|   0.0|    0.0|    0.0|F2              |
|  0|10.00|45402.3|  1|15.60|16.69|  44.464|  37.491| 1427.675|  -7.7|   0.2| 1531.4| 0.000|   0.0|  45.931|  43.457|165.25|   0.0|    0.0|    0.0|F2              |
|  0|10.00|45414.2|  1|16.20|17.37|  44.822|  37.881| 1380.942|  -7.0|   0.2| 1486.6| 0.000|   0.0|  46.090|  43.641|168.10|   0.0|    0.0|    0.0|F2              |
|  0|10.00|45428.3|  1|20.40|21.52|  44.940|  40.129| 1133.090|  -8.6|   0.1| 1252.4| 0.000|   0.0|  46.131|  44.869|181.40|   0.0|    0.0|    0.0|F2              |
|  0|10.00|45441.3|  1| 7.80| 7.72|  45.222|  39.705| 1176.312|  -7.2|   0.0| 1205.5| 0.000|   0.0|  46.334|  44.896| 98.89|   0.0|    0.0|    0.0|E               |
|  0|10.00|45453.2|  1|10.20|10.10|  45.465|  40.734| 1060.525|  -7.2|   0.0| 1095.6| 0.000|   0.0|  46.440|  45.442|102.18|   0.0|    0.0|    0.0|E               |
|  0|10.00|45465.0|  1|10.80|10.66|  45.614|  40.579| 1076.104|  -6.5|   0.0| 1114.7| 0.000|   0.0|  46.496|  45.290|103.73|   0.0|    0.0|    0.0|E               |
|  0|10.00|45475.9|  1|11.40|10.74|  43.546|  31.960| 2043.881|  -6.3|   0.2| 2138.9| 0.000|   0.0|  45.621|  40.582|134.76|   0.0|    0.0|    0.0|F2              |
|  0|10.00|45488.8|  1|13.80|14.46|  44.391|  36.062| 1585.171|  -6.9|   0.2| 1682.3| 0.000|   0.0|  45.900|  42.622|155.19|   0.0|    0.0|    0.0|F2              |
|  0|10.00|45499.6|  1|12.00|11.88|  43.789|  34.094| 1807.389|  -7.0|   0.2| 1898.1| 0.000|   0.0|  45.653|  41.557|140.99|   0.0|    0.0|    0.0|F2              |
|  0|10.00|45510.2|  1|13.80|14.46|  44.640|  36.040| 1585.137|  -6.3|   0.2| 1682.3| 0.000|   0.0|  46.048|  42.776|155.56|   0.0|    0.0|    0.0|F2              |
|  0|10.00|45523.1|  1|11.40|10.78|  43.170|  32.102| 2031.958|  -7.0|   0.2| 2126.6| 0.000|   0.0|  45.470|  40.725|135.01|   0.0|    0.0|    0.0|F2              |
|  0|10.00|45534.9|  1|11.40|10.79|  43.184|  32.145| 2027.091|  -7.0|   0.2| 2121.6| 0.000|   0.0|  45.479|  40.767|135.11|   0.0|    0.0|    0.0|F2              |
|  0|10.00|45545.7|  1|10.20|10.10|  45.458|  40.704| 1063.973|  -7.2|   0.0| 1099.3| 0.000|   0.0|  46.440|  45.442|102.32|   0.0|    0.0|    0.0|E               |
|  0|10.00|45557.5|  1| 9.00| 8.92|  45.375|  40.350| 1103.718|  -7.2|   0.0| 1135.3| 0.000|   0.0|  46.384|  45.150|100.15|   0.0|    0.0|    0.0|E               |
|  0|10.00|45568.3|  1|13.20|13.68|  44.204|  35.537| 1644.803|  -7.0|   0.2| 1739.6| 0.000|   0.0|  45.844|  42.449|151.57|   0.0|    0.0|    0.0|F2              |
|  0|10.00|45581.2|  1| 9.60| 9.52|  45.427|  40.573| 1078.661|  -7.2|   0.0| 1111.9| 0.000|   0.0|  46.409|  45.280|101.12|   0.0|    0.0|    0.0|E               |
+---+-----+-------+---+-----+-----+--------+--------+---------+------+------+-------+------+------+--------+--------+------+------+-------+-------+----------------+
+---+-----+-------+---+-----+-----+--------+--------+---------+------+------+-------+------+------+--------+--------+------+------+-------+-------+----------------+
|0-x| fr  |  time |hop| d0  | d1  |   fi   |  teta  |   dist  |  at  |  dev |   p   |  df  |  l   |   fot  |   tot  |  rot | lsp  |   pf  |    s  |                |
+---+-----+-------+---+-----+-----+--------+--------+---------+------+------+-------+------+------+--------+--------+------+------+-------+-------+----------------+
|  0|10.00|45591.9|  1| 5.40| 5.33|  44.983|  37.735| 1395.404|  -6.5|   0.0| 1421.6| 0.000|   0.0|  46.261|  43.963| 97.28|   0.0|    0.0|    0.0|E               |
|  0|10.00|45615.3|  1|14.40|15.24|  45.039|  36.519| 1528.859|  -5.6|   0.2| 1628.4| 0.000|   0.0|  46.179|  42.750|159.35|   0.0|    0.0|    0.0|F2              |
|  0|10.00|45628.3|  1|12.60|12.84|  44.310|  34.911| 1712.436|  -6.4|   0.2| 1805.0| 0.000|   0.0|  45.905|  42.132|147.39|   0.0|    0.0|    0.0|F2              |
|  0|10.00|45642.0|  1| 6.60| 6.54|  45.008|  38.824| 1275.422|  -7.2|   0.0| 1303.0| 0.000|   0.0|  46.256|  44.495| 98.09|   0.0|    0.0|    0.0|E               |
|  0|10.00|45652.7|  1| 9.60| 9.52|  45.602|  40.534| 1081.194|  -6.5|   0.0| 1114.5| 0.000|   0.0|  46.493|  45.272|101.27|   0.0|    0.0|    0.0|E               |
|  0|10.00|45668.9|  1| 9.60| 9.53|  45.244|  40.578| 1080.160|  -7.9|   0.0| 1113.5| 0.000|   0.0|  46.325|  45.289|101.23|   0.0|    0.0|    0.0|E               |
|  0|10.00|45680.4|  1| 9.00| 8.93|  45.370|  40.330| 1105.975|  -7.2|   0.0| 1137.7| 0.000|   0.0|  46.384|  45.150|100.32|   0.0|    0.0|    0.0|E               |
|  0|10.00|45691.1|  1|13.80|14.51|  44.642|  36.051| 1583.945|  -6.3|   0.2| 1681.4| 0.000|   0.0|  46.029|  42.674|156.42|   0.0|    0.0|    0.0|F2              |
|  0|10.00|45701.8|  1|12.00|11.97|  43.813|  34.176| 1798.147|  -7.0|   0.2| 1889.0| 0.000|   0.0|  45.690|  41.726|142.58|   0.0|    0.0|    0.0|F2              |
|  0|10.00|45713.1|  1|14.40|15.31|  44.209|  36.602| 1528.022|  -7.7|   0.2| 1627.9| 0.000|   0.0|  45.821|  42.972|160.14|   0.0|    0.0|    0.0|F2              |
|  0|10.00|45735.7|  1|13.20|13.74|  44.206|  35.548| 1643.585|  -7.0|   0.2| 1738.8| 0.000|   0.0|  45.840|  42.429|152.51|   0.0|    0.0|    0.0|F2              |
|  0|10.00|45747.6|  1|13.20|13.74|  44.206|  35.548| 1643.491|  -7.0|   0.2| 1738.7| 0.000|   0.0|  45.857|  42.512|152.63|   0.0|    0.0|    0.0|F2              |
|  0|10.00|45760.4|  1| 9.60| 9.52|  45.597|  40.508| 1084.063|  -6.5|   0.0| 1117.5| 0.000|   0.0|  46.493|  45.272|101.43|   0.0|    0.0|    0.0|E               |
|  0|10.00|45772.0|  1|12.60|12.91|  44.039|  34.954| 1710.395|  -7.0|   0.2| 1803.3| 0.000|   0.0|  45.749|  41.999|147.98|   0.0|    0.0|    0.0|F2              |
|  0|10.00|45782.7|  1|10.20|10.12|  45.413|  40.620| 1073.641|  -7.3|   0.0| 1109.4| 0.000|   0.0|  46.395|  45.273|102.53|   0.0|    0.0|    0.0|E               |
|  0|10.00|45793.4|  1|11.40|10.98|  43.394|  32.804| 1952.768|  -7.0|   0.2| 2044.6| 0.000|   0.0|  45.416|  40.480|135.72|   0.0|    0.0|    0.0|F2              |
|  0|10.00|45807.4|  1|10.80|10.66|  45.337|  40.159| 1125.136|  -7.2|   0.0| 1166.3| 0.000|   0.0|  46.363|  45.044|104.66|   0.0|    0.0|    0.0|E               |
|  0|10.00|45818.9|  1|10.80|10.65|  45.510|  40.063| 1133.984|  -6.4|   0.1| 1175.5| 0.000|   0.0|  46.452|  45.036|104.83|   0.0|    0.0|    0.0|E               |
|  0|10.00|45829.7|  1|10.80|10.66|  45.350|  40.094| 1132.137|  -7.1|   0.0| 1173.6| 0.000|   0.0|  46.376|  45.043|104.80|   0.0|    0.0|    0.0|E               |
|  0|10.00|45840.4|  1|10.20|10.12|  45.433|  40.593| 1076.437|  -7.2|   0.0| 1112.4| 0.000|   0.0|  46.416|  45.315|102.74|   0.0|    0.0|    0.0|E               |
+---+-----+-------+---+-----+-----+--------+--------+---------+------+------+-------+------+------+--------+--------+------+------+-------+-------+----------------+
+---+-----+-------+---+-----+-----+--------+--------+---------+------+------+-------+------+------+--------+--------+------+------+-------+-------+----------------+
|0-x| fr  |  time |hop| d0  | d1  |   fi   |  teta  |   dist  |  at  |  dev |   p   |  df  |  l   |   fot  |   tot  |  rot | lsp  |   pf  |    s  |                |
+---+-----+-------+---+-----+-----+--------+--------+---------+------+------+-------+------+------+--------+--------+------+------+-------+-------+----------------+
|  0|10.00|45861.9|  1|15.60|16.77|  44.725|  37.502| 1423.644|  -7.0|   0.2| 1527.6| 0.000|   0.0|  46.055|  43.467|167.17|   0.0|    0.0|    0.0|F2              |
|  0|10.00|45872.6|  1|12.60|12.95|  44.042|  34.966| 1709.081|  -7.0|   0.2| 1802.2| 0.000|   0.0|  45.758|  42.042|148.68|   0.0|    0.0|    0.0|F2              |
|  0|10.00|45884.2|  1|10.20|10.12|  45.429|  40.574| 1078.564|  -7.2|   0.0| 1114.6| 0.000|   0.0|  46.416|  45.315|102.83|   0.0|    0.0|    0.0|E               |
|  0|10.00|45894.9|  1|11.40|11.04|  43.501|  32.967| 1933.884|  -6.9|   0.2| 2025.1| 0.000|   0.0|  45.561|  41.024|137.89|   0.0|    0.0|    0.0|F2              |
|  0|10.00|45905.7|  1|10.80|10.66|  45.265|  39.844| 1160.542|  -7.1|   0.1| 1203.5| 0.000|   0.0|  46.331|  44.874|105.14|   0.0|    0.0|    0.0|E               |
|  0|10.00|45917.5|  1|11.40|11.06|  43.455|  33.000| 1930.670|  -7.0|   0.2| 2021.8| 0.000|   0.0|  45.546|  41.069|138.09|   0.0|    0.0|    0.0|F2              |
|  0|10.00|45928.3|  1|11.40|11.06|  43.845|  33.006| 1926.225|  -6.3|   0.2| 2017.2| 0.000|   0.0|  45.724|  41.096|138.34|   0.0|    0.0|    0.0|F2              |
|  0|10.00|45939.0|  1|10.80|10.66|  45.226|  39.677| 1179.289|  -7.1|   0.1| 1223.2| 0.000|   0.0|  46.331|  44.874|105.39|   0.0|    0.0|    0.0|E               |
|  0|10.00|45963.7|  1|12.00|12.10|  43.836|  34.258| 1788.927|  -7.0|   0.2| 1880.1| 0.000|   0.0|  45.682|  41.687|144.27|   0.0|    0.0|    0.0|F2              |
|  0|10.00|45975.6|  1|11.40|11.08|  43.862|  33.064| 1919.654|  -6.3|   0.2| 2010.5| 0.000|   0.0|  45.732|  41.138|138.72|   0.0|    0.0|    0.0|F2              |
|  0|10.00|45986.4|  1|13.20|13.82|  44.253|  35.561| 1641.603|  -6.9|   0.2| 1737.3| 0.000|   0.0|  45.882|  42.532|154.00|   0.0|    0.0|    0.0|F2              |
|  0|10.00|45986.4|  1|10.80|10.64|  45.322|  39.162| 1234.993|  -6.4|   0.1| 1281.7| 0.000|   0.0|  46.363|  44.526|105.93|   0.0|    0.0|    0.0|E               |
|  0|10.00|45999.3|  1|10.80|10.64|  45.293|  39.024| 1250.532|  -6.4|   0.1| 1298.0| 0.000|   0.0|  46.363|  44.526|106.09|   0.0|    0.0|    0.0|E               |
|  0|10.00|46011.2|  1|12.00|12.10|  44.181|  34.243| 1787.058|  -6.3|   0.2| 1878.2| 0.000|   0.0|  45.845|  41.715|144.75|   0.0|    0.0|    0.0|F2              |
|  0|10.00|46023.0|  1|11.40|11.13|  43.496|  33.131| 1915.911|  -7.0|   0.2| 2006.8| 0.000|   0.0|  45.565|  41.154|138.93|   0.0|    0.0|    0.0|F2              |
|  0|10.00|46034.9|  1|11.40|11.12|  43.880|  33.131| 1912.089|  -6.3|   0.2| 2002.7| 0.000|   0.0|  45.732|  41.139|139.15|   0.0|    0.0|    0.0|F2              |
|  0|10.00|46045.8|  1|10.80|10.62|  45.130|  38.269| 1335.195|  -6.4|   0.1| 1386.9| 0.000|   0.0|  46.287|  44.101|106.72|   0.0|    0.0|    0.0|E               |
|  0|10.00|46058.7|  1|12.00|12.13|  44.184|  34.255| 1785.715|  -6.3|   0.2| 1877.0| 0.000|   0.0|  45.846|  41.716|145.06|   0.0|    0.0|    0.0|F2              |
|  0|10.00|46069.4|  1|11.40|11.15|  43.565|  33.179| 1909.967|  -6.9|   0.2| 2000.7| 0.000|   0.0|  45.607|  41.236|139.36|   0.0|    0.0|    0.0|F2              |
|  0|10.00|46080.2|  1|10.80|10.60|  44.765|  37.753| 1395.652|  -7.1|   0.1| 1450.4| 0.000|   0.0|  46.147|  43.942|107.00|   0.0|    0.0|    0.0|E               |
+---+-----+-------+---+-----+-----+--------+--------+---------+------+------+-------+------+------+--------+--------+------+------+-------+-------+----------------+
+---+-----+-------+---+-----+-----+--------+--------+---------+------+------+-------+------+------+--------+--------+------+------+-------+-------+----------------+
|0-x| fr  |  time |hop| d0  | d1  |   fi   |  teta  |   dist  |  at  |  dev |   p   |  df  |  l   |   fot  |   tot  |  rot | lsp  |   pf  |    s  |                |
+---+-----+-------+---+-----+-----+--------+--------+---------+------+------+-------+------+------+--------+--------+------+------+-------+-------+----------------+
|  0|10.00|46091.0|  1|11.40|11.16|  43.896|  33.188| 1905.716|  -6.3|   0.2| 1996.3| 0.000|   0.0|  45.766|  41.308|139.67|   0.0|    0.0|    0.0|F2              |
|  0|10.00|46101.7|  1|11.40|11.16|  43.899|  33.198| 1904.566|  -6.3|   0.2| 1995.1| 0.000|   0.0|  45.766|  41.308|139.75|   0.0|    0.0|    0.0|F2              |
|  0|10.00|46112.4|  1|11.40|11.18|  43.578|  33.221| 1905.203|  -6.9|   0.2| 1995.8| 0.000|   0.0|  45.626|  41.321|139.72|   0.0|    0.0|    0.0|F2              |
|  0|10.00|46125.5|  1|10.80|10.02|  42.771|  29.481| 2322.909|  -6.2|   0.3| 2426.3| 0.000|   0.0|  45.244|  38.771|133.15|   0.0|    0.0|    0.0|F2              |
|  0|10.00|46136.2|  1|10.80|10.01|  42.767|  29.470| 2324.204|  -6.2|   0.3| 2427.6| 0.000|   0.0|  45.153|  38.350|131.78|   0.0|    0.0|    0.0|F2              |
|  0|10.00|46148.1|  1|11.40|11.19|  43.910|  33.240| 1899.863|  -6.3|   0.2| 1990.3| 0.000|   0.0|  45.725|  41.099|139.88|   0.0|    0.0|    0.0|F2              |
|  0|10.00|46171.8|  1|12.00|12.19|  43.850|  34.309| 1783.090|  -7.0|   0.2| 1874.6| 0.000|   0.0|  45.709|  41.814|145.80|   0.0|    0.0|    0.0|F2              |
|  0|10.00|46183.3|  1|11.40|11.21|  43.918|  33.269| 1896.576|  -6.3|   0.2| 1987.0| 0.000|   0.0|  45.725|  41.099|140.12|   0.0|    0.0|    0.0|F2              |
|  0|10.00|46194.0|  1| 6.60| 6.61|  44.563|  38.848| 1278.019|  -8.6|   0.0| 1305.9| 0.000|   0.0|  46.038|  44.431| 98.37|   0.0|    0.0|    0.0|E               |
|  0|10.00|46204.7|  1|10.80| 9.90|  43.264|  29.415| 2325.913|  -5.5|   0.3| 2428.9| 0.000|   0.0|  45.482|  38.838|132.97|   0.0|    0.0|    0.0|F2              |
|  0|10.00|46216.7|  1|10.20|10.13|  45.570|  40.368| 1099.828|  -6.5|   0.0| 1136.9| 0.000|   0.0|  46.484|  45.222|103.50|   0.0|    0.0|    0.0|E               |
|  0|10.00|46227.4|  1|10.80|10.04|  41.737|  29.481| 2333.549|  -7.6|   0.3| 2437.6| 0.000|   0.0|  44.793|  38.773|132.85|   0.0|    0.0|    0.0|F2              |
|  0|10.00|46239.3|  1|11.40|11.26|  43.557|  33.332| 1893.241|  -7.0|   0.2| 1983.8| 0.000|   0.0|  45.566|  41.157|140.48|   0.0|    0.0|    0.0|F2              |
|  0|10.00|46250.0|  1|12.00|12.21|  44.195|  34.300| 1780.695|  -6.3|   0.2| 1872.3| 0.000|   0.0|  45.870|  41.843|146.45|   0.0|    0.0|    0.0|F2              |
|  0|10.00|46260.7|  1| 8.40| 8.38|  45.475|  39.934| 1148.519|  -6.5|   0.0| 1179.4| 0.000|   0.0|  46.431|  44.914|100.07|   0.0|    0.0|    0.0|E               |
|  0|10.00|46271.4|  1|11.40|11.27|  43.617|  33.353| 1890.361|  -6.9|   0.2| 1980.8| 0.000|   0.0|  45.590|  41.156|140.72|   0.0|    0.0|    0.0|F2              |
|  0|10.00|46282.2|  1|10.20|10.14|  45.380|  40.356| 1103.025|  -7.2|   0.0| 1140.3| 0.000|   0.0|  46.399|  45.230|103.61|   0.0|    0.0|    0.0|E               |
|  0|10.00|46294.0|  1|11.40|11.30|  43.198|  33.392| 1890.601|  -7.7|   0.2| 1981.2| 0.000|   0.0|  45.400|  41.175|140.76|   0.0|    0.0|    0.0|F2              |
|  0|10.00|46304.7|  1|10.80| 9.90|  45.515|  30.476| 2194.746|  -2.7|   0.2| 2291.4| 0.000|   0.0|  46.459|  39.514|134.37|   0.0|    0.0|    0.0|F2              |
|  0|10.00|46304.7|  1|13.80|14.75|  43.172|  36.254| 1579.549|  -9.9|   0.2| 1678.2| 0.000|   0.0|  45.364|  42.836|159.38|   0.0|    0.0|    0.0|F2              |
+---+-----+-------+---+-----+-----+--------+--------+---------+------+------+-------+------+------+--------+--------+------+------+-------+-------+----------------+
+---+-----+-------+---+-----+-----+--------+--------+---------+------+------+-------+------+------+--------+--------+------+------+-------+-------+----------------+
|0-x| fr  |  time |hop| d0  | d1  |   fi   |  teta  |   dist  |  at  |  dev |   p   |  df  |  l   |   fot  |   tot  |  rot | lsp  |   pf  |    s  |                |
+---+-----+-------+---+-----+-----+--------+--------+---------+------+------+-------+------+------+--------+--------+------+------+-------+-------+----------------+
|  0|10.00|46315.6|  1|11.40|11.30|  43.574|  33.387| 1887.095|  -7.0|   0.2| 1977.6| 0.000|   0.0|  45.585|  41.242|141.15|   0.0|    0.0|    0.0|F2              |
|  0|10.00|46327.5|  1|10.80| 9.98|  42.360|  29.763| 2296.090|  -6.9|   0.3| 2398.0| 0.000|   0.0|  45.094|  39.088|133.37|   0.0|    0.0|    0.0|F2              |
|  0|10.00|46338.2|  1| 9.60| 9.56|  45.747|  40.323| 1103.125|  -5.8|   0.0| 1137.6| 0.000|   0.0|  46.551|  45.094|102.09|   0.0|    0.0|    0.0|E               |
|  0|10.00|46350.1|  1|11.40|11.31|  43.951|  33.391| 1882.933|  -6.3|   0.2| 1973.3| 0.000|   0.0|  45.758|  41.269|141.56|   0.0|    0.0|    0.0|F2              |
|  0|10.00|46360.8|  1|10.80|10.00|  42.994|  30.163| 2246.113|  -6.2|   0.3| 2345.7| 0.000|   0.0|  45.380|  39.408|133.98|   0.0|    0.0|    0.0|F2              |
|  0|10.00|46371.5|  1|10.20|10.14|  45.364|  40.288| 1110.681|  -7.2|   0.0| 1148.3| 0.000|   0.0|  46.399|  45.230|103.82|   0.0|    0.0|    0.0|E               |
|  0|10.00|46382.2|  1|10.20|10.14|  45.544|  40.242| 1113.974|  -6.5|   0.0| 1151.8| 0.000|   0.0|  46.484|  45.222|103.90|   0.0|    0.0|    0.0|E               |
|  0|10.00|46392.9|  1|10.80|10.04|  42.535|  30.244| 2241.784|  -6.9|   0.3| 2341.4| 0.000|   0.0|  45.174|  39.427|134.03|   0.0|    0.0|    0.0|F2              |
|  0|10.00|46403.7|  1|11.40|11.35|  43.591|  33.444| 1880.655|  -7.0|   0.2| 1971.2| 0.000|   0.0|  45.603|  41.327|141.88|   0.0|    0.0|    0.0|F2              |
|  0|10.00|46414.4|  1|11.40|11.34|  43.961|  33.430| 1878.510|  -6.3|   0.2| 1968.9| 0.000|   0.0|  45.767|  41.312|142.07|   0.0|    0.0|    0.0|F2              |
|  0|10.00|46425.3|  1|10.80|10.08|  42.626|  30.500| 2212.793|  -6.9|   0.3| 2311.2| 0.000|   0.0|  45.174|  39.429|134.11|   0.0|    0.0|    0.0|F2              |
|  0|10.00|46436.1|  1|11.40|11.37|  43.596|  33.463| 1878.478|  -7.0|   0.2| 1969.0| 0.000|   0.0|  45.603|  41.327|142.12|   0.0|    0.0|    0.0|F2              |
|  0|10.00|46446.9|  1|10.80|10.10|  42.684|  30.665| 2194.174|  -7.0|   0.2| 2291.8| 0.000|   0.0|  45.194|  39.514|134.33|   0.0|    0.0|    0.0|F2              |
|  0|10.00|46458.7|  1|10.20|10.14|  45.372|  40.203| 1119.952|  -7.1|   0.0| 1158.1| 0.000|   0.0|  46.379|  45.059|103.92|   0.0|    0.0|    0.0|E               |
|  0|10.00|46469.5|  1|12.00|12.30|  44.546|  34.321| 1775.276|  -5.6|   0.2| 1867.2| 0.000|   0.0|  45.980|  41.581|147.60|   0.0|    0.0|    0.0|F2              |
|  0|10.00|46480.2|  1|10.80|10.15|  42.767|  30.901| 2167.555|  -7.0|   0.2| 2264.1| 0.000|   0.0|  45.253|  39.768|134.93|   0.0|    0.0|    0.0|F2              |
|  0|10.00|46491.0|  1|11.40|11.41|  43.239|  33.517| 1876.506|  -7.7|   0.2| 1967.2| 0.000|   0.0|  45.451|  41.386|142.45|   0.0|    0.0|    0.0|F2              |
|  0|10.00|46501.7|  1|11.40|11.38|  44.341|  33.460| 1871.803|  -5.6|   0.2| 1962.1| 0.000|   0.0|  45.952|  41.426|142.90|   0.0|    0.0|    0.0|F2              |
|  0|10.00|46512.5|  1|15.00|16.19|  44.888|  37.103| 1465.899|  -6.3|   0.2| 1568.3| 0.000|   0.0|  46.123|  43.176|166.90|   0.0|    0.0|    0.0|F2              |
|  0|10.00|46523.2|  1|13.20|13.99|  44.523|  35.585| 1636.356|  -6.3|   0.2| 1732.9| 0.000|   0.0|  45.954|  42.276|156.68|   0.0|    0.0|    0.0|F2              |
+---+-----+-------+---+-----+-----+--------+--------+---------+------+------+-------+------+------+--------+--------+------+------+-------+-------+----------------+
+---+-----+-------+---+-----+-----+--------+--------+---------+------+------+-------+------+------+--------+--------+------+------+-------+-------+----------------+
|0-x| fr  |  time |hop| d0  | d1  |   fi   |  teta  |   dist  |  at  |  dev |   p   |  df  |  l   |   fot  |   tot  |  rot | lsp  |   pf  |    s  |                |
+---+-----+-------+---+-----+-----+--------+--------+---------+------+------+-------+------+------+--------+--------+------+------+-------+-------+----------------+
|  0|10.00|46533.9|  1|12.60|13.19|  44.378|  35.010| 1700.896|  -6.3|   0.2| 1795.2| 0.000|   0.0|  45.891|  41.950|152.57|   0.0|    0.0|    0.0|F2              |
|  0|10.00|46555.6|  1|12.60|13.19|  44.744|  34.985| 1700.489|  -5.5|   0.2| 1794.8| 0.000|   0.0|  46.063|  41.936|152.78|   0.0|    0.0|    0.0|F2              |
|  0|10.00|46566.3|  1|17.40|18.63|  45.264|  38.768| 1278.923|  -6.3|   0.2| 1386.9| 0.000|   0.0|  46.318|  44.256|176.18|   0.0|    0.0|    0.0|F2              |
|  0|10.00|46578.1|  1|18.60|19.80|  45.420|  39.346| 1213.829|  -6.2|   0.2| 1326.1| 0.000|   0.0|  46.364|  44.430|179.33|   0.0|    0.0|    0.0|F2              |
|  0|10.00|46588.8|  1|18.60|19.80|  45.390|  39.349| 1213.764|  -6.3|   0.2| 1326.1| 0.000|   0.0|  46.350|  44.431|179.35|   0.0|    0.0|    0.0|F2              |
|  0|10.00|46600.7|  1|18.60|19.81|  45.390|  39.349| 1213.738|  -6.3|   0.2| 1326.0| 0.000|   0.0|  46.350|  44.431|179.38|   0.0|    0.0|    0.0|F2              |
|  0|10.00|46611.4|  1|19.80|20.96|  45.495|  39.840| 1158.687|  -6.3|   0.2| 1276.0| 0.000|   0.0|  46.402|  44.727|182.88|   0.0|    0.0|    0.0|F2              |
|  0|10.00|46622.2|  1|21.00|22.12|  45.211|  40.311| 1109.886|  -7.7|   0.2| 1232.5| 0.000|   0.0|  46.265|  44.991|186.12|   0.0|    0.0|    0.0|F2              |
|  0|10.00|46632.9|  1|21.60|22.67|  45.442|  40.486| 1088.043|  -7.0|   0.2| 1213.5| 0.000|   0.0|  46.372|  45.072|187.67|   0.0|    0.0|    0.0|F2              |
|  0|10.00|46643.6|  1|15.00|16.22|  44.891|  37.118| 1464.194|  -6.3|   0.2| 1566.6| 0.000|   0.0|  46.149|  43.320|167.65|   0.0|    0.0|    0.0|F2              |
|  0|10.00|46654.4|  1|11.40|11.48|  43.994|  33.553| 1864.657|  -6.3|   0.2| 1955.2| 0.000|   0.0|  45.743|  41.189|143.60|   0.0|    0.0|    0.0|F2              |
|  0|10.00|46665.3|  1|13.80|14.82|  44.081|  36.187| 1574.837|  -7.7|   0.2| 1673.8| 0.000|   0.0|  45.777|  42.777|161.37|   0.0|    0.0|    0.0|F2              |
|  0|10.00|46676.0|  1|18.60|19.81|  45.391|  39.351| 1213.558|  -6.3|   0.2| 1325.9| 0.000|   0.0|  46.374|  44.571|179.98|   0.0|    0.0|    0.0|F2              |
|  0|10.00|46686.7|  1|20.40|21.55|  45.159|  40.103| 1133.279|  -7.7|   0.2| 1253.2| 0.000|   0.0|  46.237|  44.859|184.59|   0.0|    0.0|    0.0|F2              |
|  0|10.00|46698.5|  1| 9.60| 9.60|  45.352|  40.244| 1115.661|  -7.2|   0.0| 1150.8| 0.000|   0.0|  46.376|  45.110|102.77|   0.0|    0.0|    0.0|E               |
|  0|10.00|46709.3|  1|15.60|16.95|  44.738|  37.568| 1416.199|  -7.0|   0.2| 1520.8| 0.000|   0.0|  46.049|  43.439|170.45|   0.0|    0.0|    0.0|F2              |
|  0|10.00|46709.3|  1|13.20|14.07|  43.922|  35.660| 1634.431|  -7.7|   0.2| 1731.4| 0.000|   0.0|  45.687|  42.388|157.79|   0.0|    0.0|    0.0|F2              |
|  0|10.00|46720.0|  1|19.20|20.39|  45.445|  39.605| 1185.102|  -6.3|   0.2| 1299.9| 0.000|   0.0|  46.400|  44.720|181.81|   0.0|    0.0|    0.0|F2              |
|  0|10.00|46731.9|  1|22.20|23.24|  45.484|  40.672| 1067.160|  -7.0|   0.2| 1195.5| 0.000|   0.0|  46.401|  45.220|189.69|   0.0|    0.0|    0.0|F2              |
|  0|10.00|46746.0|  1|21.00|22.11|  45.398|  40.291| 1110.041|  -7.0|   0.2| 1232.7| 0.000|   0.0|  46.355|  44.982|186.45|   0.0|    0.0|    0.0|F2              |
+---+-----+-------+---+-----+-----+--------+--------+---------+------+------+-------+------+------+--------+--------+------+------+-------+-------+----------------+
+---+-----+-------+---+-----+-----+--------+--------+---------+------+------+-------+------+------+--------+--------+------+------+-------+-------+----------------+
|0-x| fr  |  time |hop| d0  | d1  |   fi   |  teta  |   dist  |  at  |  dev |   p   |  df  |  l   |   fot  |   tot  |  rot | lsp  |   pf  |    s  |                |
+---+-----+-------+---+-----+-----+--------+--------+---------+------+------+-------+------+------+--------+--------+------+------+-------+-------+----------------+
|  0|10.00|46757.9|  1|18.60|19.85|  44.536|  39.453| 1212.300|  -9.3|   0.1| 1324.7| 0.000|   0.0|  45.971|  44.615|180.06|   0.0|    0.0|    0.0|F2              |
|  0|10.00|46770.8|  1|18.60|19.82|  45.184|  39.374| 1213.056|  -7.0|   0.2| 1325.4| 0.000|   0.0|  46.277|  44.581|180.20|   0.0|    0.0|    0.0|F2              |
|  0|10.00|46786.0|  1|18.00|19.25|  45.119|  39.104| 1243.451|  -7.0|   0.2| 1353.5| 0.000|   0.0|  46.247|  44.430|178.52|   0.0|    0.0|    0.0|F2              |
+---+-----+-------+---+-----+-----+--------+--------+---------+------+------+-------+------+------+--------+--------+------+------+-------+-------+----------------+