
delt0=     0.1  eps=   1e-05  ep=   1e-06  ep1=   0.001
Geomagnetic Field - const
fh= 1.34  i=  65.2  d=   6.8
Number TID: 1
Tid Parametres
  delt   lamb     t     b      a     fi
0.000   200.0  20.0 -45.0   45.0   0.000
delta=-0.000  r0= 200.0  lon=  39.000 lat=  55.000
Beta=  20.0  Alfa=   0.0 aX=  20.0 aY= 100.0 aZ=  20.0

lonIon=  40.000 latIon=  47.500 it= 8.00 h_tec=450.0  TEC= 1.13000e+17
lonIon=  40.000 latIon=  47.500 it= 8.25 h_tec=450.0  TEC= 1.13000e+17
lonIon=  40.000 latIon=  47.500 it= 8.50 h_tec=450.0  TEC= 1.13000e+17
lonIon=  40.000 latIon=  47.500 it= 8.75 h_tec=450.0  TEC= 1.13000e+17

Number diff. equation: 6

+==============================================================================+
|   Medium characteristics Sunspot number=  21.9 IG=  21.9   GMT time:08:00    |
|------------------------------------------------------------------------------|
|   S   | fh |  I  |   D  | fd |  hd | fe |  he | ff1 | hf1 | ff2 | hf2 |   Hi |
|-------+----+-----+------+----+-----+----+-----+-----+-----+-----+-----+------|
|    0.0|1.21| 50.6|   2.5|0.23| 81.0|3.19|110.0| 4.47|162.6| 7.90|267.4|  34.0|
+==============================================================================+

+==================================+
|       Es-layer parametres        |
|----------------------------------|
|   S   | hEs | fbEs | f0Es | P Es |
|-------+-----+------+------+------|
|    0.0|117.3| 3.91 | 4.11 | 69.1 |
+==================================+

|  0|10.00|28809.9|  1| 9.60| 9.52|  46.255|  41.177| 1004.915|  -4.3|  -0.0| 1034.7| 0.000|   0.0|  46.807|  45.681| 97.47|   0.0|    0.0|    0.0|E               |
|  0|10.00|28876.3|  1| 9.60| 9.52|  45.899|  41.202| 1004.842|  -5.8|  -0.0| 1034.7| 0.000|   0.0|  46.643|  45.692| 97.47|   0.0|    0.0|    0.0|E               |
|  0|10.00|29005.3|  1|12.00|11.90|  46.366|  42.190|  892.007|  -4.4|  -0.0|  926.7| 0.000|   0.0|  46.850|  46.151| 99.76|   0.0|    0.0|    0.0|E               |
|  0|10.00|29039.2|  1|10.80|10.72|  46.155|  41.768|  940.187|  -5.1|  -0.0|  972.1| 0.000|   0.0|  46.756|  45.959| 98.48|   0.0|    0.0|    0.0|E               |
|  0|10.00|29123.9|  1| 9.00| 8.92|  45.666|  40.882| 1042.192|  -6.5|  -0.0| 1071.1| 0.000|   0.0|  46.537|  45.527| 97.00|   0.0|    0.0|    0.0|E               |
|  0|10.00|29190.8|  1|10.80|10.72|  46.485|  41.751|  939.973|  -3.6|  -0.0|  971.9| 0.000|   0.0|  46.910|  45.950| 98.47|   0.0|    0.0|    0.0|E               |
|  0|10.00|29214.1|  1| 8.40| 8.32|  45.049|  40.568| 1083.636|  -8.6|  -0.0| 1111.7| 0.000|   0.0|  46.257|  45.368| 96.57|   0.0|    0.0|    0.0|E               |
|  0|10.00|29225.7|  1| 7.20| 7.13|  45.839|  39.632| 1178.794|  -5.0|  -0.0| 1205.3| 0.000|   0.0|  46.628|  44.916| 95.84|   0.0|    0.0|    0.0|E               |
|  0|10.00|29237.4|  1| 9.60| 9.52|  45.923|  41.204| 1004.387|  -5.7|  -0.0| 1034.2| 0.000|   0.0|  46.654|  45.692| 97.44|   0.0|    0.0|    0.0|E               |
|  0|10.00|29248.1|  1| 9.00| 8.92|  46.012|  40.856| 1042.121|  -5.1|  -0.0| 1071.0| 0.000|   0.0|  46.696|  45.514| 96.99|   0.0|    0.0|    0.0|E               |
+---+-----+-------+---+-----+-----+--------+--------+---------+------+------+-------+------+------+--------+--------+------+------+-------+-------+----------------+
+---+-----+-------+---+-----+-----+--------+--------+---------+------+------+-------+------+------+--------+--------+------+------+-------+-------+----------------+
|0-x| fr  |  time |hop| d0  | d1  |   fi   |  teta  |   dist  |  at  |  dev |   p   |  df  |  l   |   fot  |   tot  |  rot | lsp  |   pf  |    s  |                |
+---+-----+-------+---+-----+-----+--------+--------+---------+------+------+-------+------+------+--------+--------+------+------+-------+-------+----------------+
|  0|10.00|29419.1|  1| 8.40| 8.33|  45.797|  40.498| 1083.420|  -5.7|  -0.0| 1111.4| 0.000|   0.0|  46.600|  45.334| 96.56|   0.0|    0.0|    0.0|E               |
|  0|10.00|29432.6|  1| 6.60| 6.52|  45.304|  39.179| 1233.336|  -6.5|  -0.0| 1259.2| 0.000|   0.0|  46.378|  44.615| 95.35|   0.0|    0.0|    0.0|E               |
|  0|10.00|29467.2|  1|12.60|12.49|  45.961|  42.373|  875.079|  -6.5|  -0.0|  911.4| 0.000|   0.0|  46.653|  46.211|100.47|   0.0|    0.0|    0.0|E               |
|  0|10.00|29490.5|  1|12.00|11.90|  45.791|  42.246|  890.783|  -7.2|  -0.0|  925.4| 0.000|   0.0|  46.578|  46.172| 99.69|   0.0|    0.0|    0.0|E               |
|  0|10.00|29535.7|  1|16.20|16.00|  45.845|  43.115|  794.576|  -7.9|  -0.0|  842.4| 0.000|   0.0|  46.605|  46.648|108.97|   0.0|    0.0|    0.0|E               |
|  0|10.00|29548.4|  1|10.80|10.72|  45.850|  41.799|  939.395|  -6.5|  -0.0|  971.3| 0.000|   0.0|  46.613|  45.970| 98.43|   0.0|    0.0|    0.0|E               |
|  0|10.00|29673.7|  1|12.00|11.91|  45.648|  42.265|  890.305|  -7.9|  -0.0|  924.9| 0.000|   0.0|  46.510|  46.179| 99.67|   0.0|    0.0|    0.0|E               |
+==============================================================================+
|   Medium characteristics Sunspot number=  21.9 IG=  21.9   GMT time:08:14    |
|------------------------------------------------------------------------------|
|   S   | fh |  I  |   D  | fd |  hd | fe |  he | ff1 | hf1 | ff2 | hf2 |   Hi |
|-------+----+-----+------+----+-----+----+-----+-----+-----+-----+-----+------|
|    0.0|1.21| 50.6|   2.5|0.23| 81.0|3.21|110.0| 4.49|162.3| 8.05|268.6|  32.3|
+==============================================================================+

+==================================+
|       Es-layer parametres        |
|----------------------------------|
|   S   | hEs | fbEs | f0Es | P Es |
|-------+-----+------+------+------|
|    0.0|116.5| 3.90 | 4.10 | 68.1 |
+==================================+

|  0|10.00|29821.0|  1|12.60|12.50|  46.995|  42.326|  874.199|  -1.4|  -0.0|  910.5| 0.000|   0.0|  47.145|  46.185|100.43|   0.0|    0.0|    0.0|E               |
|  0|10.00|29936.1|  1|13.80|13.66|  45.985|  42.500|  860.844|  -6.5|  -0.0|  901.7| 0.000|   0.0|  46.665|  46.286|102.68|   0.0|    0.0|    0.0|E               |
|  0|10.00|29991.9|  1| 9.60| 9.52|  46.067|  41.201| 1003.554|  -5.1|  -0.0| 1033.3| 0.000|   0.0|  46.720|  45.687| 97.40|   0.0|    0.0|    0.0|E               |
|  0|10.00|30037.5|  1|10.80|10.72|  46.157|  41.780|  938.812|  -5.1|  -0.0|  970.7| 0.000|   0.0|  46.756|  45.959| 98.40|   0.0|    0.0|    0.0|E               |
|  0|10.00|30072.1|  1|10.80|10.72|  45.851|  41.805|  938.735|  -6.5|  -0.0|  970.6| 0.000|   0.0|  46.613|  45.970| 98.39|   0.0|    0.0|    0.0|E               |
|  0|10.00|30129.4|  1|15.60|15.39|  46.322|  42.744|  831.007|  -5.0|  -0.0|  878.4| 0.000|   0.0|  46.830|  46.461|108.44|   0.0|    0.0|    0.0|E               |
|  0|10.00|30141.0|  1|10.20|10.12|  46.297|  41.496|  969.235|  -4.3|  -0.0| 1000.0| 0.000|   0.0|  46.821|  45.801| 97.83|   0.0|    0.0|    0.0|E               |
|  0|10.00|30173.8|  1|10.80|10.72|  45.851|  41.806|  938.618|  -6.5|  -0.0|  970.5| 0.000|   0.0|  46.613|  45.970| 98.39|   0.0|    0.0|    0.0|E               |
|  0|10.00|30195.0|  1|14.40|14.08|  46.539|  40.387| 1090.996|  -2.8|  -0.0| 1149.1| 0.000|   0.0|  46.926|  45.072|107.23|   0.0|    0.0|    0.0|E               |
|  0|10.00|30217.2|  1|12.60|12.50|  45.824|  42.404|  873.062|  -7.2|  -0.0|  909.3| 0.000|   0.0|  46.602|  46.302|100.48|   0.0|    0.0|    0.0|E               |
|  0|10.00|30217.2|  1|11.40|11.31|  45.751|  42.059|  911.767|  -7.2|  -0.0|  944.9| 0.000|   0.0|  46.568|  46.121| 99.00|   0.0|    0.0|    0.0|E               |
|  0|10.00|30253.3|  1|14.40|14.05|  45.899|  40.194| 1116.215|  -5.1|  -0.0| 1175.9| 0.000|   0.0|  46.614|  44.919|107.20|   0.0|    0.0|    0.0|E               |
|  0|10.00|30266.0|  1|13.20|13.08|  45.981|  42.475|  863.562|  -6.5|  -0.0|  901.9| 0.000|   0.0|  46.663|  46.272|101.41|   0.0|    0.0|    0.0|E               |
+---+-----+-------+---+-----+-----+--------+--------+---------+------+------+-------+------+------+--------+--------+------+------+-------+-------+----------------+
+---+-----+-------+---+-----+-----+--------+--------+---------+------+------+-------+------+------+--------+--------+------+------+-------+-------+----------------+
|0-x| fr  |  time |hop| d0  | d1  |   fi   |  teta  |   dist  |  at  |  dev |   p   |  df  |  l   |   fot  |   tot  |  rot | lsp  |   pf  |    s  |                |
+---+-----+-------+---+-----+-----+--------+--------+---------+------+------+-------+------+------+--------+--------+------+------+-------+-------+----------------+
|  0|10.00|30266.0|  1|13.20|13.08|  45.842|  42.489|  863.497|  -7.2|  -0.0|  901.8| 0.000|   0.0|  46.597|  46.278|101.41|   0.0|    0.0|    0.0|E               |
|  0|10.00|30279.9|  1|12.60|12.50|  45.825|  42.405|  872.908|  -7.2|  -0.0|  909.1| 0.000|   0.0|  46.602|  46.302|100.48|   0.0|    0.0|    0.0|E               |
|  0|10.00|30326.9|  1|14.40|14.03|  46.079|  39.933| 1143.768|  -4.3|  -0.0| 1205.1| 0.000|   0.0|  46.693|  44.702|107.15|   0.0|    0.0|    0.0|E               |
|  0|10.00|30339.6|  1|16.20|15.95|  45.967|  43.083|  796.791|  -7.2|  -0.0|  844.6| 0.000|   0.0|  46.662|  46.631|108.89|   0.0|    0.0|    0.0|E               |
|  0|10.00|30350.2|  1|15.60|15.39|  46.186|  42.742|  832.307|  -5.7|  -0.0|  879.8| 0.000|   0.0|  46.768|  46.465|108.45|   0.0|    0.0|    0.0|E               |
|  0|10.00|30360.8|  1|12.60|12.50|  46.409|  42.360|  872.889|  -4.3|  -0.0|  909.1| 0.000|   0.0|  46.874|  46.281|100.48|   0.0|    0.0|    0.0|E               |
|  0|10.00|30385.2|  1|13.20|13.08|  46.121|  42.467|  863.226|  -5.8|  -0.0|  901.5| 0.000|   0.0|  46.729|  46.267|101.39|   0.0|    0.0|    0.0|E               |
|  0|10.00|30397.0|  1|13.20|13.08|  46.141|  42.465|  863.199|  -5.7|  -0.0|  901.5| 0.000|   0.0|  46.739|  46.266|101.39|   0.0|    0.0|    0.0|E               |
|  0|10.00|30397.0|  1|13.80|13.66|  46.284|  42.487|  859.695|  -5.0|  -0.0|  900.5| 0.000|   0.0|  46.807|  46.275|102.61|   0.0|    0.0|    0.0|E               |
|  0|10.00|30408.6|  1|12.60|12.50|  45.825|  42.408|  872.590|  -7.2|  -0.0|  908.8| 0.000|   0.0|  46.602|  46.302|100.46|   0.0|    0.0|    0.0|E               |
|  0|10.00|30408.6|  1|10.80|10.72|  45.852|  41.808|  938.349|  -6.5|  -0.0|  970.2| 0.000|   0.0|  46.613|  45.970| 98.37|   0.0|    0.0|    0.0|E               |
|  0|10.00|30420.2|  1|14.40|14.11|  45.957|  41.537|  967.309|  -5.8|  -0.0| 1017.5| 0.000|   0.0|  46.659|  45.807|104.75|   0.0|    0.0|    0.0|E               |
|  0|10.00|30434.1|  1|15.00|14.80|  46.225|  42.232|  888.277|  -5.1|  -0.0|  936.7| 0.000|   0.0|  46.791|  46.229|108.01|   0.0|    0.0|    0.0|E               |
|  0|10.00|30445.7|  1|13.80|13.66|  46.146|  42.499|  859.475|  -5.7|  -0.0|  900.3| 0.000|   0.0|  46.741|  46.280|102.60|   0.0|    0.0|    0.0|E               |
|  0|10.00|30457.4|  1|15.60|15.38|  46.185|  42.736|  832.969|  -5.7|  -0.0|  880.5| 0.000|   0.0|  46.768|  46.465|108.46|   0.0|    0.0|    0.0|E               |
|  0|10.00|30457.4|  1|15.00|14.80|  46.225|  42.231|  888.483|  -5.1|  -0.0|  936.9| 0.000|   0.0|  46.791|  46.229|108.01|   0.0|    0.0|    0.0|E               |
|  0|10.00|30470.1|  1|14.40|14.13|  45.836|  41.738|  946.260|  -6.5|  -0.0|  995.1| 0.000|   0.0|  46.585|  45.813|104.61|   0.0|    0.0|    0.0|E               |
|  0|10.00|30483.6|  1|14.40|14.14|  45.841|  41.762|  943.598|  -6.5|  -0.0|  992.3| 0.000|   0.0|  46.614|  45.981|104.66|   0.0|    0.0|    0.0|E               |
|  0|10.00|30495.2|  1|14.40|14.14|  45.845|  41.780|  941.517|  -6.5|  -0.0|  990.1| 0.000|   0.0|  46.614|  45.981|104.65|   0.0|    0.0|    0.0|E               |
|  0|10.00|30505.9|  1|14.40|14.14|  45.995|  41.747|  943.775|  -5.8|  -0.0|  992.5| 0.000|   0.0|  46.685|  45.975|104.66|   0.0|    0.0|    0.0|E               |
+---+-----+-------+---+-----+-----+--------+--------+---------+------+------+-------+------+------+--------+--------+------+------+-------+-------+----------------+
+---+-----+-------+---+-----+-----+--------+--------+---------+------+------+-------+------+------+--------+--------+------+------+-------+-------+----------------+
|0-x| fr  |  time |hop| d0  | d1  |   fi   |  teta  |   dist  |  at  |  dev |   p   |  df  |  l   |   fot  |   tot  |  rot | lsp  |   pf  |    s  |                |
+---+-----+-------+---+-----+-----+--------+--------+---------+------+------+-------+------+------+--------+--------+------+------+-------+-------+----------------+
|  0|10.00|30516.5|  1|13.80|13.67|  46.424|  42.481|  859.420|  -4.3|  -0.0|  900.2| 0.000|   0.0|  46.873|  46.271|102.60|   0.0|    0.0|    0.0|E               |
|  0|10.00|30537.7|  1|12.60|12.50|  45.826|  42.410|  872.295|  -7.2|  -0.0|  908.5| 0.000|   0.0|  46.602|  46.302|100.45|   0.0|    0.0|    0.0|E               |
|  0|10.00|30548.3|  1|13.20|13.09|  46.122|  42.471|  862.736|  -5.8|  -0.0|  901.0| 0.000|   0.0|  46.729|  46.267|101.37|   0.0|    0.0|    0.0|E               |
|  0|10.00|30560.0|  1|13.80|13.67|  45.989|  42.516|  859.047|  -6.5|  -0.0|  899.8| 0.000|   0.0|  46.665|  46.286|102.58|   0.0|    0.0|    0.0|E               |
+==============================================================================+
|   Medium characteristics Sunspot number=  21.9 IG=  21.9   GMT time:08:29    |
|------------------------------------------------------------------------------|
|   S   | fh |  I  |   D  | fd |  hd | fe |  he | ff1 | hf1 | ff2 | hf2 |   Hi |
|-------+----+-----+------+----+-----+----+-----+-----+-----+-----+-----+------|
|    0.0|1.21| 50.6|   2.5|0.23| 81.0|3.22|110.0| 4.50|162.2| 8.20|269.8|  30.9|
+==============================================================================+

+==================================+
|       Es-layer parametres        |
|----------------------------------|
|   S   | hEs | fbEs | f0Es | P Es |
|-------+-----+------+------+------|
|    0.0|115.8| 3.88 | 4.08 | 67.1 |
+==================================+

|  0|10.00|30603.0|  1|13.20|13.09|  46.122|  42.473|  862.573|  -5.8|  -0.0|  900.8| 0.000|   0.0|  46.729|  46.267|101.36|   0.0|    0.0|    0.0|E               |
|  0|10.00|30613.6|  1|15.60|15.39|  45.898|  42.753|  833.840|  -7.2|  -0.0|  881.5| 0.000|   0.0|  46.634|  46.477|108.46|   0.0|    0.0|    0.0|E               |
|  0|10.00|30625.3|  1|12.60|12.50|  45.547|  42.443|  871.975|  -8.6|  -0.0|  908.1| 0.000|   0.0|  46.471|  46.316|100.44|   0.0|    0.0|    0.0|E               |
|  0|10.00|30635.8|  1|10.80|10.72|  45.852|  41.810|  938.110|  -6.5|  -0.0|  969.9| 0.000|   0.0|  46.613|  45.970| 98.35|   0.0|    0.0|    0.0|E               |
|  0|10.00|30658.8|  1|13.20|13.09|  45.983|  42.486|  862.392|  -6.5|  -0.0|  900.7| 0.000|   0.0|  46.663|  46.272|101.35|   0.0|    0.0|    0.0|E               |
|  0|10.00|30669.4|  1|11.40|11.31|  46.513|  42.007|  911.344|  -3.6|  -0.0|  944.4| 0.000|   0.0|  46.923|  46.095| 98.98|   0.0|    0.0|    0.0|E               |
|  0|10.00|30681.7|  1|11.40|11.31|  45.899|  42.050|  911.222|  -6.5|  -0.0|  944.3| 0.000|   0.0|  46.637|  46.114| 98.97|   0.0|    0.0|    0.0|E               |
|  0|10.00|30692.4|  1| 5.40| 5.32|  45.057|  38.081| 1356.594|  -6.5|  -0.0| 1381.4| 0.000|   0.0|  46.292|  44.136| 94.87|   0.0|    0.0|    0.0|E               |
|  0|10.00|30704.0|  1| 8.40| 8.33|  45.773|  40.510| 1082.303|  -5.8|  -0.0| 1110.3| 0.000|   0.0|  46.588|  45.335| 96.50|   0.0|    0.0|    0.0|E               |
|  0|10.00|30727.0|  1|12.00|11.91|  45.938|  42.252|  888.632|  -6.5|  -0.0|  923.1| 0.000|   0.0|  46.645|  46.166| 99.57|   0.0|    0.0|    0.0|E               |
|  0|10.00|30737.6|  1|10.20|10.12|  45.957|  41.525|  968.667|  -5.8|  -0.0|  999.4| 0.000|   0.0|  46.661|  45.812| 97.78|   0.0|    0.0|    0.0|E               |
|  0|10.00|30750.0|  1|10.80|10.72|  46.180|  41.785|  938.082|  -5.0|  -0.0|  969.9| 0.000|   0.0|  46.766|  45.958| 98.35|   0.0|    0.0|    0.0|E               |
|  0|10.00|30788.3|  1|15.60|15.37|  46.990|  42.673|  835.652|  -1.5|  -0.0|  883.4| 0.000|   0.0|  47.145|  46.447|108.50|   0.0|    0.0|    0.0|E               |
|  0|10.00|30811.5|  1|10.20|10.12|  45.980|  41.523|  968.620|  -5.7|  -0.0|  999.4| 0.000|   0.0|  46.672|  45.811| 97.78|   0.0|    0.0|    0.0|E               |
|  0|10.00|30907.7|  1|12.60|12.50|  45.827|  42.416|  871.663|  -7.2|  -0.0|  907.8| 0.000|   0.0|  46.602|  46.302|100.42|   0.0|    0.0|    0.0|E               |
|  0|10.00|30961.7|  1|10.20|10.12|  45.799|  41.540|  968.485|  -6.5|  -0.0|  999.2| 0.000|   0.0|  46.587|  45.818| 97.77|   0.0|    0.0|    0.0|E               |
+---+-----+-------+---+-----+-----+--------+--------+---------+------+------+-------+------+------+--------+--------+------+------+-------+-------+----------------+
+---+-----+-------+---+-----+-----+--------+--------+---------+------+------+-------+------+------+--------+--------+------+------+-------+-------+----------------+
|0-x| fr  |  time |hop| d0  | d1  |   fi   |  teta  |   dist  |  at  |  dev |   p   |  df  |  l   |   fot  |   tot  |  rot | lsp  |   pf  |    s  |                |
+---+-----+-------+---+-----+-----+--------+--------+---------+------+------+-------+------+------+--------+--------+------+------+-------+-------+----------------+
|  0|10.00|30985.0|  1| 8.40| 8.33|  45.592|  40.526| 1082.129|  -6.5|  -0.0| 1110.1| 0.000|   0.0|  46.498|  45.299| 96.39|   0.0|    0.0|    0.0|E               |
|  0|10.00|31006.2|  1| 6.60| 6.52|  45.760|  39.154| 1232.156|  -5.0|  -0.0| 1258.0| 0.000|   0.0|  46.585|  44.599| 95.26|   0.0|    0.0|    0.0|E               |
|  0|10.00|31017.8|  1|13.20|13.09|  45.571|  42.537|  861.443|  -8.6|  -0.0|  899.7| 0.000|   0.0|  46.465|  46.293|101.30|   0.0|    0.0|    0.0|E               |
|  0|10.00|31030.6|  1|12.00|11.91|  46.083|  42.242|  888.361|  -5.8|  -0.0|  922.8| 0.000|   0.0|  46.714|  46.160| 99.55|   0.0|    0.0|    0.0|E               |
|  0|10.00|31053.5|  1|10.80|10.72|  46.006|  41.800|  937.855|  -5.8|  -0.0|  969.7| 0.000|   0.0|  46.684|  45.964| 98.33|   0.0|    0.0|    0.0|E               |
|  0|10.00|31135.5|  1|10.20|10.12|  45.957|  41.527|  968.392|  -5.8|  -0.0|  999.1| 0.000|   0.0|  46.661|  45.812| 97.76|   0.0|    0.0|    0.0|E               |
|  0|10.00|31150.1|  1|11.40|11.31|  46.048|  42.041|  910.869|  -5.8|  -0.0|  943.9| 0.000|   0.0|  46.706|  46.108| 98.94|   0.0|    0.0|    0.0|E               |
|  0|10.00|31161.7|  1|14.40|14.18|  45.760|  42.108|  906.229|  -7.2|  -0.0|  952.6| 0.000|   0.0|  46.574|  46.155|104.40|   0.0|    0.0|    0.0|E               |
|  0|10.00|31174.6|  1|10.20|10.12|  45.641|  41.556|  968.305|  -7.2|  -0.0|  999.0| 0.000|   0.0|  46.512|  45.825| 97.76|   0.0|    0.0|    0.0|E               |
|  0|10.00|31185.2|  1|10.80|10.72|  45.853|  41.814|  937.725|  -6.5|  -0.0|  969.5| 0.000|   0.0|  46.613|  45.970| 98.32|   0.0|    0.0|    0.0|E               |
|  0|10.00|31197.9|  1| 9.60| 9.53|  45.738|  41.236| 1002.563|  -6.5|  -0.0| 1032.3| 0.000|   0.0|  46.566|  45.699| 97.33|   0.0|    0.0|    0.0|E               |
|  0|10.00|31210.7|  1|10.20|10.12|  45.641|  41.556|  968.279|  -7.2|  -0.0|  999.0| 0.000|   0.0|  46.512|  45.825| 97.76|   0.0|    0.0|    0.0|E               |
|  0|10.00|31223.4|  1| 9.60| 9.53|  45.573|  41.251| 1002.523|  -7.2|  -0.0| 1032.2| 0.000|   0.0|  46.490|  45.706| 97.33|   0.0|    0.0|    0.0|E               |
|  0|10.00|31234.0|  1|10.80|10.72|  45.701|  41.829|  937.650|  -7.2|  -0.0|  969.5| 0.000|   0.0|  46.541|  45.977| 98.32|   0.0|    0.0|    0.0|E               |
|  0|10.00|31247.5|  1|10.80|10.72|  45.853|  41.814|  937.677|  -6.5|  -0.0|  969.5| 0.000|   0.0|  46.613|  45.970| 98.32|   0.0|    0.0|    0.0|E               |
|  0|10.00|31258.0|  1|10.20|10.12|  45.799|  41.541|  968.279|  -6.5|  -0.0|  999.0| 0.000|   0.0|  46.587|  45.818| 97.76|   0.0|    0.0|    0.0|E               |
|  0|10.00|31268.6|  1|11.40|11.31|  45.753|  42.069|  910.693|  -7.2|  -0.0|  943.7| 0.000|   0.0|  46.568|  46.121| 98.93|   0.0|    0.0|    0.0|E               |
|  0|10.00|31279.2|  1|11.40|11.31|  45.753|  42.069|  910.684|  -7.2|  -0.0|  943.7| 0.000|   0.0|  46.568|  46.121| 98.93|   0.0|    0.0|    0.0|E               |
|  0|10.00|31291.6|  1|11.40|11.31|  45.753|  42.069|  910.673|  -7.2|  -0.0|  943.7| 0.000|   0.0|  46.568|  46.121| 98.93|   0.0|    0.0|    0.0|E               |
|  0|10.00|31302.2|  1| 9.60| 9.53|  45.409|  41.269| 1002.438|  -7.9|  -0.0| 1032.2| 0.000|   0.0|  46.414|  45.714| 97.32|   0.0|    0.0|    0.0|E               |
+---+-----+-------+---+-----+-----+--------+--------+---------+------+------+-------+------+------+--------+--------+------+------+-------+-------+----------------+
+---+-----+-------+---+-----+-----+--------+--------+---------+------+------+-------+------+------+--------+--------+------+------+-------+-------+----------------+
|0-x| fr  |  time |hop| d0  | d1  |   fi   |  teta  |   dist  |  at  |  dev |   p   |  df  |  l   |   fot  |   tot  |  rot | lsp  |   pf  |    s  |                |
+---+-----+-------+---+-----+-----+--------+--------+---------+------+------+-------+------+------+--------+--------+------+------+-------+-------+----------------+
|  0|10.00|31314.6|  1| 6.60| 6.52|  45.097|  39.211| 1231.881|  -7.2|  -0.0| 1257.7| 0.000|   0.0|  46.298|  44.710| 95.42|   0.0|    0.0|    0.0|E               |
|  0|10.00|31326.2|  1|11.40|11.31|  45.900|  42.055|  910.688|  -6.5|  -0.0|  943.7| 0.000|   0.0|  46.637|  46.114| 98.93|   0.0|    0.0|    0.0|E               |
|  0|10.00|31337.5|  1| 8.40| 8.33|  45.413|  40.546| 1081.829|  -7.2|  -0.0| 1109.8| 0.000|   0.0|  46.414|  45.307| 96.37|   0.0|    0.0|    0.0|E               |
|  0|10.00|31348.1|  1| 8.40| 8.33|  45.593|  40.529| 1081.849|  -6.5|  -0.0| 1109.8| 0.000|   0.0|  46.498|  45.299| 96.37|   0.0|    0.0|    0.0|E               |
|  0|10.00|31359.4|  1|11.40|11.31|  45.606|  42.085|  910.567|  -7.9|  -0.0|  943.6| 0.000|   0.0|  46.499|  46.128| 98.93|   0.0|    0.0|    0.0|E               |
|  0|10.00|31372.2|  1|11.40|11.31|  45.753|  42.069|  910.604|  -7.2|  -0.0|  943.6| 0.000|   0.0|  46.568|  46.121| 98.93|   0.0|    0.0|    0.0|E               |
|  0|10.00|31384.6|  1|10.20|10.12|  45.799|  41.542|  968.199|  -6.5|  -0.0|  998.9| 0.000|   0.0|  46.587|  45.818| 97.75|   0.0|    0.0|    0.0|E               |
|  0|10.00|31396.2|  1|10.80|10.72|  45.701|  41.830|  937.528|  -7.2|  -0.0|  969.3| 0.000|   0.0|  46.541|  45.977| 98.31|   0.0|    0.0|    0.0|E               |
|  0|10.00|31407.9|  1|12.60|12.50|  45.849|  42.421|  870.896|  -7.1|  -0.0|  907.0| 0.000|   0.0|  46.611|  46.301|100.39|   0.0|    0.0|    0.0|E               |
|  0|10.00|31418.5|  1|10.80|10.72|  45.723|  41.828|  937.517|  -7.1|  -0.0|  969.3| 0.000|   0.0|  46.551|  45.976| 98.31|   0.0|    0.0|    0.0|E               |
|  0|10.00|31430.1|  1| 9.60| 9.53|  45.573|  41.253| 1002.383|  -7.2|  -0.0| 1032.1| 0.000|   0.0|  46.490|  45.706| 97.32|   0.0|    0.0|    0.0|E               |
|  0|10.00|31443.6|  1|11.40|11.31|  45.732|  42.072|  910.532|  -7.3|  -0.0|  943.6| 0.000|   0.0|  46.558|  46.122| 98.92|   0.0|    0.0|    0.0|E               |
|  0|10.00|31480.6|  1| 9.00| 8.93|  45.867|  40.884| 1040.232|  -5.7|  -0.0| 1069.0| 0.000|   0.0|  46.628|  45.519| 96.87|   0.0|    0.0|    0.0|E               |
|  0|10.00|31504.0|  1| 8.40| 8.33|  45.619|  40.527| 1081.752|  -6.4|  -0.0| 1109.7| 0.000|   0.0|  46.510|  45.298| 96.36|   0.0|    0.0|    0.0|E               |
|  0|10.00|31525.2|  1|12.00|11.91|  45.634|  42.290|  887.672|  -8.0|  -0.0|  922.1| 0.000|   0.0|  46.500|  46.180| 99.50|   0.0|    0.0|    0.0|E               |
|  0|10.00|31548.6|  1| 9.00| 8.93|  45.670|  40.901| 1040.156|  -6.5|  -0.0| 1069.0| 0.000|   0.0|  46.537|  45.527| 96.87|   0.0|    0.0|    0.0|E               |
|  0|10.00|31548.6|  1|14.40|14.20|  44.628|  42.442|  886.781| -13.0|  -0.0|  932.0| 0.000|   0.0|  46.042|  46.314|104.17|   0.0|    0.0|    0.0|E               |
|  0|10.00|31559.2|  1|11.40|11.31|  45.753|  42.071|  910.449|  -7.2|  -0.0|  943.5| 0.000|   0.0|  46.568|  46.121| 98.92|   0.0|    0.0|    0.0|E               |
|  0|10.00|31583.2|  1|10.20|10.12|  45.799|  41.543|  968.060|  -6.5|  -0.0|  998.8| 0.000|   0.0|  46.587|  45.818| 97.74|   0.0|    0.0|    0.0|E               |
|  0|10.00|31609.5|  1|11.40|11.31|  45.774|  42.069|  910.416|  -7.1|  -0.0|  943.4| 0.000|   0.0|  46.578|  46.120| 98.92|   0.0|    0.0|    0.0|E               |
+---+-----+-------+---+-----+-----+--------+--------+---------+------+------+-------+------+------+--------+--------+------+------+-------+-------+----------------+
+---+-----+-------+---+-----+-----+--------+--------+---------+------+------+-------+------+------+--------+--------+------+------+-------+-------+----------------+
|0-x| fr  |  time |hop| d0  | d1  |   fi   |  teta  |   dist  |  at  |  dev |   p   |  df  |  l   |   fot  |   tot  |  rot | lsp  |   pf  |    s  |                |
+---+-----+-------+---+-----+-----+--------+--------+---------+------+------+-------+------+------+--------+--------+------+------+-------+-------+----------------+
|  0|10.00|31635.0|  1| 9.00| 8.93|  45.131|  40.957| 1039.993|  -8.7|  -0.0| 1068.8| 0.000|   0.0|  46.287|  45.552| 96.86|   0.0|    0.0|    0.0|E               |
|  0|10.00|31646.6|  1|15.60|15.37|  45.599|  42.723|  840.639|  -8.7|  -0.0|  888.7| 0.000|   0.0|  46.495|  46.471|108.52|   0.0|    0.0|    0.0|Es              |
|  0|10.00|31679.2|  1|10.80|10.72|  45.701|  41.832|  937.313|  -7.2|  -0.0|  969.1| 0.000|   0.0|  46.541|  45.977| 98.29|   0.0|    0.0|    0.0|E               |
|  0|10.00|31691.6|  1|10.80|10.72|  45.854|  41.817|  937.344|  -6.5|  -0.0|  969.1| 0.000|   0.0|  46.613|  45.970| 98.30|   0.0|    0.0|    0.0|E               |
|  0|10.00|31702.2|  1|11.40|11.31|  45.901|  42.058|  910.379|  -6.5|  -0.0|  943.4| 0.000|   0.0|  46.637|  46.114| 98.91|   0.0|    0.0|    0.0|E               |
|  0|10.00|31714.6|  1|11.40|11.31|  45.754|  42.072|  910.319|  -7.2|  -0.0|  943.3| 0.000|   0.0|  46.568|  46.121| 98.91|   0.0|    0.0|    0.0|E               |
|  0|10.00|31725.2|  1|12.00|11.91|  45.818|  42.273|  887.536|  -7.1|  -0.0|  922.0| 0.000|   0.0|  46.587|  46.171| 99.49|   0.0|    0.0|    0.0|E               |
|  0|10.00|31736.6|  1|10.80|10.72|  45.723|  41.830|  937.277|  -7.1|  -0.0|  969.1| 0.000|   0.0|  46.551|  45.976| 98.29|   0.0|    0.0|    0.0|E               |
|  0|10.00|31748.3|  1|11.40|11.31|  45.754|  42.072|  910.290|  -7.2|  -0.0|  943.3| 0.000|   0.0|  46.568|  46.121| 98.91|   0.0|    0.0|    0.0|E               |
|  0|10.00|31761.1|  1|11.40|11.31|  45.754|  42.072|  910.279|  -7.2|  -0.0|  943.3| 0.000|   0.0|  46.568|  46.121| 98.91|   0.0|    0.0|    0.0|E               |
|  0|10.00|31773.8|  1|10.20|10.12|  45.800|  41.544|  967.933|  -6.5|  -0.0|  998.6| 0.000|   0.0|  46.587|  45.818| 97.73|   0.0|    0.0|    0.0|E               |
|  0|10.00|31786.7|  1|10.80|10.72|  45.702|  41.832|  937.233|  -7.2|  -0.0|  969.0| 0.000|   0.0|  46.541|  45.977| 98.29|   0.0|    0.0|    0.0|E               |
|  0|10.00|31799.4|  1|11.40|11.32|  45.775|  42.070|  910.251|  -7.1|  -0.0|  943.3| 0.000|   0.0|  46.578|  46.120| 98.90|   0.0|    0.0|    0.0|E               |
|  0|10.00|31813.3|  1|11.40|11.31|  45.901|  42.059|  910.285|  -6.5|  -0.0|  943.3| 0.000|   0.0|  46.637|  46.114| 98.91|   0.0|    0.0|    0.0|E               |
|  0|10.00|31828.2|  1|11.40|11.32|  45.754|  42.073|  910.219|  -7.2|  -0.0|  943.2| 0.000|   0.0|  46.568|  46.121| 98.90|   0.0|    0.0|    0.0|E               |
|  0|10.00|31841.1|  1|10.80|10.72|  45.702|  41.833|  937.192|  -7.2|  -0.0|  969.0| 0.000|   0.0|  46.541|  45.977| 98.29|   0.0|    0.0|    0.0|E               |
|  0|10.00|31852.8|  1|10.80|10.72|  45.832|  41.820|  937.221|  -6.6|  -0.0|  969.0| 0.000|   0.0|  46.602|  45.971| 98.29|   0.0|    0.0|    0.0|E               |
|  0|10.00|31864.5|  1|10.80|10.72|  45.723|  41.831|  937.181|  -7.1|  -0.0|  969.0| 0.000|   0.0|  46.551|  45.976| 98.28|   0.0|    0.0|    0.0|E               |
|  0|10.00|31877.3|  1|11.40|11.32|  45.775|  42.071|  910.185|  -7.1|  -0.0|  943.2| 0.000|   0.0|  46.578|  46.120| 98.90|   0.0|    0.0|    0.0|E               |
|  0|10.00|31892.2|  1|10.80|10.72|  45.854|  41.819|  937.199|  -6.5|  -0.0|  969.0| 0.000|   0.0|  46.613|  45.970| 98.28|   0.0|    0.0|    0.0|E               |
+---+-----+-------+---+-----+-----+--------+--------+---------+------+------+-------+------+------+--------+--------+------+------+-------+-------+----------------+
+---+-----+-------+---+-----+-----+--------+--------+---------+------+------+-------+------+------+--------+--------+------+------+-------+-------+----------------+
|0-x| fr  |  time |hop| d0  | d1  |   fi   |  teta  |   dist  |  at  |  dev |   p   |  df  |  l   |   fot  |   tot  |  rot | lsp  |   pf  |    s  |                |
+---+-----+-------+---+-----+-----+--------+--------+---------+------+------+-------+------+------+--------+--------+------+------+-------+-------+----------------+
|  0|10.00|31902.8|  1|10.80|10.72|  45.723|  41.831|  937.153|  -7.1|  -0.0|  968.9| 0.000|   0.0|  46.551|  45.976| 98.28|   0.0|    0.0|    0.0|E               |
|  0|10.00|31915.5|  1|12.00|11.91|  45.798|  42.277|  887.326|  -7.2|  -0.0|  921.7| 0.000|   0.0|  46.578|  46.172| 99.48|   0.0|    0.0|    0.0|E               |
|  0|10.00|31926.1|  1|11.40|11.32|  45.901|  42.059|  910.188|  -6.5|  -0.0|  943.2| 0.000|   0.0|  46.637|  46.114| 98.90|   0.0|    0.0|    0.0|E               |
|  0|10.00|31936.7|  1|10.80|10.72|  45.854|  41.819|  937.166|  -6.5|  -0.0|  969.0| 0.000|   0.0|  46.613|  45.970| 98.28|   0.0|    0.0|    0.0|E               |
|  0|10.00|31950.6|  1|10.80|10.72|  45.702|  41.833|  937.111|  -7.2|  -0.0|  968.9| 0.000|   0.0|  46.541|  45.977| 98.28|   0.0|    0.0|    0.0|E               |
|  0|10.00|31962.2|  1|10.80|10.72|  45.702|  41.833|  937.102|  -7.2|  -0.0|  968.9| 0.000|   0.0|  46.541|  45.977| 98.28|   0.0|    0.0|    0.0|E               |
|  0|10.00|31974.0|  1|10.80|10.72|  45.854|  41.819|  937.139|  -6.5|  -0.0|  968.9| 0.000|   0.0|  46.613|  45.970| 98.28|   0.0|    0.0|    0.0|E               |
|  0|10.00|31985.6|  1|11.40|11.32|  45.901|  42.060|  910.134|  -6.5|  -0.0|  943.1| 0.000|   0.0|  46.637|  46.114| 98.90|   0.0|    0.0|    0.0|E               |
|  0|10.00|31998.4|  1|10.80|10.72|  45.702|  41.834|  937.075|  -7.2|  -0.0|  968.9| 0.000|   0.0|  46.541|  45.977| 98.28|   0.0|    0.0|    0.0|E               |
|  0|10.00|32010.0|  1|10.20|10.12|  45.800|  41.546|  967.771|  -6.5|  -0.0|  998.5| 0.000|   0.0|  46.587|  45.818| 97.71|   0.0|    0.0|    0.0|E               |
|  0|10.00|32021.7|  1|11.40|11.32|  45.923|  42.058|  910.111|  -6.4|  -0.0|  943.1| 0.000|   0.0|  46.647|  46.113| 98.89|   0.0|    0.0|    0.0|E               |
|  0|10.00|32032.3|  1|10.80|10.72|  45.724|  41.832|  937.057|  -7.1|  -0.0|  968.8| 0.000|   0.0|  46.551|  45.976| 98.28|   0.0|    0.0|    0.0|E               |
|  0|10.00|32044.7|  1|11.40|11.32|  45.923|  42.058|  910.091|  -6.4|  -0.0|  943.1| 0.000|   0.0|  46.647|  46.113| 98.89|   0.0|    0.0|    0.0|E               |
|  0|10.00|32055.3|  1|10.80|10.72|  45.528|  41.852|  936.976|  -8.0|  -0.0|  968.8| 0.000|   0.0|  46.460|  45.985| 98.27|   0.0|    0.0|    0.0|E               |
|  0|10.00|32065.9|  1|12.00|11.91|  45.798|  42.278|  887.165|  -7.2|  -0.0|  921.6| 0.000|   0.0|  46.578|  46.172| 99.47|   0.0|    0.0|    0.0|E               |
|  0|10.00|32076.5|  1|10.80|10.72|  45.528|  41.853|  936.960|  -8.0|  -0.0|  968.7| 0.000|   0.0|  46.460|  45.985| 98.27|   0.0|    0.0|    0.0|E               |
|  0|10.00|32091.1|  1|11.40|11.32|  46.070|  42.046|  910.103|  -5.7|  -0.0|  943.1| 0.000|   0.0|  46.716|  46.108| 98.89|   0.0|    0.0|    0.0|E               |
|  0|10.00|32091.1|  1|10.20|10.12|  46.117|  41.521|  967.791|  -5.1|  -0.0|  998.5| 0.000|   0.0|  46.736|  45.806| 97.71|   0.0|    0.0|    0.0|E               |
|  0|10.00|32102.4|  1|10.80|10.72|  46.007|  41.807|  937.089|  -5.8|  -0.0|  968.9| 0.000|   0.0|  46.684|  45.964| 98.28|   0.0|    0.0|    0.0|E               |
|  0|10.00|32114.0|  1|10.80|10.72|  45.854|  41.820|  937.036|  -6.5|  -0.0|  968.8| 0.000|   0.0|  46.613|  45.970| 98.27|   0.0|    0.0|    0.0|E               |
+---+-----+-------+---+-----+-----+--------+--------+---------+------+------+-------+------+------+--------+--------+------+------+-------+-------+----------------+
+---+-----+-------+---+-----+-----+--------+--------+---------+------+------+-------+------+------+--------+--------+------+------+-------+-------+----------------+
|0-x| fr  |  time |hop| d0  | d1  |   fi   |  teta  |   dist  |  at  |  dev |   p   |  df  |  l   |   fot  |   tot  |  rot | lsp  |   pf  |    s  |                |
+---+-----+-------+---+-----+-----+--------+--------+---------+------+------+-------+------+------+--------+--------+------+------+-------+-------+----------------+
|  0|10.00|32125.7|  1|11.40|11.32|  46.197|  42.037|  910.115|  -5.1|  -0.0|  943.1| 0.000|   0.0|  46.775|  46.103| 98.89|   0.0|    0.0|    0.0|E               |
|  0|10.00|32138.5|  1|10.80|10.72|  45.702|  41.835|  936.971|  -7.2|  -0.0|  968.8| 0.000|   0.0|  46.541|  45.977| 98.27|   0.0|    0.0|    0.0|E               |
|  0|10.00|32161.9|  1|10.80|10.72|  45.854|  41.820|  937.001|  -6.5|  -0.0|  968.8| 0.000|   0.0|  46.613|  45.970| 98.27|   0.0|    0.0|    0.0|E               |
|  0|10.00|32173.5|  1|11.40|11.32|  45.902|  42.061|  909.977|  -6.5|  -0.0|  943.0| 0.000|   0.0|  46.637|  46.114| 98.89|   0.0|    0.0|    0.0|E               |
|  0|10.00|32186.2|  1|12.60|12.50|  46.252|  42.397|  869.930|  -5.1|  -0.0|  906.0| 0.000|   0.0|  46.799|  46.286|100.34|   0.0|    0.0|    0.0|E               |
|  0|10.00|32198.9|  1|10.80|10.72|  45.702|  41.835|  936.955|  -7.2|  -0.0|  968.7| 0.000|   0.0|  46.541|  45.977| 98.27|   0.0|    0.0|    0.0|E               |
|  0|10.00|32210.6|  1|13.20|13.09|  46.127|  42.500|  859.484|  -5.8|  -0.0|  897.6| 0.000|   0.0|  46.736|  46.309|101.27|   0.0|    0.0|    0.0|E               |
|  0|10.00|32221.2|  1|12.00|11.91|  45.798|  42.279|  887.002|  -7.2|  -0.0|  921.4| 0.000|   0.0|  46.578|  46.172| 99.46|   0.0|    0.0|    0.0|E               |
|  0|10.00|32232.8|  1|10.20|10.13|  45.642|  41.562|  967.563|  -7.2|  -0.0|  998.3| 0.000|   0.0|  46.512|  45.825| 97.70|   0.0|    0.0|    0.0|E               |
|  0|10.00|32243.4|  1|12.00|11.91|  45.941|  42.266|  887.043|  -6.5|  -0.0|  921.4| 0.000|   0.0|  46.646|  46.166| 99.46|   0.0|    0.0|    0.0|E               |
|  0|10.00|32256.1|  1|12.00|11.91|  45.799|  42.280|  886.962|  -7.2|  -0.0|  921.4| 0.000|   0.0|  46.578|  46.172| 99.45|   0.0|    0.0|    0.0|E               |
|  0|10.00|32266.7|  1|11.40|11.32|  45.902|  42.062|  909.899|  -6.5|  -0.0|  942.9| 0.000|   0.0|  46.637|  46.114| 98.88|   0.0|    0.0|    0.0|E               |
|  0|10.00|32277.4|  1|11.40|11.32|  45.776|  42.074|  909.844|  -7.1|  -0.0|  942.8| 0.000|   0.0|  46.578|  46.120| 98.88|   0.0|    0.0|    0.0|E               |
|  0|10.00|32289.1|  1|12.00|11.91|  45.942|  42.266|  886.996|  -6.5|  -0.0|  921.4| 0.000|   0.0|  46.646|  46.166| 99.46|   0.0|    0.0|    0.0|E               |
|  0|10.00|32299.6|  1|11.40|11.32|  45.902|  42.062|  909.873|  -6.5|  -0.0|  942.9| 0.000|   0.0|  46.637|  46.114| 98.88|   0.0|    0.0|    0.0|E               |
|  0|10.00|32310.3|  1|12.00|11.91|  45.942|  42.266|  886.974|  -6.5|  -0.0|  921.4| 0.000|   0.0|  46.646|  46.166| 99.45|   0.0|    0.0|    0.0|E               |
|  0|10.00|32320.8|  1|11.40|11.32|  45.902|  42.062|  909.856|  -6.5|  -0.0|  942.9| 0.000|   0.0|  46.637|  46.114| 98.88|   0.0|    0.0|    0.0|E               |
|  0|10.00|32335.8|  1|12.00|11.91|  45.942|  42.267|  886.945|  -6.5|  -0.0|  921.3| 0.000|   0.0|  46.646|  46.166| 99.45|   0.0|    0.0|    0.0|E               |
|  0|10.00|32346.3|  1|11.40|11.32|  45.902|  42.063|  909.834|  -6.5|  -0.0|  942.8| 0.000|   0.0|  46.637|  46.114| 98.88|   0.0|    0.0|    0.0|E               |
|  0|10.00|32358.1|  1|11.40|11.32|  45.776|  42.075|  909.776|  -7.1|  -0.0|  942.8| 0.000|   0.0|  46.578|  46.120| 98.87|   0.0|    0.0|    0.0|E               |
+---+-----+-------+---+-----+-----+--------+--------+---------+------+------+-------+------+------+--------+--------+------+------+-------+-------+----------------+
+---+-----+-------+---+-----+-----+--------+--------+---------+------+------+-------+------+------+--------+--------+------+------+-------+-------+----------------+
|0-x| fr  |  time |hop| d0  | d1  |   fi   |  teta  |   dist  |  at  |  dev |   p   |  df  |  l   |   fot  |   tot  |  rot | lsp  |   pf  |    s  |                |
+---+-----+-------+---+-----+-----+--------+--------+---------+------+------+-------+------+------+--------+--------+------+------+-------+-------+----------------+
|  0|10.00|32369.7|  1|11.40|11.32|  45.755|  42.077|  909.758|  -7.2|  -0.0|  942.8| 0.000|   0.0|  46.568|  46.121| 98.87|   0.0|    0.0|    0.0|E               |
|  0|10.00|32381.4|  1|12.00|11.91|  45.819|  42.279|  886.841|  -7.1|  -0.0|  921.2| 0.000|   0.0|  46.587|  46.171| 99.45|   0.0|    0.0|    0.0|E               |
+---+-----+-------+---+-----+-----+--------+--------+---------+------+------+-------+------+------+--------+--------+------+------+-------+-------+----------------+