
delt0=     0.1  eps=   1e-05  ep=   1e-06  ep1=   0.001
Geomagnetic Field - const
fh= 1.34  i=  65.2  d=   6.8
Number TID: 1
Tid Parametres
  delt   lamb     t     b      a     fi
0.000   200.0  20.0 -45.0   45.0   0.000
delta=-0.000  r0= 200.0  lon=  39.000 lat=  55.000
Beta=  20.0  Alfa=   0.0 aX=  20.0 aY= 100.0 aZ=  20.0

lonIon=  40.000 latIon=  47.500 it=22.00 h_tec=450.0  TEC= 1.13000e+17
lonIon=  40.000 latIon=  47.500 it=22.25 h_tec=450.0  TEC= 1.13000e+17
lonIon=  40.000 latIon=  47.500 it=22.50 h_tec=450.0  TEC= 1.13000e+17
lonIon=  40.000 latIon=  47.500 it=22.75 h_tec=450.0  TEC= 1.13000e+17

Number diff. equation: 6

+==============================================================================+
|   Medium characteristics Sunspot number= 189.3 IG= 189.3   GMT time:22:00    |
|------------------------------------------------------------------------------|
|   S   | fh |  I  |   D  | fd |  hd | fe |  he | ff1 | hf1 | ff2 | hf2 |   Hi |
|-------+----+-----+------+----+-----+----+-----+-----+-----+-----+-----+------|
|    0.0|1.21| 50.6|   2.5|0.18| 87.9|0.37|110.0| 0.00|  0.0| 8.78|375.0| 139.0|
+==============================================================================+

+==================================+
|       Es-layer parametres        |
|----------------------------------|
|   S   | hEs | fbEs | f0Es | P Es |
|-------+-----+------+------+------|
|    0.0|115.7| 2.09 | 2.54 | 52.5 |
+==================================+

|  0|10.00|80980.5|  1| 9.60|11.36|  41.480|  28.155| 2480.691|  -7.2|  -0.0| 2645.0| 0.000|   0.0|  44.954|  38.648|309.50|   0.0|    0.0|    0.0|F2              |
+==============================================================================+
|   Medium characteristics Sunspot number= 189.3 IG= 189.3   GMT time:22:29    |
|------------------------------------------------------------------------------|
|   S   | fh |  I  |   D  | fd |  hd | fe |  he | ff1 | hf1 | ff2 | hf2 |   Hi |
|-------+----+-----+------+----+-----+----+-----+-----+-----+-----+-----+------|
|    0.0|1.21| 50.6|   2.5|0.18| 87.8|0.37|110.0| 0.00|  0.0| 8.82|379.0| 136.5|
+==============================================================================+

+==================================+
|       Es-layer parametres        |
|----------------------------------|
|   S   | hEs | fbEs | f0Es | P Es |
|-------+-----+------+------+------|
|    0.0|117.2| 2.03 | 2.46 | 50.2 |
+==================================+

|  0|10.00|81757.7|  1| 9.60|11.84|  42.600|  28.151| 2470.272|  -5.8|  -0.0| 2637.4| 0.000|   0.0|  45.403|  38.616|311.55|   0.0|    0.0|    0.0|F2              |
|  0|10.00|81768.0|  1|10.20|12.12|  42.230|  28.637| 2420.403|  -6.5|  -0.0| 2588.9| 0.000|   0.0|  45.184|  38.658|311.48|   0.0|    0.0|    0.0|F2              |
|  0|10.00|81799.4|  1|10.80|12.47|  42.408|  29.081| 2370.120|  -6.5|  -0.0| 2540.4| 0.000|   0.0|  45.262|  39.004|312.98|   0.0|    0.0|    0.0|F2              |
+---+-----+-------+---+-----+-----+--------+--------+---------+------+------+-------+------+------+--------+--------+------+------+-------+-------+----------------+
+---+-----+-------+---+-----+-----+--------+--------+---------+------+------+-------+------+------+--------+--------+------+------+-------+-------+----------------+
|0-x| fr  |  time |hop| d0  | d1  |   fi   |  teta  |   dist  |  at  |  dev |   p   |  df  |  l   |   fot  |   tot  |  rot | lsp  |   pf  |    s  |                |
+---+-----+-------+---+-----+-----+--------+--------+---------+------+------+-------+------+------+--------+--------+------+------+-------+-------+----------------+
|  0|10.00|81809.8|  1| 8.40|11.24|  41.642|  27.261| 2576.392|  -6.6|  -0.1| 2740.8| 0.000|   0.0|  45.012|  37.916|309.27|   0.0|    0.0|    0.0|F2              |
|  0|10.00|81820.2|  1|10.20|12.14|  42.230|  28.640| 2420.073|  -6.5|  -0.0| 2588.8| 0.000|   0.0|  45.184|  38.659|311.63|   0.0|    0.0|    0.0|F2              |
|  0|10.00|81830.5|  1|10.20|12.14|  42.230|  28.641| 2419.978|  -6.5|  -0.0| 2588.7| 0.000|   0.0|  45.184|  38.659|311.66|   0.0|    0.0|    0.0|F2              |
|  0|10.00|81842.7|  1|10.80|12.49|  42.407|  29.082| 2370.079|  -6.5|  -0.0| 2540.5| 0.000|   0.0|  45.262|  39.004|313.10|   0.0|    0.0|    0.0|F2              |
|  0|10.00|81854.1|  1| 9.60|11.89|  42.600|  28.160| 2469.211|  -5.8|  -0.0| 2636.7| 0.000|   0.0|  45.387|  38.538|311.67|   0.0|    0.0|    0.0|F2              |
|  0|10.00|81876.0|  1| 7.80|11.13|  42.756|  26.725| 2625.557|  -5.1|  -0.1| 2789.3| 0.000|   0.0|  45.467|  37.521|308.40|   0.0|    0.0|    0.0|F2              |
|  0|10.00|81931.4|  1| 8.40|11.36|  42.241|  27.241| 2573.103|  -5.9|  -0.1| 2738.1| 0.000|   0.0|  45.252|  37.888|309.61|   0.0|    0.0|    0.0|F2              |
|  0|10.00|81954.6|  1|10.20|12.26|  42.843|  28.611| 2417.665|  -5.7|  -0.0| 2587.0| 0.000|   0.0|  45.440|  38.639|312.15|   0.0|    0.0|    0.0|F2              |
|  0|10.00|81966.2|  1| 9.00|11.61|  41.932|  27.740| 2521.293|  -6.5|  -0.1| 2687.6| 0.000|   0.0|  45.122|  38.243|310.78|   0.0|    0.0|    0.0|F2              |
|  0|10.00|81977.2|  1| 8.40|11.33|  41.730|  27.275| 2574.033|  -6.5|  -0.1| 2739.0| 0.000|   0.0|  45.045|  37.906|309.67|   0.0|    0.0|    0.0|F2              |
|  0|10.00|81988.4|  1| 9.00|11.66|  42.425|  27.714| 2519.677|  -5.9|  -0.1| 2686.2| 0.000|   0.0|  45.322|  38.226|310.90|   0.0|    0.0|    0.0|F2              |
|  0|10.00|81999.8|  1| 8.40|11.39|  42.241|  27.248| 2572.302|  -5.9|  -0.1| 2737.5| 0.000|   0.0|  45.252|  37.886|309.76|   0.0|    0.0|    0.0|F2              |
|  0|10.00|82013.0|  1| 9.60|11.97|  42.601|  28.173| 2467.774|  -5.9|  -0.1| 2635.8| 0.000|   0.0|  45.405|  38.629|312.18|   0.0|    0.0|    0.0|F2              |
|  0|10.00|82024.1|  1| 9.60|11.93|  42.046|  28.209| 2469.029|  -6.6|  -0.1| 2636.9| 0.000|   0.0|  45.181|  38.648|312.14|   0.0|    0.0|    0.0|F2              |
|  0|10.00|82035.3|  1|10.20|12.29|  42.766|  28.621| 2417.268|  -5.8|  -0.0| 2586.9| 0.000|   0.0|  45.408|  38.642|312.37|   0.0|    0.0|    0.0|F2              |
|  0|10.00|82046.4|  1| 9.00|11.69|  42.426|  27.719| 2519.119|  -5.9|  -0.1| 2685.8| 0.000|   0.0|  45.322|  38.226|311.04|   0.0|    0.0|    0.0|F2              |
|  0|10.00|82056.7|  1|10.20|12.30|  42.766|  28.622| 2417.124|  -5.8|  -0.0| 2586.8| 0.000|   0.0|  45.408|  38.642|312.43|   0.0|    0.0|    0.0|F2              |
|  0|10.00|82067.7|  1| 9.00|11.70|  42.426|  27.721| 2518.834|  -5.9|  -0.1| 2685.6| 0.000|   0.0|  45.322|  38.227|311.10|   0.0|    0.0|    0.0|F2              |
|  0|10.00|82078.7|  1| 9.00|11.76|  43.002|  27.692| 2517.323|  -5.2|  -0.1| 2684.3| 0.000|   0.0|  45.557|  38.209|311.18|   0.0|    0.0|    0.0|F2              |
|  0|10.00|82089.1|  1| 9.00|11.72|  42.508|  27.718| 2518.527|  -5.8|  -0.1| 2685.4| 0.000|   0.0|  45.356|  38.224|311.15|   0.0|    0.0|    0.0|F2              |
+---+-----+-------+---+-----+-----+--------+--------+---------+------+------+-------+------+------+--------+--------+------+------+-------+-------+----------------+
+---+-----+-------+---+-----+-----+--------+--------+---------+------+------+-------+------+------+--------+--------+------+------+-------+-------+----------------+
|0-x| fr  |  time |hop| d0  | d1  |   fi   |  teta  |   dist  |  at  |  dev |   p   |  df  |  l   |   fot  |   tot  |  rot | lsp  |   pf  |    s  |                |
+---+-----+-------+---+-----+-----+--------+--------+---------+------+------+-------+------+------+--------+--------+------+------+-------+-------+----------------+
|  0|10.00|82100.2|  1| 9.60|12.02|  42.680|  28.175| 2466.866|  -5.8|  -0.1| 2635.2| 0.000|   0.0|  45.373|  38.308|311.31|   0.0|    0.0|    0.0|F2              |
|  0|10.00|82110.5|  1| 9.00|11.67|  41.851|  27.759| 2520.094|  -6.6|  -0.1| 2686.8| 0.000|   0.0|  45.089|  38.246|311.13|   0.0|    0.0|    0.0|F2              |
|  0|10.00|82121.6|  1|10.20|12.34|  42.842|  28.620| 2416.705|  -5.7|  -0.0| 2586.6| 0.000|   0.0|  45.487|  38.879|313.54|   0.0|    0.0|    0.0|F2              |
|  0|10.00|82132.7|  1| 8.40|11.46|  42.243|  27.264| 2570.600|  -5.9|  -0.1| 2736.2| 0.000|   0.0|  45.252|  37.886|310.09|   0.0|    0.0|    0.0|F2              |
|  0|10.00|82143.0|  1| 9.60|12.08|  43.157|  28.155| 2465.266|  -5.2|  -0.1| 2633.9| 0.000|   0.0|  45.613|  38.524|312.48|   0.0|    0.0|    0.0|F2              |
|  0|10.00|82154.1|  1| 7.80|11.28|  42.757|  26.756| 2622.094|  -5.1|  -0.1| 2786.7| 0.000|   0.0|  45.466|  37.521|309.01|   0.0|    0.0|    0.0|F2              |
|  0|10.00|82165.3|  1| 9.00|11.75|  42.426|  27.730| 2517.934|  -5.9|  -0.1| 2685.0| 0.000|   0.0|  45.322|  38.227|311.33|   0.0|    0.0|    0.0|F2              |
|  0|10.00|82176.3|  1| 7.20|10.98|  41.843|  26.303| 2679.274|  -5.9|  -0.1| 2842.6| 0.000|   0.0|  45.099|  37.169|307.78|   0.0|    0.0|    0.0|F2              |
|  0|10.00|82199.1|  1| 9.00|11.72|  41.852|  27.767| 2519.187|  -6.6|  -0.1| 2686.2| 0.000|   0.0|  45.089|  38.247|311.36|   0.0|    0.0|    0.0|F2              |
|  0|10.00|82210.6|  1| 7.80|11.37|  43.379|  26.740| 2619.510|  -4.4|  -0.1| 2784.5| 0.000|   0.0|  45.718|  37.505|309.17|   0.0|    0.0|    0.0|F2              |
|  0|10.00|82220.9|  1| 7.20|11.07|  42.579|  26.274| 2676.352|  -5.1|  -0.1| 2840.0| 0.000|   0.0|  45.397|  37.146|307.91|   0.0|    0.0|    0.0|F2              |
|  0|10.00|82234.1|  1| 9.60|12.09|  42.680|  28.186| 2465.693|  -5.8|  -0.1| 2634.5| 0.000|   0.0|  45.419|  38.539|312.66|   0.0|    0.0|    0.0|F2              |
|  0|10.00|82244.5|  1|10.80|12.62|  41.886|  29.130| 2370.185|  -7.2|  -0.0| 2541.7| 0.000|   0.0|  45.036|  38.979|313.91|   0.0|    0.0|    0.0|F2              |
|  0|10.00|82254.8|  1| 9.00|11.85|  43.003|  27.710| 2515.409|  -5.2|  -0.1| 2683.0| 0.000|   0.0|  45.557|  38.210|311.61|   0.0|    0.0|    0.0|F2              |
|  0|10.00|82265.2|  1| 8.40|11.53|  42.243|  27.276| 2569.256|  -5.9|  -0.1| 2735.3| 0.000|   0.0|  45.251|  37.887|310.40|   0.0|    0.0|    0.0|F2              |
|  0|10.00|82286.6|  1| 9.60|12.06|  42.125|  28.222| 2466.818|  -6.5|  -0.1| 2635.6| 0.000|   0.0|  45.193|  38.558|312.72|   0.0|    0.0|    0.0|F2              |
|  0|10.00|82297.0|  1| 9.60|12.02|  41.572|  28.260| 2468.220|  -7.2|  -0.1| 2636.8| 0.000|   0.0|  44.977|  38.618|312.73|   0.0|    0.0|    0.0|F2              |
|  0|10.00|82308.1|  1|10.20|12.37|  42.227|  28.666| 2417.297|  -6.5|  -0.0| 2587.6| 0.000|   0.0|  45.233|  38.879|313.91|   0.0|    0.0|    0.0|F2              |
|  0|10.00|82319.1|  1| 9.00|11.94|  43.662|  27.689| 2513.005|  -4.4|  -0.1| 2681.0| 0.000|   0.0|  45.825|  38.193|311.83|   0.0|    0.0|    0.0|F2              |
|  0|10.00|82330.2|  1| 8.40|11.52|  41.734|  27.311| 2570.145|  -6.5|  -0.1| 2736.3| 0.000|   0.0|  45.044|  37.904|310.51|   0.0|    0.0|    0.0|F2              |
+---+-----+-------+---+-----+-----+--------+--------+---------+------+------+-------+------+------+--------+--------+------+------+-------+-------+----------------+
+---+-----+-------+---+-----+-----+--------+--------+---------+------+------+-------+------+------+--------+--------+------+------+-------+-------+----------------+
|0-x| fr  |  time |hop| d0  | d1  |   fi   |  teta  |   dist  |  at  |  dev |   p   |  df  |  l   |   fot  |   tot  |  rot | lsp  |   pf  |    s  |                |
+---+-----+-------+---+-----+-----+--------+--------+---------+------+------+-------+------+------+--------+--------+------+------+-------+-------+----------------+
|  0|10.00|82340.5|  1| 7.80|11.32|  42.051|  26.810| 2621.971|  -5.9|  -0.1| 2787.0| 0.000|   0.0|  45.162|  37.463|309.23|   0.0|    0.0|    0.0|F2              |
|  0|10.00|82350.8|  1| 9.60|12.15|  42.680|  28.196| 2464.610|  -5.8|  -0.1| 2633.8| 0.000|   0.0|  45.419|  38.540|312.96|   0.0|    0.0|    0.0|F2              |
|  0|10.00|82361.2|  1| 9.00|11.85|  42.427|  27.748| 2515.973|  -5.9|  -0.1| 2683.7| 0.000|   0.0|  45.322|  38.229|311.82|   0.0|    0.0|    0.0|F2              |
|  0|10.00|82371.5|  1| 9.00|11.86|  42.427|  27.750| 2515.721|  -5.9|  -0.1| 2683.5| 0.000|   0.0|  45.322|  38.229|311.85|   0.0|    0.0|    0.0|F2              |
|  0|10.00|82381.8|  1|10.20|12.45|  42.762|  28.637| 2415.502|  -5.9|  -0.1| 2586.3| 0.000|   0.0|  45.452|  38.862|314.17|   0.0|    0.0|    0.0|F2              |
|  0|10.00|82392.2|  1| 8.40|11.60|  42.244|  27.289| 2567.823|  -5.9|  -0.1| 2734.3| 0.000|   0.0|  45.251|  37.887|310.70|   0.0|    0.0|    0.0|F2              |
|  0|10.00|82404.3|  1|11.40|13.12|  43.066|  29.487| 2319.596|  -5.8|  -0.0| 2493.8| 0.000|   0.0|  45.564|  39.425|316.47|   0.0|    0.0|    0.0|F2              |
|  0|10.00|82414.7|  1| 9.60|12.12|  42.046|  28.236| 2465.999|  -6.6|  -0.1| 2635.2| 0.000|   0.0|  45.161|  38.561|313.05|   0.0|    0.0|    0.0|F2              |
|  0|10.00|82425.0|  1|10.20|12.53|  43.376|  28.608| 2413.729|  -5.1|  -0.1| 2584.8| 0.000|   0.0|  45.705|  38.865|314.38|   0.0|    0.0|    0.0|F2              |
|  0|10.00|82436.1|  1|10.20|12.48|  42.838|  28.634| 2415.200|  -5.8|  -0.1| 2586.2| 0.000|   0.0|  45.483|  38.859|314.32|   0.0|    0.0|    0.0|F2              |
|  0|10.00|82447.2|  1| 8.40|11.69|  42.927|  27.263| 2565.114|  -5.1|  -0.1| 2732.0| 0.000|   0.0|  45.532|  37.884|310.91|   0.0|    0.0|    0.0|F2              |
|  0|10.00|82458.3|  1| 7.20|11.02|  40.570|  26.410| 2680.046|  -7.3|  -0.1| 2843.9| 0.000|   0.0|  44.580|  37.216|308.33|   0.0|    0.0|    0.0|F2              |
|  0|10.00|82468.6|  1| 9.60|12.15|  42.045|  28.239| 2465.761|  -6.6|  -0.1| 2635.1| 0.000|   0.0|  45.161|  38.562|313.18|   0.0|    0.0|    0.0|F2              |
|  0|10.00|82479.0|  1|10.80|12.76|  42.397|  29.094| 2368.868|  -6.5|  -0.0| 2541.3| 0.000|   0.0|  45.305|  39.197|315.48|   0.0|    0.0|    0.0|F2              |
|  0|10.00|82490.0|  1| 7.20|11.16|  41.848|  26.339| 2675.224|  -5.9|  -0.1| 2839.5| 0.000|   0.0|  45.098|  37.169|308.46|   0.0|    0.0|    0.0|F2              |
|  0|10.00|82501.1|  1| 9.60|12.16|  42.045|  28.242| 2465.437|  -6.6|  -0.1| 2634.9| 0.000|   0.0|  45.161|  38.562|313.27|   0.0|    0.0|    0.0|F2              |
|  0|10.00|82512.2|  1| 9.00|11.88|  41.854|  27.795| 2516.091|  -6.6|  -0.1| 2684.2| 0.000|   0.0|  45.091|  38.259|312.16|   0.0|    0.0|    0.0|F2              |
|  0|10.00|82522.5|  1| 5.40|10.38|  39.031|  24.973| 2852.905|  -8.0|  -0.1| 3013.7| 0.000|   0.0|  43.931|  35.955|304.50|   0.0|    0.0|    0.0|F2              |
|  0|10.00|82532.9|  1| 9.60|12.19|  42.124|  28.239| 2464.997|  -6.5|  -0.1| 2634.6| 0.000|   0.0|  45.193|  38.559|313.36|   0.0|    0.0|    0.0|F2              |
|  0|10.00|82544.0|  1| 9.60|12.19|  42.124|  28.239| 2465.007|  -6.5|  -0.1| 2634.6| 0.000|   0.0|  45.193|  38.560|313.39|   0.0|    0.0|    0.0|F2              |
+---+-----+-------+---+-----+-----+--------+--------+---------+------+------+-------+------+------+--------+--------+------+------+-------+-------+----------------+
+---+-----+-------+---+-----+-----+--------+--------+---------+------+------+-------+------+------+--------+--------+------+------+-------+-------+----------------+
|0-x| fr  |  time |hop| d0  | d1  |   fi   |  teta  |   dist  |  at  |  dev |   p   |  df  |  l   |   fot  |   tot  |  rot | lsp  |   pf  |    s  |                |
+---+-----+-------+---+-----+-----+--------+--------+---------+------+------+-------+------+------+--------+--------+------+------+-------+-------+----------------+
|  0|10.00|82555.2|  1| 9.60|12.19|  42.045|  28.244| 2465.172|  -6.6|  -0.1| 2634.8| 0.000|   0.0|  45.161|  38.563|313.41|   0.0|    0.0|    0.0|F2              |
|  0|10.00|82566.3|  1| 9.60|12.20|  42.045|  28.246| 2464.996|  -6.6|  -0.1| 2634.7| 0.000|   0.0|  45.161|  38.563|313.44|   0.0|    0.0|    0.0|F2              |
|  0|10.00|82577.0|  1| 9.60|12.04|  40.396|  28.374| 2469.747|  -8.7|  -0.1| 2638.9| 0.000|   0.0|  44.498|  38.670|313.31|   0.0|    0.0|    0.0|F2              |
|  0|10.00|82588.1|  1| 9.60|12.21|  42.045|  28.248| 2464.780|  -6.6|  -0.1| 2634.5| 0.000|   0.0|  45.161|  38.563|313.50|   0.0|    0.0|    0.0|F2              |
|  0|10.00|82600.2|  1| 9.60|12.16|  41.494|  28.284| 2466.525|  -7.3|  -0.1| 2636.1| 0.000|   0.0|  44.936|  38.583|313.46|   0.0|    0.0|    0.0|F2              |
|  0|10.00|82610.6|  1| 9.00|11.99|  42.427|  27.770| 2513.463|  -5.9|  -0.1| 2682.1| 0.000|   0.0|  45.325|  38.241|312.46|   0.0|    0.0|    0.0|F2              |
|  0|10.00|82621.3|  1| 9.60|12.28|  42.678|  28.213| 2462.774|  -5.8|  -0.1| 2632.9| 0.000|   0.0|  45.419|  38.542|313.65|   0.0|    0.0|    0.0|F2              |
|  0|10.00|82631.7|  1|10.20|12.52|  42.300|  28.670| 2416.105|  -6.5|  -0.1| 2587.5| 0.000|   0.0|  45.264|  38.875|314.74|   0.0|    0.0|    0.0|F2              |
|  0|10.00|82642.1|  1| 9.60|12.24|  42.046|  28.252| 2464.323|  -6.6|  -0.1| 2634.3| 0.000|   0.0|  45.161|  38.563|313.64|   0.0|    0.0|    0.0|F2              |
|  0|10.00|82653.1|  1|10.20|12.58|  42.758|  28.646| 2414.575|  -5.9|  -0.1| 2586.2| 0.000|   0.0|  45.451|  38.861|314.86|   0.0|    0.0|    0.0|F2              |
|  0|10.00|82665.8|  1| 9.00|11.97|  41.855|  27.809| 2514.586|  -6.6|  -0.1| 2683.2| 0.000|   0.0|  45.091|  38.261|312.55|   0.0|    0.0|    0.0|F2              |
|  0|10.00|82676.1|  1|10.20|12.54|  42.299|  28.671| 2416.026|  -6.5|  -0.1| 2587.6| 0.000|   0.0|  45.264|  38.874|314.86|   0.0|    0.0|    0.0|F2              |
|  0|10.00|82687.2|  1| 9.60|12.26|  42.045|  28.254| 2464.080|  -6.6|  -0.1| 2634.2| 0.000|   0.0|  45.163|  38.574|313.77|   0.0|    0.0|    0.0|F2              |
|  0|10.00|82698.3|  1| 9.60|12.22|  41.572|  28.284| 2465.695|  -7.2|  -0.1| 2635.7| 0.000|   0.0|  44.978|  38.621|313.75|   0.0|    0.0|    0.0|F2              |
|  0|10.00|82708.6|  1|10.20|12.61|  42.757|  28.648| 2414.399|  -5.9|  -0.1| 2586.2| 0.000|   0.0|  45.451|  38.861|315.00|   0.0|    0.0|    0.0|F2              |
|  0|10.00|82719.9|  1| 9.60|12.28|  42.124|  28.250| 2463.735|  -6.5|  -0.1| 2634.0| 0.000|   0.0|  45.178|  38.491|313.73|   0.0|    0.0|    0.0|F2              |
|  0|10.00|82732.1|  1| 9.60|12.29|  42.124|  28.251| 2463.611|  -6.5|  -0.1| 2633.9| 0.000|   0.0|  45.178|  38.492|313.77|   0.0|    0.0|    0.0|F2              |
|  0|10.00|82743.9|  1| 9.60|12.29|  42.045|  28.257| 2463.810|  -6.6|  -0.1| 2634.1| 0.000|   0.0|  45.145|  38.494|313.79|   0.0|    0.0|    0.0|F2              |
|  0|10.00|82755.0|  1| 9.00|12.01|  41.855|  27.816| 2513.747|  -6.6|  -0.1| 2682.7| 0.000|   0.0|  45.073|  38.181|312.67|   0.0|    0.0|    0.0|F2              |
|  0|10.00|82767.2|  1|10.20|12.58|  42.297|  28.673| 2415.854|  -6.5|  -0.1| 2587.7| 0.000|   0.0|  45.264|  38.874|315.09|   0.0|    0.0|    0.0|F2              |
+---+-----+-------+---+-----+-----+--------+--------+---------+------+------+-------+------+------+--------+--------+------+------+-------+-------+----------------+
+---+-----+-------+---+-----+-----+--------+--------+---------+------+------+-------+------+------+--------+--------+------+------+-------+-------+----------------+