
delt0=     0.1  eps=   1e-05  ep=   1e-06  ep1=   0.001
Geomagnetic Field - const
fh= 1.34  i=  65.2  d=   6.8
Number TID: 1
Tid Parametres
  delt   lamb     t     b      a     fi
0.000   200.0  20.0 -45.0   45.0   0.000
delta=-0.000  r0= 200.0  lon=  39.000 lat=  55.000
Beta=  20.0  Alfa=   0.0 aX=  20.0 aY= 100.0 aZ=  20.0

lonIon=  40.000 latIon=  47.500 it= 7.00 h_tec=450.0  TEC= 1.13000e+17
lonIon=  40.000 latIon=  47.500 it= 7.25 h_tec=450.0  TEC= 1.13000e+17
lonIon=  40.000 latIon=  47.500 it= 7.50 h_tec=450.0  TEC= 1.13000e+17
lonIon=  40.000 latIon=  47.500 it= 7.75 h_tec=450.0  TEC= 1.13000e+17

Number diff. equation: 6

+==============================================================================+
|   Medium characteristics Sunspot number=  22.0 IG=  22.0   GMT time:07:00    |
|------------------------------------------------------------------------------|
|   S   | fh |  I  |   D  | fd |  hd | fe |  he | ff1 | hf1 | ff2 | hf2 |   Hi |
|-------+----+-----+------+----+-----+----+-----+-----+-----+-----+-----+------|
|    0.0|1.21| 50.6|   2.5|0.23| 81.1|3.07|110.0| 4.41|164.9| 7.36|262.6|  43.1|
+==============================================================================+

+==================================+
|       Es-layer parametres        |
|----------------------------------|
|   S   | hEs | fbEs | f0Es | P Es |
|-------+-----+------+------+------|
|    0.0|118.3| 3.87 | 4.06 | 71.8 |
+==================================+

|  0|10.00|25202.2|  1|11.40|11.29|  45.868|  41.901|  927.945|  -6.5|  -0.0|  961.8| 0.000|   0.0|  46.615|  45.987| 99.62|   0.0|    0.0|    0.0|E               |
|  0|10.00|25236.8|  1|13.80|13.55|  46.758|  41.314|  987.192|  -2.2|  -0.0| 1035.6| 0.000|   0.0|  47.042|  45.755|105.83|   0.0|    0.0|    0.0|E               |
|  0|10.00|25292.2|  1|14.40|14.18|  45.331|  41.596|  967.581|  -8.6|   0.0| 1018.2| 0.000|   0.0|  46.372|  45.879|110.25|   0.0|    0.0|    0.0|Es              |
|  0|10.00|25315.0|  1| 8.40| 8.31|  46.333|  40.402| 1090.322|  -3.6|  -0.0| 1118.6| 0.000|   0.0|  46.846|  45.276| 96.86|   0.0|    0.0|    0.0|E               |
|  0|10.00|25444.0|  1| 7.80| 7.71|  45.110|  40.089| 1135.423|  -7.9|  -0.0| 1162.9| 0.000|   0.0|  46.288|  45.119| 96.45|   0.0|    0.0|    0.0|E               |
|  0|10.00|25627.1|  1| 9.00| 8.91|  46.376|  40.776| 1048.616|  -3.6|  -0.0| 1077.7| 0.000|   0.0|  46.864|  45.461| 97.27|   0.0|    0.0|    0.0|E               |
+---+-----+-------+---+-----+-----+--------+--------+---------+------+------+-------+------+------+--------+--------+------+------+-------+-------+----------------+
+---+-----+-------+---+-----+-----+--------+--------+---------+------+------+-------+------+------+--------+--------+------+------+-------+-------+----------------+
|0-x| fr  |  time |hop| d0  | d1  |   fi   |  teta  |   dist  |  at  |  dev |   p   |  df  |  l   |   fot  |   tot  |  rot | lsp  |   pf  |    s  |                |
+---+-----+-------+---+-----+-----+--------+--------+---------+------+------+-------+------+------+--------+--------+------+------+-------+-------+----------------+
|  0|10.00|25659.9|  1|10.80|10.70|  46.319|  41.670|  949.912|  -4.3|  -0.0|  982.3| 0.000|   0.0|  46.833|  45.911| 98.90|   0.0|    0.0|    0.0|E               |
|  0|10.00|25850.1|  1|10.20|10.10|  44.802|  41.565|  978.462| -10.8|  -0.0| 1009.6| 0.000|   0.0|  46.133|  45.871| 98.29|   0.0|    0.0|    0.0|E               |
+==============================================================================+
|   Medium characteristics Sunspot number=  22.0 IG=  22.0   GMT time:07:10    |
|------------------------------------------------------------------------------|
|   S   | fh |  I  |   D  | fd |  hd | fe |  he | ff1 | hf1 | ff2 | hf2 |   Hi |
|-------+----+-----+------+----+-----+----+-----+-----+-----+-----+-----+------|
|    0.0|1.21| 50.6|   2.5|0.23| 81.0|3.10|110.0| 4.42|164.5| 7.44|263.4|  41.2|
+==============================================================================+

+==================================+
|       Es-layer parametres        |
|----------------------------------|
|   S   | hEs | fbEs | f0Es | P Es |
|-------+-----+------+------+------|
|    0.0|118.5| 3.89 | 4.08 | 71.5 |
+==================================+

|  0|10.00|26517.8|  1| 5.40| 5.29|  43.129|  38.279| 1361.793| -12.2|  -0.0| 1386.7| 0.000|   0.0|  45.409|  44.159| 94.92|   0.0|    0.0|    0.0|E               |
|  0|10.00|26528.4|  1| 6.60| 6.50|  43.798|  39.327| 1237.336| -11.5|  -0.0| 1263.4| 0.000|   0.0|  45.692|  44.699| 95.56|   0.0|    0.0|    0.0|E               |
|  0|10.00|26539.7|  1| 6.60| 6.50|  43.769|  39.332| 1237.318| -11.6|  -0.0| 1263.3| 0.000|   0.0|  45.679|  44.701| 95.56|   0.0|    0.0|    0.0|E               |
|  0|10.00|26551.0|  1| 7.20| 7.11|  43.983|  39.802| 1182.842| -11.5|  -0.0| 1209.5| 0.000|   0.0|  45.764|  44.925| 95.86|   0.0|    0.0|    0.0|E               |
|  0|10.00|26561.6|  1| 7.80| 7.71|  45.497|  40.074| 1132.937|  -6.5|  -0.0| 1160.3| 0.000|   0.0|  46.463|  45.102| 96.33|   0.0|    0.0|    0.0|E               |
|  0|10.00|26583.4|  1|10.20|10.10|  44.318|  41.666|  976.138| -13.0|  -0.0| 1007.2| 0.000|   0.0|  45.889|  45.867| 98.10|   0.0|    0.0|    0.0|E               |
|  0|10.00|26594.0|  1| 6.00| 5.90|  43.812|  38.776| 1296.607| -10.8|  -0.0| 1322.1| 0.000|   0.0|  45.714|  44.437| 95.29|   0.0|    0.0|    0.0|E               |
|  0|10.00|26605.2|  1| 6.60| 6.50|  43.387|  39.397| 1237.242| -12.9|  -0.0| 1263.3| 0.000|   0.0|  45.503|  44.730| 95.56|   0.0|    0.0|    0.0|E               |
|  0|10.00|26660.9|  1| 6.00| 5.91|  46.566|  38.541| 1295.814|  -2.2|  -0.0| 1321.3| 0.000|   0.0|  46.959|  44.328| 95.27|   0.0|    0.0|    0.0|E               |
|  0|10.00|26715.5|  1| 9.60| 9.51|  45.393|  41.210| 1009.075|  -7.9|  -0.0| 1039.1| 0.000|   0.0|  46.405|  45.671| 97.63|   0.0|    0.0|    0.0|E               |
+==============================================================================+
|   Medium characteristics Sunspot number=  22.0 IG=  22.0   GMT time:07:25    |
|------------------------------------------------------------------------------|
|   S   | fh |  I  |   D  | fd |  hd | fe |  he | ff1 | hf1 | ff2 | hf2 |   Hi |
|-------+----+-----+------+----+-----+----+-----+-----+-----+-----+-----+------|
|    0.0|1.21| 50.6|   2.5|0.23| 81.0|3.13|110.0| 4.44|163.9| 7.55|264.6|  38.9|
+==============================================================================+

+==================================+
|       Es-layer parametres        |
|----------------------------------|
|   S   | hEs | fbEs | f0Es | P Es |
|-------+-----+------+------+------|
|    0.0|118.5| 3.90 | 4.10 | 71.0 |
+==================================+

|  0|10.00|27080.9|  1| 6.00| 5.91|  45.888|  38.575| 1295.326|  -4.3|  -0.0| 1320.7| 0.000|   0.0|  46.653|  44.342| 95.24|   0.0|    0.0|    0.0|E               |
|  0|10.00|27105.3|  1| 5.40| 5.30|  45.287|  38.027| 1360.480|  -5.8|  -0.0| 1385.4| 0.000|   0.0|  46.398|  44.127| 95.04|   0.0|    0.0|    0.0|E               |
|  0|10.00|27373.1|  1| 6.00| 5.91|  43.817|  38.787| 1295.294| -10.8|  -0.0| 1320.7| 0.000|   0.0|  45.714|  44.437| 95.22|   0.0|    0.0|    0.0|E               |
|  0|10.00|27425.0|  1| 8.40| 8.32|  46.521|  40.433| 1085.935|  -2.9|  -0.0| 1114.0| 0.000|   0.0|  46.930|  45.272| 96.63|   0.0|    0.0|    0.0|E               |
|  0|10.00|27568.9|  1| 6.00| 5.91|  45.889|  38.581| 1294.718|  -4.3|  -0.0| 1320.1| 0.000|   0.0|  46.653|  44.342| 95.20|   0.0|    0.0|    0.0|E               |
|  0|10.00|27824.1|  1| 9.00| 8.92|  45.662|  40.866| 1044.070|  -6.5|  -0.0| 1073.0| 0.000|   0.0|  46.529|  45.484| 97.02|   0.0|    0.0|    0.0|E               |
|  0|10.00|27835.7|  1| 9.00| 8.92|  46.207|  40.827| 1043.990|  -4.3|  -0.0| 1072.9| 0.000|   0.0|  46.783|  45.465| 97.02|   0.0|    0.0|    0.0|E               |
|  0|10.00|27846.3|  1| 9.00| 8.92|  46.207|  40.827| 1043.971|  -4.3|  -0.0| 1072.9| 0.000|   0.0|  46.783|  45.465| 97.02|   0.0|    0.0|    0.0|E               |
+---+-----+-------+---+-----+-----+--------+--------+---------+------+------+-------+------+------+--------+--------+------+------+-------+-------+----------------+
+---+-----+-------+---+-----+-----+--------+--------+---------+------+------+-------+------+------+--------+--------+------+------+-------+-------+----------------+
|0-x| fr  |  time |hop| d0  | d1  |   fi   |  teta  |   dist  |  at  |  dev |   p   |  df  |  l   |   fot  |   tot  |  rot | lsp  |   pf  |    s  |                |
+---+-----+-------+---+-----+-----+--------+--------+---------+------+------+-------+------+------+--------+--------+------+------+-------+-------+----------------+
|  0|10.00|27901.6|  1| 8.40| 8.32|  46.339|  40.448| 1085.209|  -3.6|  -0.0| 1113.3| 0.000|   0.0|  46.846|  45.276| 96.59|   0.0|    0.0|    0.0|E               |
|  0|10.00|27924.6|  1| 9.60| 9.52|  46.921|  41.138| 1006.338|  -1.5|  -0.0| 1036.2| 0.000|   0.0|  47.114|  45.626| 97.49|   0.0|    0.0|    0.0|E               |
|  0|10.00|27935.2|  1| 6.00| 5.92|  46.794|  38.551| 1294.056|  -1.5|  -0.0| 1319.4| 0.000|   0.0|  47.061|  44.326| 95.18|   0.0|    0.0|    0.0|E               |
|  0|10.00|28055.5|  1|16.20|16.04|  45.793|  42.968|  811.417|  -8.0|  -0.0|  860.6| 0.000|   0.0|  46.583|  46.587|111.09|   0.0|    0.0|    0.0|Es              |
|  0|10.00|28076.6|  1|16.20|16.04|  45.682|  42.979|  811.529|  -8.6|  -0.0|  860.7| 0.000|   0.0|  46.532|  46.593|111.09|   0.0|    0.0|    0.0|Es              |
|  0|10.00|28163.3|  1|15.60|15.43|  45.993|  42.534|  856.969|  -6.5|  -0.0|  906.4| 0.000|   0.0|  46.679|  46.368|110.78|   0.0|    0.0|    0.0|Es              |
|  0|10.00|28262.1|  1|12.00|11.90|  45.929|  42.208|  893.525|  -6.5|  -0.0|  928.2| 0.000|   0.0|  46.645|  46.166| 99.86|   0.0|    0.0|    0.0|E               |
|  0|10.00|28293.8|  1| 7.80| 7.72|  45.313|  40.117| 1130.083|  -7.2|  -0.0| 1157.4| 0.000|   0.0|  46.376|  45.110| 96.18|   0.0|    0.0|    0.0|E               |
|  0|10.00|28304.4|  1| 6.60| 6.52|  44.880|  39.211| 1234.366|  -7.9|  -0.0| 1260.3| 0.000|   0.0|  46.184|  44.634| 95.41|   0.0|    0.0|    0.0|E               |
|  0|10.00|28316.0|  1| 7.20| 7.13|  46.241|  39.601| 1179.618|  -3.6|  -0.0| 1206.2| 0.000|   0.0|  46.810|  44.906| 95.88|   0.0|    0.0|    0.0|E               |
|  0|10.00|28396.5|  1| 9.60| 9.52|  45.401|  41.241| 1005.557|  -7.9|  -0.0| 1035.4| 0.000|   0.0|  46.405|  45.671| 97.44|   0.0|    0.0|    0.0|E               |
|  0|10.00|28407.8|  1| 8.40| 8.32|  45.021|  40.564| 1084.490|  -8.7|  -0.0| 1112.5| 0.000|   0.0|  46.235|  45.326| 96.54|   0.0|    0.0|    0.0|E               |
|  0|10.00|28419.5|  1| 7.20| 7.12|  44.782|  39.722| 1179.578|  -8.7|  -0.0| 1206.2| 0.000|   0.0|  46.149|  44.961| 95.88|   0.0|    0.0|    0.0|E               |
|  0|10.00|28452.1|  1|11.40|11.31|  45.448|  42.062|  915.024|  -8.6|  -0.0|  948.3| 0.000|   0.0|  46.421|  46.093| 99.13|   0.0|    0.0|    0.0|E               |
|  0|10.00|28462.7|  1| 7.80| 7.72|  45.693|  40.086| 1129.819|  -5.8|  -0.0| 1157.1| 0.000|   0.0|  46.551|  45.094| 96.16|   0.0|    0.0|    0.0|E               |
|  0|10.00|28473.2|  1| 9.60| 9.52|  45.732|  41.210| 1005.411|  -6.5|  -0.0| 1035.2| 0.000|   0.0|  46.559|  45.656| 97.43|   0.0|    0.0|    0.0|E               |
|  0|10.00|28546.6|  1|11.40|11.31|  45.893|  42.019|  914.776|  -6.5|  -0.0|  948.0| 0.000|   0.0|  46.630|  46.072| 99.12|   0.0|    0.0|    0.0|E               |
|  0|10.00|28568.8|  1| 9.00| 8.92|  45.492|  40.893| 1042.760|  -7.2|  -0.0| 1071.7| 0.000|   0.0|  46.449|  45.491| 96.95|   0.0|    0.0|    0.0|E               |
|  0|10.00|28632.3|  1| 9.60| 9.52|  45.402|  41.245| 1005.096|  -7.9|  -0.0| 1034.9| 0.000|   0.0|  46.405|  45.671| 97.41|   0.0|    0.0|    0.0|E               |
|  0|10.00|28686.7|  1|10.80|10.71|  45.541|  41.816|  940.862|  -7.9|  -0.0|  972.8| 0.000|   0.0|  46.470|  45.984| 98.51|   0.0|    0.0|    0.0|E               |
+---+-----+-------+---+-----+-----+--------+--------+---------+------+------+-------+------+------+--------+--------+------+------+-------+-------+----------------+
+---+-----+-------+---+-----+-----+--------+--------+---------+------+------+-------+------+------+--------+--------+------+------+-------+-------+----------------+
|0-x| fr  |  time |hop| d0  | d1  |   fi   |  teta  |   dist  |  at  |  dev |   p   |  df  |  l   |   fot  |   tot  |  rot | lsp  |   pf  |    s  |                |
+---+-----+-------+---+-----+-----+--------+--------+---------+------+------+-------+------+------+--------+--------+------+------+-------+-------+----------------+
|  0|10.00|28730.1|  1|11.40|11.31|  45.745|  42.037|  914.218|  -7.2|  -0.0|  947.4| 0.000|   0.0|  46.560|  46.078| 99.09|   0.0|    0.0|    0.0|E               |
|  0|10.00|28775.6|  1| 7.20| 7.13|  45.409|  39.663| 1179.008|  -6.5|  -0.0| 1205.6| 0.000|   0.0|  46.433|  44.932| 95.86|   0.0|    0.0|    0.0|E               |
+---+-----+-------+---+-----+-----+--------+--------+---------+------+------+-------+------+------+--------+--------+------+------+-------+-------+----------------+