
delt0=     0.1  eps=   1e-05  ep=   1e-06  ep1=   0.001
Geomagnetic Field - const
fh= 1.34  i=  65.2  d=   6.8
Number TID: 1
Tid Parametres
  delt   lamb     t     b      a     fi
0.000   200.0  20.0 -45.0   45.0   0.000
delta=-0.000  r0= 200.0  lon=  39.000 lat=  55.000
Beta=  20.0  Alfa=   0.0 aX=  20.0 aY= 100.0 aZ=  20.0

lonIon=  40.000 latIon=  47.500 it=14.00 h_tec=450.0  TEC= 1.13000e+17
lonIon=  40.000 latIon=  47.500 it=14.25 h_tec=450.0  TEC= 1.13000e+17
lonIon=  40.000 latIon=  47.500 it=14.50 h_tec=450.0  TEC= 1.13000e+17
lonIon=  40.000 latIon=  47.500 it=14.75 h_tec=450.0  TEC= 1.13000e+17

Number diff. equation: 6

+==============================================================================+
|   Medium characteristics Sunspot number=  56.3 IG=  56.3   GMT time:14:00    |
|------------------------------------------------------------------------------|
|   S   | fh |  I  |   D  | fd |  hd | fe |  he | ff1 | hf1 | ff2 | hf2 |   Hi |
|-------+----+-----+------+----+-----+----+-----+-----+-----+-----+-----+------|
|    0.0|1.21| 50.6|   2.5|0.18| 81.5|2.43|110.0| 0.00|  0.0| 8.70|276.0|  70.5|
+==============================================================================+

+==================================+
|       Es-layer parametres        |
|----------------------------------|
|   S   | hEs | fbEs | f0Es | P Es |
|-------+-----+------+------+------|
|    0.0|115.7| 2.89 | 3.22 | 71.8 |
+==================================+

|  0|10.00|50389.2|  1|11.40|13.32|  44.065|  34.884| 1717.813|  -6.9|   0.3| 1811.5| 0.000|   0.0|  45.741|  41.945|168.57|   0.0|    0.0|    0.0|F2              |
|  0|10.00|50402.1|  1|10.80|12.70|  43.903|  34.322| 1781.177|  -6.9|   0.3| 1873.4| 0.000|   0.0|  45.676|  41.642|165.72|   0.0|    0.0|    0.0|F2              |
+---+-----+-------+---+-----+-----+--------+--------+---------+------+------+-------+------+------+--------+--------+------+------+-------+-------+----------------+
+---+-----+-------+---+-----+-----+--------+--------+---------+------+------+-------+------+------+--------+--------+------+------+-------+-------+----------------+
|0-x| fr  |  time |hop| d0  | d1  |   fi   |  teta  |   dist  |  at  |  dev |   p   |  df  |  l   |   fot  |   tot  |  rot | lsp  |   pf  |    s  |                |
+---+-----+-------+---+-----+-----+--------+--------+---------+------+------+-------+------+------+--------+--------+------+------+-------+-------+----------------+
|  0|10.00|50402.1|  1|10.80|12.70|  43.903|  34.322| 1781.177|  -6.9|   0.3| 1873.4| 0.000|   0.0|  45.676|  41.642|165.72|   0.0|    0.0|    0.0|F2              |
|  0|10.00|50416.3|  1|13.80|15.76|  44.062|  36.922| 1494.753|  -8.3|   0.3| 1594.1| 0.000|   0.0|  45.736|  43.146|178.07|   0.0|    0.0|    0.0|F2              |
|  0|10.00|50428.1|  1|11.40|13.33|  44.070|  34.901| 1715.982|  -6.9|   0.3| 1809.6| 0.000|   0.0|  45.746|  41.966|168.80|   0.0|    0.0|    0.0|F2              |
|  0|10.00|50439.9|  1| 9.00|10.58|  43.706|  32.347| 1999.831|  -6.2|   0.3| 2086.8| 0.000|   0.0|  45.559|  40.262|155.01|   0.0|    0.0|    0.0|F2              |
|  0|10.00|50451.8|  1|10.80|12.70|  44.249|  34.311| 1779.012|  -6.2|   0.3| 1871.1| 0.000|   0.0|  45.827|  41.597|166.13|   0.0|    0.0|    0.0|F2              |
|  0|10.00|50463.6|  1|12.00|13.95|  44.227|  35.463| 1652.654|  -6.9|   0.3| 1747.5| 0.000|   0.0|  45.809|  42.260|171.58|   0.0|    0.0|    0.0|F2              |
|  0|10.00|50475.5|  1| 9.60|11.38|  43.918|  33.087| 1916.599|  -6.2|   0.3| 2005.5| 0.000|   0.0|  45.682|  40.869|159.57|   0.0|    0.0|    0.0|F2              |
|  0|10.00|50487.3|  1|12.00|13.96|  44.229|  35.471| 1651.695|  -6.9|   0.3| 1746.5| 0.000|   0.0|  45.815|  42.291|171.73|   0.0|    0.0|    0.0|F2              |
|  0|10.00|50500.2|  1|12.00|13.96|  44.231|  35.476| 1651.144|  -6.9|   0.3| 1746.0| 0.000|   0.0|  45.815|  42.291|171.80|   0.0|    0.0|    0.0|F2              |
|  0|10.00|50513.1|  1|13.20|15.17|  44.768|  36.401| 1544.267|  -6.2|   0.3| 1642.2| 0.000|   0.0|  46.065|  42.845|176.65|   0.0|    0.0|    0.0|F2              |
|  0|10.00|50523.9|  1|10.80|12.76|  43.920|  34.376| 1775.085|  -6.9|   0.3| 1867.3| 0.000|   0.0|  45.681|  41.664|166.49|   0.0|    0.0|    0.0|F2              |
|  0|10.00|50536.9|  1|10.80|12.76|  43.922|  34.382| 1774.401|  -6.9|   0.3| 1866.6| 0.000|   0.0|  45.672|  41.623|166.54|   0.0|    0.0|    0.0|F2              |
|  0|10.00|50548.6|  1|10.80|12.74|  44.261|  34.354| 1774.190|  -6.2|   0.3| 1866.3| 0.000|   0.0|  45.837|  41.650|166.76|   0.0|    0.0|    0.0|F2              |
|  0|10.00|50560.4|  1|10.80|12.77|  43.925|  34.392| 1773.309|  -6.9|   0.3| 1865.5| 0.000|   0.0|  45.672|  41.623|166.68|   0.0|    0.0|    0.0|F2              |
|  0|10.00|50573.3|  1|10.20|12.12|  44.108|  33.774| 1839.362|  -6.2|   0.3| 1930.0| 0.000|   0.0|  45.764|  41.276|163.79|   0.0|    0.0|    0.0|F2              |
|  0|10.00|50589.5|  1|10.20|12.16|  43.755|  33.816| 1838.120|  -6.9|   0.3| 1928.8| 0.000|   0.0|  45.600|  41.291|163.76|   0.0|    0.0|    0.0|F2              |
|  0|10.00|50602.4|  1|10.80|12.79|  43.931|  34.411| 1771.128|  -6.9|   0.3| 1863.3| 0.000|   0.0|  45.677|  41.644|166.95|   0.0|    0.0|    0.0|F2              |
|  0|10.00|50615.4|  1|10.20|12.17|  43.759|  33.829| 1836.731|  -6.9|   0.3| 1927.4| 0.000|   0.0|  45.611|  41.344|163.96|   0.0|    0.0|    0.0|F2              |
|  0|10.00|50629.4|  1| 9.60|11.51|  43.571|  33.211| 1906.400|  -6.9|   0.3| 1995.4| 0.000|   0.0|  45.515|  40.908|160.59|   0.0|    0.0|    0.0|F2              |
|  0|10.00|50641.2|  1|10.80|12.81|  43.936|  34.428| 1769.204|  -6.9|   0.3| 1861.4| 0.000|   0.0|  45.684|  41.676|167.21|   0.0|    0.0|    0.0|F2              |
+---+-----+-------+---+-----+-----+--------+--------+---------+------+------+-------+------+------+--------+--------+------+------+-------+-------+----------------+
+---+-----+-------+---+-----+-----+--------+--------+---------+------+------+-------+------+------+--------+--------+------+------+-------+-------+----------------+
|0-x| fr  |  time |hop| d0  | d1  |   fi   |  teta  |   dist  |  at  |  dev |   p   |  df  |  l   |   fot  |   tot  |  rot | lsp  |   pf  |    s  |                |
+---+-----+-------+---+-----+-----+--------+--------+---------+------+------+-------+------+------+--------+--------+------+------+-------+-------+----------------+
|  0|10.00|50653.0|  1|11.40|13.42|  44.099|  34.996| 1705.263|  -6.9|   0.3| 1798.7| 0.000|   0.0|  45.757|  42.019|170.06|   0.0|    0.0|    0.0|F2              |
|  0|10.00|50667.8|  1|10.20|12.20|  43.767|  33.854| 1833.853|  -6.9|   0.3| 1924.5| 0.000|   0.0|  45.604|  41.313|164.30|   0.0|    0.0|    0.0|F2              |
|  0|10.00|50679.7|  1|10.80|12.83|  43.941|  34.444| 1767.352|  -6.9|   0.3| 1859.5| 0.000|   0.0|  45.684|  41.676|167.44|   0.0|    0.0|    0.0|F2              |
|  0|10.00|50691.4|  1|11.40|13.44|  44.104|  35.012| 1703.448|  -6.9|   0.3| 1796.9| 0.000|   0.0|  45.760|  42.029|170.27|   0.0|    0.0|    0.0|F2              |
|  0|10.00|50705.5|  1|10.80|12.84|  43.945|  34.456| 1766.056|  -6.9|   0.3| 1858.2| 0.000|   0.0|  45.695|  41.728|167.61|   0.0|    0.0|    0.0|F2              |
|  0|10.00|50718.4|  1| 9.60|11.54|  43.959|  33.225| 1901.100|  -6.2|   0.3| 1990.1| 0.000|   0.0|  45.694|  40.924|161.43|   0.0|    0.0|    0.0|F2              |
|  0|10.00|50731.3|  1|10.80|12.85|  43.949|  34.467| 1764.781|  -6.9|   0.3| 1856.9| 0.000|   0.0|  45.686|  41.687|167.75|   0.0|    0.0|    0.0|F2              |
|  0|10.00|50746.8|  1| 8.40| 9.99|  43.961|  31.746| 2063.775|  -5.5|   0.3| 2149.0| 0.000|   0.0|  45.671|  39.839|153.57|   0.0|    0.0|    0.0|F2              |
|  0|10.00|50758.7|  1|10.20|12.22|  44.134|  33.864| 1829.222|  -6.2|   0.3| 1919.8| 0.000|   0.0|  45.773|  41.319|165.04|   0.0|    0.0|    0.0|F2              |
|  0|10.00|50770.5|  1|10.20|12.22|  44.136|  33.869| 1828.605|  -6.2|   0.3| 1919.2| 0.000|   0.0|  45.773|  41.320|165.12|   0.0|    0.0|    0.0|F2              |
|  0|10.00|50782.4|  1|12.60|14.66|  44.680|  36.017| 1587.329|  -6.2|   0.3| 1683.7| 0.000|   0.0|  46.013|  42.566|175.61|   0.0|    0.0|    0.0|F2              |
|  0|10.00|50795.4|  1|12.00|14.08|  44.261|  35.577| 1639.774|  -6.9|   0.3| 1734.5| 0.000|   0.0|  45.808|  42.251|173.15|   0.0|    0.0|    0.0|F2              |
|  0|10.00|50809.5|  1|10.80|12.89|  43.959|  34.501| 1760.954|  -6.9|   0.3| 1853.1| 0.000|   0.0|  45.689|  41.698|168.22|   0.0|    0.0|    0.0|F2              |
|  0|10.00|50822.4|  1| 7.20| 6.79|  45.476|  35.658| 1620.857|  -4.2|   0.1| 1664.7| 0.000|   0.0|  46.505|  43.104|111.73|   0.0|    0.0|    0.0|F2              |
|  0|10.00|50835.4|  1| 9.00|10.94|  43.400|  32.664| 1968.083|  -6.9|   0.3| 2055.4| 0.000|   0.0|  45.385|  40.326|158.05|   0.0|    0.0|    0.0|F2              |
|  0|10.00|50847.5|  1|12.00|14.07|  44.570|  35.564| 1638.191|  -6.2|   0.3| 1732.8| 0.000|   0.0|  45.965|  42.311|173.62|   0.0|    0.0|    0.0|F2              |
|  0|10.00|50859.3|  1|13.20|15.25|  44.794|  36.497| 1533.475|  -6.2|   0.3| 1631.1| 0.000|   0.0|  46.055|  42.785|177.91|   0.0|    0.0|    0.0|F2              |
|  0|10.00|50870.0|  1|11.40|13.47|  44.444|  35.053| 1695.577|  -6.2|   0.3| 1788.8| 0.000|   0.0|  45.913|  42.038|171.32|   0.0|    0.0|    0.0|F2              |
|  0|10.00|50880.8|  1| 9.60|11.67|  43.616|  33.349| 1890.741|  -6.9|   0.3| 1979.8| 0.000|   0.0|  45.536|  41.004|162.50|   0.0|    0.0|    0.0|F2              |
|  0|10.00|50891.5|  1|10.20|12.29|  44.153|  33.928| 1821.990|  -6.2|   0.3| 1912.6| 0.000|   0.0|  45.777|  41.342|165.91|   0.0|    0.0|    0.0|F2              |
+---+-----+-------+---+-----+-----+--------+--------+---------+------+------+-------+------+------+--------+--------+------+------+-------+-------+----------------+
+---+-----+-------+---+-----+-----+--------+--------+---------+------+------+-------+------+------+--------+--------+------+------+-------+-------+----------------+
|0-x| fr  |  time |hop| d0  | d1  |   fi   |  teta  |   dist  |  at  |  dev |   p   |  df  |  l   |   fot  |   tot  |  rot | lsp  |   pf  |    s  |                |
+---+-----+-------+---+-----+-----+--------+--------+---------+------+------+-------+------+------+--------+--------+------+------+-------+-------+----------------+
|  0|10.00|50912.6|  1|10.20|12.33|  43.805|  33.972| 1820.586|  -6.9|   0.3| 1911.2| 0.000|   0.0|  45.614|  41.357|165.91|   0.0|    0.0|    0.0|F2              |
|  0|10.00|50924.4|  1|12.00|14.12|  44.274|  35.619| 1635.075|  -6.9|   0.3| 1729.8| 0.000|   0.0|  45.827|  42.345|173.93|   0.0|    0.0|    0.0|F2              |
|  0|10.00|50935.3|  1|12.00|14.10|  44.578|  35.592| 1635.035|  -6.2|   0.3| 1729.7| 0.000|   0.0|  45.954|  42.249|173.90|   0.0|    0.0|    0.0|F2              |
|  0|10.00|50946.0|  1| 9.60|11.69|  43.996|  33.349| 1887.099|  -6.2|   0.3| 1976.1| 0.000|   0.0|  45.713|  41.021|163.13|   0.0|    0.0|    0.0|F2              |
|  0|10.00|50956.6|  1| 9.00|10.95|  44.651|  32.633| 1960.720|  -4.7|   0.3| 2047.9| 0.000|   0.0|  46.007|  40.533|160.02|   0.0|    0.0|    0.0|F2              |
|  0|10.00|50969.7|  1|11.40|13.57|  43.821|  35.156| 1690.676|  -7.6|   0.3| 1784.0| 0.000|   0.0|  45.612|  42.046|171.62|   0.0|    0.0|    0.0|F2              |
|  0|10.00|50980.4|  1|13.20|15.32|  44.248|  36.585| 1529.367|  -7.6|   0.3| 1627.1| 0.000|   0.0|  45.792|  42.821|178.28|   0.0|    0.0|    0.0|F2              |
|  0|10.00|50991.1|  1| 9.60|11.74|  43.636|  33.409| 1884.060|  -6.9|   0.3| 1973.2| 0.000|   0.0|  45.548|  41.057|163.31|   0.0|    0.0|    0.0|F2              |
|  0|10.00|51002.9|  1| 7.20| 8.04|  42.798|  29.456| 2325.413|  -6.2|   0.3| 2408.4| 0.000|   0.0|  45.178|  38.474|144.62|   0.0|    0.0|    0.0|F2              |
|  0|10.00|51016.0|  1| 6.00| 6.16|  43.211|  34.571| 1761.899|  -8.5|   0.1| 1805.6| 0.000|   0.0|  45.438|  42.004|105.04|   0.0|    0.0|    0.0|E               |
|  0|10.00|51026.7|  1|10.20|12.33|  44.521|  33.961| 1815.202|  -5.5|   0.3| 1905.7| 0.000|   0.0|  45.950|  41.381|166.93|   0.0|    0.0|    0.0|F2              |
|  0|10.00|51038.2|  1|10.80|12.93|  44.655|  34.540| 1750.276|  -5.5|   0.3| 1842.1| 0.000|   0.0|  46.013|  41.745|169.79|   0.0|    0.0|    0.0|F2              |
|  0|10.00|51048.9|  1|11.40|13.54|  44.463|  35.122| 1687.774|  -6.2|   0.3| 1780.9| 0.000|   0.0|  45.911|  42.029|172.22|   0.0|    0.0|    0.0|F2              |
|  0|10.00|51060.8|  1| 9.60|11.75|  44.014|  33.410| 1880.258|  -6.2|   0.3| 1969.3| 0.000|   0.0|  45.718|  41.043|163.94|   0.0|    0.0|    0.0|F2              |
|  0|10.00|51071.5|  1|11.40|13.55|  44.465|  35.131| 1686.837|  -6.2|   0.3| 1780.0| 0.000|   0.0|  45.909|  42.018|172.32|   0.0|    0.0|    0.0|F2              |
|  0|10.00|51082.2|  1|10.80|12.97|  44.328|  34.588| 1747.812|  -6.2|   0.3| 1839.7| 0.000|   0.0|  45.859|  41.758|169.93|   0.0|    0.0|    0.0|F2              |
|  0|10.00|51094.1|  1|13.20|15.35|  44.217|  36.617| 1526.213|  -7.7|   0.3| 1623.9| 0.000|   0.0|  45.774|  42.824|178.69|   0.0|    0.0|    0.0|F2              |
|  0|10.00|51107.1|  1| 9.60|11.78|  44.073|  33.428| 1877.646|  -6.1|   0.3| 1966.7| 0.000|   0.0|  45.750|  41.083|164.30|   0.0|    0.0|    0.0|F2              |
|  0|10.00|51118.9|  1|10.80|12.99|  44.332|  34.604| 1746.061|  -6.2|   0.3| 1837.9| 0.000|   0.0|  45.855|  41.738|170.11|   0.0|    0.0|    0.0|F2              |
|  0|10.00|51130.8|  1|10.20|12.43|  43.887|  34.069| 1809.115|  -6.8|   0.3| 1899.7| 0.000|   0.0|  45.652|  41.419|167.34|   0.0|    0.0|    0.0|F2              |
+---+-----+-------+---+-----+-----+--------+--------+---------+------+------+-------+------+------+--------+--------+------+------+-------+-------+----------------+
+---+-----+-------+---+-----+-----+--------+--------+---------+------+------+-------+------+------+--------+--------+------+------+-------+-------+----------------+
|0-x| fr  |  time |hop| d0  | d1  |   fi   |  teta  |   dist  |  at  |  dev |   p   |  df  |  l   |   fot  |   tot  |  rot | lsp  |   pf  |    s  |                |
+---+-----+-------+---+-----+-----+--------+--------+---------+------+------+-------+------+------+--------+--------+------+------+-------+-------+----------------+
|  0|10.00|51144.7|  1|11.40|13.61|  44.158|  35.189| 1683.444|  -6.9|   0.3| 1776.6| 0.000|   0.0|  45.761|  42.033|172.58|   0.0|    0.0|    0.0|F2              |
|  0|10.00|51155.6|  1|11.40|13.61|  44.159|  35.193| 1683.030|  -6.9|   0.3| 1776.2| 0.000|   0.0|  45.761|  42.033|172.63|   0.0|    0.0|    0.0|F2              |
|  0|10.00|51167.4|  1| 9.60|11.85|  43.666|  33.500| 1873.691|  -6.9|   0.3| 1962.8| 0.000|   0.0|  45.553|  41.080|164.54|   0.0|    0.0|    0.0|F2              |
|  0|10.00|51178.1|  1|10.80|13.01|  44.339|  34.630| 1743.129|  -6.2|   0.3| 1834.9| 0.000|   0.0|  45.853|  41.728|170.42|   0.0|    0.0|    0.0|F2              |
|  0|10.00|51190.0|  1|10.80|13.04|  44.011|  34.666| 1742.317|  -6.9|   0.3| 1834.2| 0.000|   0.0|  45.699|  41.742|170.37|   0.0|    0.0|    0.0|F2              |
|  0|10.00|51200.7|  1|12.60|14.79|  44.711|  36.131| 1574.495|  -6.2|   0.3| 1670.7| 0.000|   0.0|  46.009|  42.538|177.33|   0.0|    0.0|    0.0|F2              |
|  0|10.00|51212.1|  1|11.40|13.60|  44.480|  35.184| 1680.891|  -6.2|   0.3| 1773.9| 0.000|   0.0|  45.912|  42.030|173.02|   0.0|    0.0|    0.0|F2              |
|  0|10.00|51222.9|  1|10.20|12.48|  43.851|  34.116| 1804.302|  -6.9|   0.3| 1894.9| 0.000|   0.0|  45.642|  41.484|167.91|   0.0|    0.0|    0.0|F2              |
|  0|10.00|51234.7|  1|12.60|14.77|  45.003|  36.114| 1573.808|  -5.5|   0.3| 1669.9| 0.000|   0.0|  46.172|  42.681|177.84|   0.0|    0.0|    0.0|F2              |
|  0|10.00|51246.7|  1|10.80|13.04|  44.347|  34.658| 1739.914|  -6.2|   0.3| 1831.7| 0.000|   0.0|  45.871|  41.822|170.86|   0.0|    0.0|    0.0|F2              |
|  0|10.00|51258.5|  1|10.20|12.50|  43.856|  34.132| 1802.490|  -6.9|   0.3| 1893.1| 0.000|   0.0|  45.634|  41.443|168.11|   0.0|    0.0|    0.0|F2              |
|  0|10.00|51269.2|  1|12.00|14.23|  44.606|  35.692| 1623.831|  -6.2|   0.3| 1718.5| 0.000|   0.0|  45.978|  42.375|175.71|   0.0|    0.0|    0.0|F2              |
|  0|10.00|51282.1|  1|10.20|12.51|  43.860|  34.143| 1801.277|  -6.9|   0.3| 1891.8| 0.000|   0.0|  45.634|  41.443|168.25|   0.0|    0.0|    0.0|F2              |
|  0|10.00|51295.2|  1|10.20|12.51|  43.861|  34.148| 1800.644|  -6.9|   0.3| 1891.2| 0.000|   0.0|  45.643|  41.485|168.35|   0.0|    0.0|    0.0|F2              |
+==============================================================================+
|   Medium characteristics Sunspot number=  56.3 IG=  56.3   GMT time:14:14    |
|------------------------------------------------------------------------------|
|   S   | fh |  I  |   D  | fd |  hd | fe |  he | ff1 | hf1 | ff2 | hf2 |   Hi |
|-------+----+-----+------+----+-----+----+-----+-----+-----+-----+-----+------|
|    0.0|1.21| 50.6|   2.5|0.18| 81.7|2.31|110.0| 0.00|  0.0| 8.71|276.1|  73.5|
+==============================================================================+

+==================================+
|       Es-layer parametres        |
|----------------------------------|
|   S   | hEs | fbEs | f0Es | P Es |
|-------+-----+------+------+------|
|    0.0|116.5| 2.83 | 3.19 | 72.2 |
+==================================+

|  0|10.00|51305.9|  1| 9.60|11.92|  43.689|  33.571| 1865.670|  -6.9|   0.3| 1954.8| 0.000|   0.0|  45.568|  41.144|165.50|   0.0|    0.0|    0.0|F2              |
|  0|10.00|51318.9|  1|10.20|12.52|  43.865|  34.160| 1799.296|  -6.9|   0.3| 1889.8| 0.000|   0.0|  45.636|  41.454|168.48|   0.0|    0.0|    0.0|F2              |
|  0|10.00|51329.6|  1| 9.60|11.94|  43.693|  33.585| 1864.138|  -6.9|   0.3| 1953.3| 0.000|   0.0|  45.568|  41.144|165.66|   0.0|    0.0|    0.0|F2              |
|  0|10.00|51343.5|  1|10.80|13.10|  44.078|  34.728| 1734.825|  -6.8|   0.3| 1826.6| 0.000|   0.0|  45.736|  41.813|171.30|   0.0|    0.0|    0.0|F2              |
|  0|10.00|51354.2|  1|10.80|13.11|  44.080|  34.734| 1734.204|  -6.8|   0.3| 1826.0| 0.000|   0.0|  45.743|  41.845|171.37|   0.0|    0.0|    0.0|F2              |
|  0|10.00|51366.2|  1|11.40|13.69|  44.228|  35.268| 1674.044|  -6.8|   0.3| 1767.1| 0.000|   0.0|  45.804|  42.135|173.83|   0.0|    0.0|    0.0|F2              |
+---+-----+-------+---+-----+-----+--------+--------+---------+------+------+-------+------+------+--------+--------+------+------+-------+-------+----------------+
+---+-----+-------+---+-----+-----+--------+--------+---------+------+------+-------+------+------+--------+--------+------+------+-------+-------+----------------+
|0-x| fr  |  time |hop| d0  | d1  |   fi   |  teta  |   dist  |  at  |  dev |   p   |  df  |  l   |   fot  |   tot  |  rot | lsp  |   pf  |    s  |                |
+---+-----+-------+---+-----+-----+--------+--------+---------+------+------+-------+------+------+--------+--------+------+------+-------+-------+----------------+
|  0|10.00|51376.9|  1|10.80|13.09|  44.364|  34.717| 1733.310|  -6.2|   0.3| 1825.0| 0.000|   0.0|  45.876|  41.843|171.59|   0.0|    0.0|    0.0|F2              |
|  0|10.00|51389.8|  1|10.80|13.13|  44.038|  34.755| 1732.308|  -6.9|   0.3| 1824.1| 0.000|   0.0|  45.723|  41.857|171.56|   0.0|    0.0|    0.0|F2              |
|  0|10.00|51400.6|  1|10.80|13.13|  44.039|  34.759| 1731.860|  -6.9|   0.3| 1823.6| 0.000|   0.0|  45.723|  41.857|171.62|   0.0|    0.0|    0.0|F2              |
|  0|10.00|51411.3|  1|10.80|13.13|  44.040|  34.764| 1731.302|  -6.9|   0.3| 1823.0| 0.000|   0.0|  45.724|  41.857|171.68|   0.0|    0.0|    0.0|F2              |
|  0|10.00|51423.1|  1|10.80|13.11|  44.370|  34.738| 1730.890|  -6.2|   0.3| 1822.5| 0.000|   0.0|  45.870|  41.812|171.83|   0.0|    0.0|    0.0|F2              |
|  0|10.00|51433.8|  1|10.20|12.58|  43.884|  34.220| 1792.522|  -6.9|   0.3| 1883.0| 0.000|   0.0|  45.648|  41.506|169.22|   0.0|    0.0|    0.0|F2              |
|  0|10.00|51444.5|  1|10.20|12.59|  43.885|  34.226| 1791.907|  -6.9|   0.3| 1882.4| 0.000|   0.0|  45.648|  41.507|169.29|   0.0|    0.0|    0.0|F2              |
|  0|10.00|51455.4|  1|10.20|12.59|  43.887|  34.231| 1791.274|  -6.9|   0.3| 1881.7| 0.000|   0.0|  45.648|  41.507|169.35|   0.0|    0.0|    0.0|F2              |
|  0|10.00|51466.1|  1|10.80|13.16|  44.048|  34.790| 1728.349|  -6.9|   0.3| 1820.0| 0.000|   0.0|  45.726|  41.868|171.99|   0.0|    0.0|    0.0|F2              |
|  0|10.00|51478.0|  1|11.40|13.74|  44.196|  35.316| 1669.146|  -6.9|   0.3| 1762.2| 0.000|   0.0|  45.790|  42.169|174.42|   0.0|    0.0|    0.0|F2              |
|  0|10.00|51488.7|  1|12.60|14.90|  44.447|  36.242| 1564.846|  -6.9|   0.3| 1661.0| 0.000|   0.0|  45.908|  42.726|178.85|   0.0|    0.0|    0.0|F2              |
|  0|10.00|51502.7|  1|10.80|13.17|  44.100|  34.802| 1726.463|  -6.8|   0.3| 1818.1| 0.000|   0.0|  45.724|  41.753|172.04|   0.0|    0.0|    0.0|F2              |
|  0|10.00|51513.4|  1|11.40|13.76|  44.200|  35.329| 1667.662|  -6.9|   0.3| 1760.7| 0.000|   0.0|  45.790|  42.169|174.60|   0.0|    0.0|    0.0|F2              |
|  0|10.00|51524.2|  1|11.40|13.76|  44.201|  35.333| 1667.207|  -6.9|   0.3| 1760.2| 0.000|   0.0|  45.790|  42.169|174.66|   0.0|    0.0|    0.0|F2              |
|  0|10.00|51535.0|  1|11.40|13.77|  44.202|  35.337| 1666.775|  -6.9|   0.3| 1759.8| 0.000|   0.0|  45.790|  42.169|174.72|   0.0|    0.0|    0.0|F2              |
|  0|10.00|51546.9|  1| 9.60|12.07|  43.733|  33.708| 1850.200|  -6.9|   0.3| 1939.3| 0.000|   0.0|  45.551|  41.063|167.01|   0.0|    0.0|    0.0|F2              |
|  0|10.00|51557.5|  1|11.40|13.75|  44.516|  35.314| 1666.169|  -6.2|   0.3| 1759.1| 0.000|   0.0|  45.919|  42.063|174.77|   0.0|    0.0|    0.0|F2              |
|  0|10.00|51569.3|  1|10.80|13.20|  44.109|  34.833| 1723.024|  -6.8|   0.3| 1814.6| 0.000|   0.0|  45.750|  41.877|172.57|   0.0|    0.0|    0.0|F2              |
|  0|10.00|51580.1|  1|10.80|13.18|  44.343|  34.816| 1722.585|  -6.3|   0.3| 1814.1| 0.000|   0.0|  45.837|  41.753|172.52|   0.0|    0.0|    0.0|F2              |
|  0|10.00|51591.5|  1|11.40|13.79|  44.253|  35.352| 1664.544|  -6.8|   0.3| 1757.5| 0.000|   0.0|  45.797|  42.096|174.91|   0.0|    0.0|    0.0|F2              |
+---+-----+-------+---+-----+-----+--------+--------+---------+------+------+-------+------+------+--------+--------+------+------+-------+-------+----------------+
+---+-----+-------+---+-----+-----+--------+--------+---------+------+------+-------+------+------+--------+--------+------+------+-------+-------+----------------+
|0-x| fr  |  time |hop| d0  | d1  |   fi   |  teta  |   dist  |  at  |  dev |   p   |  df  |  l   |   fot  |   tot  |  rot | lsp  |   pf  |    s  |                |
+---+-----+-------+---+-----+-----+--------+--------+---------+------+------+-------+------+------+--------+--------+------+------+-------+-------+----------------+
|  0|10.00|51602.3|  1|11.40|13.77|  44.520|  35.330| 1664.446|  -6.2|   0.3| 1757.4| 0.000|   0.0|  45.923|  42.084|175.03|   0.0|    0.0|    0.0|F2              |
|  0|10.00|51614.2|  1| 9.60|12.07|  44.102|  33.711| 1846.364|  -6.2|   0.3| 1935.3| 0.000|   0.0|  45.748|  41.194|167.75|   0.0|    0.0|    0.0|F2              |
|  0|10.00|51626.1|  1|10.80|13.23|  44.118|  34.861| 1719.851|  -6.8|   0.3| 1811.4| 0.000|   0.0|  45.752|  41.888|172.90|   0.0|    0.0|    0.0|F2              |
|  0|10.00|51639.0|  1|10.20|12.68|  43.916|  34.325| 1780.654|  -6.9|   0.3| 1871.0| 0.000|   0.0|  45.635|  41.446|170.32|   0.0|    0.0|    0.0|F2              |
|  0|10.00|51649.8|  1|10.80|13.24|  44.075|  34.877| 1718.537|  -6.9|   0.3| 1810.1| 0.000|   0.0|  45.733|  41.901|173.02|   0.0|    0.0|    0.0|F2              |
|  0|10.00|51660.6|  1|11.40|13.83|  44.216|  35.381| 1661.749|  -6.9|   0.3| 1754.8| 0.000|   0.0|  45.776|  42.098|175.23|   0.0|    0.0|    0.0|F2              |
|  0|10.00|51671.3|  1|10.80|13.25|  44.077|  34.886| 1717.489|  -6.9|   0.3| 1809.0| 0.000|   0.0|  45.731|  41.891|173.13|   0.0|    0.0|    0.0|F2              |
|  0|10.00|51682.1|  1|10.80|13.26|  44.079|  34.891| 1716.897|  -6.9|   0.3| 1808.4| 0.000|   0.0|  45.740|  41.932|173.20|   0.0|    0.0|    0.0|F2              |
|  0|10.00|51694.0|  1|10.80|13.23|  44.404|  34.864| 1716.695|  -6.2|   0.3| 1808.1| 0.000|   0.0|  45.884|  41.887|173.35|   0.0|    0.0|    0.0|F2              |
|  0|10.00|51705.9|  1|10.20|12.71|  43.927|  34.359| 1776.886|  -6.9|   0.3| 1867.2| 0.000|   0.0|  45.638|  41.457|170.71|   0.0|    0.0|    0.0|F2              |
|  0|10.00|51717.9|  1|10.80|13.27|  44.130|  34.902| 1715.269|  -6.8|   0.3| 1806.7| 0.000|   0.0|  45.755|  41.899|173.39|   0.0|    0.0|    0.0|F2              |
|  0|10.00|51729.2|  1|12.00|14.44|  44.348|  35.864| 1607.332|  -6.9|   0.3| 1702.0| 0.000|   0.0|  45.861|  42.504|177.95|   0.0|    0.0|    0.0|F2              |
|  0|10.00|51742.1|  1|12.00|14.44|  44.392|  35.864| 1606.950|  -6.8|   0.3| 1701.6| 0.000|   0.0|  45.860|  42.399|177.89|   0.0|    0.0|    0.0|F2              |
|  0|10.00|51755.2|  1| 8.40|10.94|  44.184|  32.554| 1972.908|  -5.5|   0.3| 2058.7| 0.000|   0.0|  45.786|  40.463|162.87|   0.0|    0.0|    0.0|F2              |
|  0|10.00|51765.9|  1|10.80|13.29|  44.136|  34.923| 1712.858|  -6.8|   0.3| 1804.3| 0.000|   0.0|  45.764|  41.941|173.67|   0.0|    0.0|    0.0|F2              |
|  0|10.00|51777.7|  1|10.80|13.27|  44.414|  34.902| 1712.528|  -6.2|   0.3| 1803.9| 0.000|   0.0|  45.893|  41.929|173.82|   0.0|    0.0|    0.0|F2              |
|  0|10.00|51788.5|  1|10.80|13.27|  44.415|  34.906| 1712.011|  -6.2|   0.3| 1803.4| 0.000|   0.0|  45.893|  41.929|173.88|   0.0|    0.0|    0.0|F2              |
|  0|10.00|51800.4|  1|11.40|13.89|  44.274|  35.424| 1656.446|  -6.8|   0.3| 1749.5| 0.000|   0.0|  45.821|  42.210|176.13|   0.0|    0.0|    0.0|F2              |
|  0|10.00|51810.8|  1|10.80|13.31|  44.096|  34.947| 1710.637|  -6.9|   0.3| 1802.1| 0.000|   0.0|  45.742|  41.943|173.90|   0.0|    0.0|    0.0|F2              |
|  0|10.00|51823.3|  1|11.40|13.88|  44.541|  35.405| 1655.921|  -6.2|   0.3| 1748.9| 0.000|   0.0|  45.927|  42.106|176.16|   0.0|    0.0|    0.0|F2              |
+---+-----+-------+---+-----+-----+--------+--------+---------+------+------+-------+------+------+--------+--------+------+------+-------+-------+----------------+
+---+-----+-------+---+-----+-----+--------+--------+---------+------+------+-------+------+------+--------+--------+------+------+-------+-------+----------------+
|0-x| fr  |  time |hop| d0  | d1  |   fi   |  teta  |   dist  |  at  |  dev |   p   |  df  |  l   |   fot  |   tot  |  rot | lsp  |   pf  |    s  |                |
+---+-----+-------+---+-----+-----+--------+--------+---------+------+------+-------+------+------+--------+--------+------+------+-------+-------+----------------+
|  0|10.00|51834.0|  1|11.40|13.88|  44.498|  35.413| 1655.477|  -6.3|   0.3| 1748.4| 0.000|   0.0|  45.906|  42.108|176.20|   0.0|    0.0|    0.0|F2              |
|  0|10.00|51847.1|  1|10.80|13.33|  44.100|  34.962| 1708.954|  -6.9|   0.3| 1800.4| 0.000|   0.0|  45.721|  41.840|173.95|   0.0|    0.0|    0.0|F2              |
|  0|10.00|51857.8|  1|12.60|14.99|  44.520|  36.346| 1552.661|  -6.8|   0.3| 1648.5| 0.000|   0.0|  45.940|  42.788|180.51|   0.0|    0.0|    0.0|F2              |
|  0|10.00|51871.8|  1|12.00|14.49|  44.361|  35.908| 1602.460|  -6.9|   0.3| 1697.1| 0.000|   0.0|  45.864|  42.515|178.64|   0.0|    0.0|    0.0|F2              |
|  0|10.00|51886.4|  1|11.40|13.93|  44.283|  35.452| 1653.243|  -6.8|   0.3| 1746.3| 0.000|   0.0|  45.802|  42.118|176.39|   0.0|    0.0|    0.0|F2              |
|  0|10.00|51898.1|  1|11.40|13.91|  44.547|  35.430| 1653.165|  -6.2|   0.3| 1746.1| 0.000|   0.0|  45.928|  42.107|176.52|   0.0|    0.0|    0.0|F2              |
|  0|10.00|51909.6|  1|10.80|13.33|  44.429|  34.956| 1706.445|  -6.2|   0.3| 1797.8| 0.000|   0.0|  45.895|  41.941|174.53|   0.0|    0.0|    0.0|F2              |
|  0|10.00|51922.4|  1|11.40|13.92|  44.550|  35.438| 1652.271|  -6.2|   0.3| 1745.2| 0.000|   0.0|  45.924|  42.086|176.57|   0.0|    0.0|    0.0|F2              |
|  0|10.00|51937.6|  1| 9.60|12.25|  44.152|  33.888| 1826.396|  -6.2|   0.3| 1915.2| 0.000|   0.0|  45.742|  41.155|169.69|   0.0|    0.0|    0.0|F2              |
|  0|10.00|51948.4|  1|11.40|13.96|  44.245|  35.477| 1650.947|  -6.9|   0.3| 1744.0| 0.000|   0.0|  45.781|  42.121|176.67|   0.0|    0.0|    0.0|F2              |
|  0|10.00|51962.4|  1|11.40|13.94|  44.553|  35.450| 1650.858|  -6.2|   0.3| 1743.8| 0.000|   0.0|  45.930|  42.118|176.86|   0.0|    0.0|    0.0|F2              |
|  0|10.00|51973.2|  1|11.40|13.94|  44.554|  35.454| 1650.466|  -6.2|   0.3| 1743.4| 0.000|   0.0|  45.930|  42.118|176.91|   0.0|    0.0|    0.0|F2              |
|  0|10.00|51986.3|  1|10.20|12.80|  44.304|  34.463| 1761.754|  -6.2|   0.3| 1851.7| 0.000|   0.0|  45.809|  41.497|172.39|   0.0|    0.0|    0.0|F2              |
|  0|10.00|51999.2|  1|10.80|13.37|  44.439|  34.990| 1702.533|  -6.2|   0.3| 1793.8| 0.000|   0.0|  45.874|  41.827|174.79|   0.0|    0.0|    0.0|F2              |
|  0|10.00|52011.1|  1|10.80|13.38|  44.440|  34.995| 1702.005|  -6.2|   0.3| 1793.3| 0.000|   0.0|  45.874|  41.827|174.85|   0.0|    0.0|    0.0|F2              |
|  0|10.00|52023.0|  1|11.40|13.96|  44.559|  35.470| 1648.639|  -6.2|   0.3| 1741.6| 0.000|   0.0|  45.930|  42.118|177.14|   0.0|    0.0|    0.0|F2              |
|  0|10.00|52034.8|  1|10.80|13.41|  44.123|  35.035| 1700.699|  -6.9|   0.3| 1792.1| 0.000|   0.0|  45.726|  41.862|174.93|   0.0|    0.0|    0.0|F2              |
|  0|10.00|52046.8|  1|10.80|13.39|  44.443|  35.008| 1700.521|  -6.2|   0.3| 1791.8| 0.000|   0.0|  45.878|  41.848|175.08|   0.0|    0.0|    0.0|F2              |
|  0|10.00|52057.5|  1| 9.00|11.76|  44.016|  33.383| 1883.137|  -6.2|   0.3| 1970.5| 0.000|   0.0|  45.684|  40.867|167.86|   0.0|    0.0|    0.0|F2              |
|  0|10.00|52068.3|  1| 7.80|10.60|  43.675|  32.183| 2018.169|  -6.2|   0.3| 2102.5| 0.000|   0.0|  45.540|  40.167|161.99|   0.0|    0.0|    0.0|F2              |
+---+-----+-------+---+-----+-----+--------+--------+---------+------+------+-------+------+------+--------+--------+------+------+-------+-------+----------------+
+---+-----+-------+---+-----+-----+--------+--------+---------+------+------+-------+------+------+--------+--------+------+------+-------+-------+----------------+
|0-x| fr  |  time |hop| d0  | d1  |   fi   |  teta  |   dist  |  at  |  dev |   p   |  df  |  l   |   fot  |   tot  |  rot | lsp  |   pf  |    s  |                |
+---+-----+-------+---+-----+-----+--------+--------+---------+------+------+-------+------+------+--------+--------+------+------+-------+-------+----------------+
|  0|10.00|52080.1|  1|11.40|13.99|  44.564|  35.488| 1646.621|  -6.2|   0.3| 1739.6| 0.000|   0.0|  45.930|  42.118|177.41|   0.0|    0.0|    0.0|F2              |
|  0|10.00|52090.8|  1| 9.60|12.32|  44.175|  33.967| 1817.459|  -6.2|   0.3| 1906.2| 0.000|   0.0|  45.758|  41.240|170.72|   0.0|    0.0|    0.0|F2              |
|  0|10.00|52101.6|  1|10.20|12.85|  44.319|  34.519| 1755.533|  -6.2|   0.3| 1845.4| 0.000|   0.0|  45.843|  41.674|173.28|   0.0|    0.0|    0.0|F2              |
|  0|10.00|52113.4|  1|10.20|12.86|  44.321|  34.524| 1754.915|  -6.2|   0.3| 1844.8| 0.000|   0.0|  45.816|  41.529|173.11|   0.0|    0.0|    0.0|F2              |
|  0|10.00|52128.2|  1|11.40|14.01|  44.568|  35.503| 1644.967|  -6.2|   0.3| 1738.0| 0.000|   0.0|  45.932|  42.129|177.67|   0.0|    0.0|    0.0|F2              |
|  0|10.00|52140.1|  1|10.80|13.44|  44.453|  35.042| 1696.696|  -6.2|   0.3| 1788.0| 0.000|   0.0|  45.880|  41.859|175.57|   0.0|    0.0|    0.0|F2              |
|  0|10.00|52153.0|  1|13.80|16.25|  42.574|  37.495| 1455.919| -12.7|   0.3| 1555.2| 0.000|   0.0|  44.972|  43.298|184.24|   0.0|    0.0|    0.0|F2              |
|  0|10.00|52153.0|  1|12.00|14.58|  44.387|  35.993| 1592.881|  -6.9|   0.3| 1687.4| 0.000|   0.0|  45.867|  42.527|179.95|   0.0|    0.0|    0.0|F2              |
|  0|10.00|52164.8|  1|10.80|13.66|  41.900|  35.380| 1694.218| -11.9|   0.3| 1786.2| 0.000|   0.0|  44.652|  42.004|174.97|   0.0|    0.0|    0.0|F2              |
|  0|10.00|52164.8|  1|11.40|14.03|  44.571|  35.514| 1643.680|  -6.2|   0.3| 1736.7| 0.000|   0.0|  45.936|  42.150|177.90|   0.0|    0.0|    0.0|F2              |
|  0|10.00|52176.7|  1|14.40|16.75|  42.731|  37.826| 1417.658| -12.7|   0.3| 1518.8| 0.000|   0.0|  45.047|  43.500|185.90|   0.0|    0.0|    0.0|F2              |
|  0|10.00|52176.7|  1|12.00|14.59|  44.389|  36.000| 1592.006|  -6.9|   0.3| 1686.5| 0.000|   0.0|  45.869|  42.538|180.07|   0.0|    0.0|    0.0|F2              |
|  0|10.00|52187.5|  1|12.60|15.07|  44.505|  36.438| 1542.775|  -6.9|   0.3| 1638.4| 0.000|   0.0|  45.903|  42.699|181.62|   0.0|    0.0|    0.0|F2              |
|  0|10.00|52199.3|  1|12.00|14.59|  44.391|  36.008| 1591.175|  -6.9|   0.3| 1685.6| 0.000|   0.0|  45.869|  42.538|180.17|   0.0|    0.0|    0.0|F2              |
+==============================================================================+
|   Medium characteristics Sunspot number=  56.3 IG=  56.3   GMT time:14:29    |
|------------------------------------------------------------------------------|
|   S   | fh |  I  |   D  | fd |  hd | fe |  he | ff1 | hf1 | ff2 | hf2 |   Hi |
|-------+----+-----+------+----+-----+----+-----+-----+-----+-----+-----+------|
|    0.0|1.21| 50.6|   2.5|0.18| 81.9|2.18|110.0| 0.00|  0.0| 8.72|276.5|  76.6|
+==============================================================================+

+==================================+
|       Es-layer parametres        |
|----------------------------------|
|   S   | hEs | fbEs | f0Es | P Es |
|-------+-----+------+------+------|
|    0.0|117.2| 2.77 | 3.15 | 72.6 |
+==================================+

|  0|10.00|52211.1|  1|11.40|14.07|  44.270|  35.560| 1641.586|  -6.9|   0.3| 1734.7| 0.000|   0.0|  45.791|  42.164|178.04|   0.0|    0.0|    0.0|F2              |
|  0|10.00|52224.0|  1|13.20|15.58|  44.609|  36.832| 1498.380|  -6.9|   0.3| 1595.6| 0.000|   0.0|  45.957|  42.957|183.50|   0.0|    0.0|    0.0|F2              |
|  0|10.00|52234.7|  1|12.00|14.63|  44.104|  36.053| 1589.344|  -7.6|   0.3| 1683.9| 0.000|   0.0|  45.734|  42.562|180.27|   0.0|    0.0|    0.0|F2              |
|  0|10.00|52245.6|  1|12.60|15.09|  44.510|  36.453| 1541.101|  -6.9|   0.3| 1636.7| 0.000|   0.0|  45.930|  42.833|182.17|   0.0|    0.0|    0.0|F2              |
|  0|10.00|52256.4|  1|11.40|14.10|  44.275|  35.577| 1639.618|  -6.9|   0.3| 1732.7| 0.000|   0.0|  45.791|  42.164|178.26|   0.0|    0.0|    0.0|F2              |
|  0|10.00|52268.2|  1|11.40|14.10|  44.277|  35.582| 1639.092|  -6.9|   0.3| 1732.2| 0.000|   0.0|  45.821|  42.308|178.54|   0.0|    0.0|    0.0|F2              |
+---+-----+-------+---+-----+-----+--------+--------+---------+------+------+-------+------+------+--------+--------+------+------+-------+-------+----------------+
+---+-----+-------+---+-----+-----+--------+--------+---------+------+------+-------+------+------+--------+--------+------+------+-------+-------+----------------+
|0-x| fr  |  time |hop| d0  | d1  |   fi   |  teta  |   dist  |  at  |  dev |   p   |  df  |  l   |   fot  |   tot  |  rot | lsp  |   pf  |    s  |                |
+---+-----+-------+---+-----+-----+--------+--------+---------+------+------+-------+------+------+--------+--------+------+------+-------+-------+----------------+
|  0|10.00|52279.0|  1|12.00|14.62|  44.400|  36.037| 1587.827|  -6.9|   0.3| 1682.2| 0.000|   0.0|  45.873|  42.559|180.56|   0.0|    0.0|    0.0|F2              |
|  0|10.00|52290.8|  1|11.40|14.11|  44.279|  35.591| 1638.121|  -6.9|   0.3| 1731.2| 0.000|   0.0|  45.821|  42.308|178.66|   0.0|    0.0|    0.0|F2              |
|  0|10.00|52302.7|  1| 9.00|11.97|  43.334|  33.605| 1865.775|  -7.6|   0.3| 1953.3| 0.000|   0.0|  45.349|  40.945|169.23|   0.0|    0.0|    0.0|F2              |
|  0|10.00|52313.4|  1| 9.60|12.47|  43.863|  34.127| 1802.942|  -6.9|   0.3| 1891.6| 0.000|   0.0|  45.608|  41.320|172.00|   0.0|    0.0|    0.0|F2              |
|  0|10.00|52325.4|  1|13.20|15.76|  42.982|  37.080| 1493.290| -11.2|   0.3| 1590.9| 0.000|   0.0|  45.199|  43.148|183.76|   0.0|    0.0|    0.0|F2              |
|  0|10.00|52325.4|  1|10.20|12.97|  44.349|  34.630| 1742.946|  -6.2|   0.3| 1832.7| 0.000|   0.0|  45.834|  41.624|174.44|   0.0|    0.0|    0.0|F2              |
|  0|10.00|52337.3|  1| 9.00|11.97|  43.703|  33.590| 1863.495|  -6.9|   0.3| 1950.9| 0.000|   0.0|  45.523|  40.938|169.59|   0.0|    0.0|    0.0|F2              |
|  0|10.00|52348.0|  1| 8.40|11.44|  43.530|  33.029| 1926.792|  -6.9|   0.3| 2012.8| 0.000|   0.0|  45.439|  40.565|166.96|   0.0|    0.0|    0.0|F2              |
|  0|10.00|52358.4|  1|12.00|14.65|  44.408|  36.065| 1584.709|  -6.9|   0.3| 1679.1| 0.000|   0.0|  45.874|  42.559|180.93|   0.0|    0.0|    0.0|F2              |
|  0|10.00|52370.3|  1|12.00|14.74|  43.502|  36.177| 1583.176|  -9.1|   0.3| 1677.8| 0.000|   0.0|  45.441|  42.597|180.74|   0.0|    0.0|    0.0|F2              |
|  0|10.00|52370.3|  1|10.20|13.00|  44.356|  34.654| 1740.317|  -6.2|   0.3| 1830.1| 0.000|   0.0|  45.834|  41.624|174.69|   0.0|    0.0|    0.0|F2              |
|  0|10.00|52382.2|  1|12.60|15.14|  44.520|  36.486| 1537.293|  -6.9|   0.3| 1633.0| 0.000|   0.0|  45.906|  42.711|182.46|   0.0|    0.0|    0.0|F2              |
|  0|10.00|52382.2|  1|11.40|14.31|  42.453|  35.866| 1632.681| -11.2|   0.3| 1726.2| 0.000|   0.0|  44.908|  42.287|178.43|   0.0|    0.0|    0.0|F2              |
|  0|10.00|52394.0|  1| 9.60|12.72|  41.454|  34.486| 1797.568| -11.9|   0.3| 1886.8| 0.000|   0.0|  44.483|  41.553|171.79|   0.0|    0.0|    0.0|F2              |
|  0|10.00|52394.0|  1|10.20|13.02|  44.359|  34.666| 1738.999|  -6.2|   0.3| 1828.7| 0.000|   0.0|  45.858|  41.749|174.97|   0.0|    0.0|    0.0|F2              |
|  0|10.00|52405.9|  1|10.80|13.62|  44.167|  35.183| 1683.989|  -6.9|   0.3| 1775.4| 0.000|   0.0|  45.740|  41.927|176.99|   0.0|    0.0|    0.0|F2              |
|  0|10.00|52417.8|  1|10.80|13.80|  41.953|  35.485| 1682.073| -11.9|   0.3| 1774.1| 0.000|   0.0|  44.672|  42.057|176.42|   0.0|    0.0|    0.0|F2              |
|  0|10.00|52417.8|  1|10.20|13.06|  44.033|  34.710| 1737.289|  -6.9|   0.3| 1827.1| 0.000|   0.0|  45.704|  41.763|175.00|   0.0|    0.0|    0.0|F2              |
|  0|10.00|52430.7|  1| 9.60|12.51|  44.229|  34.165| 1795.211|  -6.2|   0.3| 1883.6| 0.000|   0.0|  45.770|  41.296|172.75|   0.0|    0.0|    0.0|F2              |
|  0|10.00|52441.5|  1|10.80|13.61|  44.486|  35.165| 1682.884|  -6.2|   0.3| 1774.3| 0.000|   0.0|  45.895|  41.934|177.32|   0.0|    0.0|    0.0|F2              |
+---+-----+-------+---+-----+-----+--------+--------+---------+------+------+-------+------+------+--------+--------+------+------+-------+-------+----------------+
+---+-----+-------+---+-----+-----+--------+--------+---------+------+------+-------+------+------+--------+--------+------+------+-------+-------+----------------+
|0-x| fr  |  time |hop| d0  | d1  |   fi   |  teta  |   dist  |  at  |  dev |   p   |  df  |  l   |   fot  |   tot  |  rot | lsp  |   pf  |    s  |                |
+---+-----+-------+---+-----+-----+--------+--------+---------+------+------+-------+------+------+--------+--------+------+------+-------+-------+----------------+
|  0|10.00|52452.2|  1| 9.60|12.55|  43.889|  34.211| 1793.533|  -6.9|   0.3| 1882.0| 0.000|   0.0|  45.604|  41.300|172.73|   0.0|    0.0|    0.0|F2              |
|  0|10.00|52463.0|  1|12.60|15.25|  43.656|  36.614| 1533.637|  -9.1|   0.3| 1629.5| 0.000|   0.0|  45.516|  42.870|182.91|   0.0|    0.0|    0.0|F2              |
|  0|10.00|52474.8|  1| 9.60|12.81|  40.769|  34.651| 1792.885| -13.4|   0.3| 1882.3| 0.000|   0.0|  44.096|  41.493|171.93|   0.0|    0.0|    0.0|F2              |
|  0|10.00|52474.8|  1|11.40|14.20|  44.300|  35.661| 1630.139|  -6.9|   0.3| 1723.2| 0.000|   0.0|  45.821|  42.310|179.62|   0.0|    0.0|    0.0|F2              |
|  0|10.00|52498.6|  1|11.40|14.44|  41.558|  36.066| 1627.636| -13.4|   0.3| 1721.4| 0.000|   0.0|  44.503|  42.465|179.00|   0.0|    0.0|    0.0|F2              |
|  0|10.00|52509.4|  1|13.20|15.84|  42.738|  37.160| 1488.872| -11.9|   0.3| 1586.6| 0.000|   0.0|  45.092|  43.219|184.56|   0.0|    0.0|    0.0|F2              |
|  0|10.00|52520.1|  1|11.40|14.19|  44.606|  35.648| 1628.649|  -6.2|   0.3| 1721.6| 0.000|   0.0|  45.972|  42.338|179.96|   0.0|    0.0|    0.0|F2              |
|  0|10.00|52531.9|  1|10.80|13.69|  44.182|  35.233| 1678.367|  -6.9|   0.3| 1769.9| 0.000|   0.0|  45.764|  42.042|177.85|   0.0|    0.0|    0.0|F2              |
|  0|10.00|52531.9|  1|10.80|13.69|  44.182|  35.233| 1678.367|  -6.9|   0.3| 1769.9| 0.000|   0.0|  45.764|  42.042|177.85|   0.0|    0.0|    0.0|F2              |
|  0|10.00|52544.8|  1|10.80|13.70|  44.183|  35.238| 1677.800|  -6.9|   0.3| 1769.3| 0.000|   0.0|  45.764|  42.042|177.92|   0.0|    0.0|    0.0|F2              |
|  0|10.00|52555.7|  1|12.00|14.72|  44.426|  36.127| 1577.686|  -6.9|   0.3| 1672.0| 0.000|   0.0|  45.860|  42.489|181.63|   0.0|    0.0|    0.0|F2              |
|  0|10.00|52555.7|  1|13.20|15.84|  43.002|  37.123| 1488.259| -11.2|   0.3| 1585.9| 0.000|   0.0|  45.176|  43.079|184.56|   0.0|    0.0|    0.0|F2              |
|  0|10.00|52567.1|  1| 9.60|12.51|  44.986|  34.181| 1787.354|  -4.7|   0.3| 1875.5| 0.000|   0.0|  46.131|  41.332|173.87|   0.0|    0.0|    0.0|F2              |
|  0|10.00|52579.6|  1|12.60|15.24|  44.256|  36.564| 1531.555|  -7.6|   0.3| 1627.4| 0.000|   0.0|  45.781|  42.766|183.39|   0.0|    0.0|    0.0|F2              |
|  0|10.00|52592.6|  1| 7.80|11.06|  43.792|  32.577| 1973.793|  -6.2|   0.3| 2058.3| 0.000|   0.0|  45.555|  40.237|166.13|   0.0|    0.0|    0.0|F2              |
|  0|10.00|52605.5|  1|10.20|13.12|  44.713|  34.734| 1728.390|  -5.5|   0.3| 1818.1| 0.000|   0.0|  45.999|  41.655|176.15|   0.0|    0.0|    0.0|F2              |
|  0|10.00|52617.4|  1|12.00|14.97|  41.808|  36.534| 1573.043| -13.4|   0.3| 1668.0| 0.000|   0.0|  44.584|  42.660|181.24|   0.0|    0.0|    0.0|F2              |
|  0|10.00|52617.4|  1|11.40|14.23|  44.615|  35.684| 1624.619|  -6.2|   0.3| 1717.5| 0.000|   0.0|  45.974|  42.349|180.46|   0.0|    0.0|    0.0|F2              |
|  0|10.00|52629.3|  1|10.80|13.72|  44.506|  35.239| 1674.547|  -6.2|   0.3| 1766.0| 0.000|   0.0|  45.915|  42.039|178.49|   0.0|    0.0|    0.0|F2              |
|  0|10.00|52642.2|  1| 7.80|11.37|  40.233|  33.077| 1969.597| -12.7|   0.3| 2055.0| 0.000|   0.0|  43.833|  40.443|165.13|   0.0|    0.0|    0.0|F2              |
+---+-----+-------+---+-----+-----+--------+--------+---------+------+------+-------+------+------+--------+--------+------+------+-------+-------+----------------+
+---+-----+-------+---+-----+-----+--------+--------+---------+------+------+-------+------+------+--------+--------+------+------+-------+-------+----------------+
|0-x| fr  |  time |hop| d0  | d1  |   fi   |  teta  |   dist  |  at  |  dev |   p   |  df  |  l   |   fot  |   tot  |  rot | lsp  |   pf  |    s  |                |
+---+-----+-------+---+-----+-----+--------+--------+---------+------+------+-------+------+------+--------+--------+------+------+-------+-------+----------------+
|  0|10.00|52642.2|  1|11.40|14.24|  44.618|  35.692| 1623.625|  -6.2|   0.3| 1716.5| 0.000|   0.0|  45.951|  42.226|180.36|   0.0|    0.0|    0.0|F2              |
|  0|10.00|52652.8|  1|12.00|14.73|  44.722|  36.124| 1575.121|  -6.2|   0.3| 1669.3| 0.000|   0.0|  46.021|  42.600|182.43|   0.0|    0.0|    0.0|F2              |
|  0|10.00|52664.7|  1|10.20|13.15|  44.719|  34.760| 1725.447|  -5.5|   0.3| 1815.2| 0.000|   0.0|  46.001|  41.666|176.50|   0.0|    0.0|    0.0|F2              |
|  0|10.00|52677.7|  1|12.60|15.27|  44.264|  36.587| 1529.023|  -7.6|   0.3| 1624.8| 0.000|   0.0|  45.782|  42.767|183.80|   0.0|    0.0|    0.0|F2              |
|  0|10.00|52703.2|  1|10.80|13.76|  44.514|  35.268| 1671.290|  -6.2|   0.3| 1762.8| 0.000|   0.0|  45.923|  42.081|178.91|   0.0|    0.0|    0.0|F2              |
|  0|10.00|52715.2|  1|12.00|14.78|  44.480|  36.168| 1572.699|  -6.8|   0.3| 1667.0| 0.000|   0.0|  45.903|  42.601|182.64|   0.0|    0.0|    0.0|F2              |
|  0|10.00|52727.0|  1|12.60|15.24|  44.781|  36.539| 1528.916|  -6.3|   0.3| 1624.7| 0.000|   0.0|  46.049|  42.846|184.43|   0.0|    0.0|    0.0|F2              |
|  0|10.00|52738.9|  1|11.40|14.31|  44.327|  35.757| 1619.377|  -6.9|   0.3| 1712.3| 0.000|   0.0|  45.809|  42.250|180.75|   0.0|    0.0|    0.0|F2              |
|  0|10.00|52752.9|  1|12.00|14.82|  44.155|  36.215| 1570.982|  -7.6|   0.3| 1665.3| 0.000|   0.0|  45.726|  42.525|182.47|   0.0|    0.0|    0.0|F2              |
|  0|10.00|52765.9|  1|10.20|13.36|  43.069|  34.986| 1718.528|  -9.1|   0.3| 1808.7| 0.000|   0.0|  45.201|  41.738|176.50|   0.0|    0.0|    0.0|F2              |
|  0|10.00|52765.9|  1|11.40|14.29|  44.629|  35.735| 1618.833|  -6.2|   0.3| 1711.7| 0.000|   0.0|  45.980|  42.381|181.21|   0.0|    0.0|    0.0|F2              |
|  0|10.00|52778.8|  1|10.80|13.83|  44.210|  35.328| 1667.603|  -6.9|   0.3| 1759.2| 0.000|   0.0|  45.750|  41.972|179.00|   0.0|    0.0|    0.0|F2              |
|  0|10.00|52796.2|  1|10.20|13.29|  44.084|  34.880| 1718.106|  -6.9|   0.3| 1808.0| 0.000|   0.0|  45.718|  41.829|177.19|   0.0|    0.0|    0.0|F2              |
|  0|10.00|52810.2|  1|12.00|14.79|  44.734|  36.168| 1570.266|  -6.2|   0.3| 1664.5| 0.000|   0.0|  46.024|  42.611|183.17|   0.0|    0.0|    0.0|F2              |
|  0|10.00|52822.0|  1|10.80|13.82|  44.526|  35.313| 1666.237|  -6.2|   0.3| 1757.7| 0.000|   0.0|  45.902|  41.968|179.33|   0.0|    0.0|    0.0|F2              |
|  0|10.00|52833.8|  1|10.20|13.29|  44.412|  34.863| 1716.791|  -6.2|   0.3| 1806.6| 0.000|   0.0|  45.871|  41.815|177.51|   0.0|    0.0|    0.0|F2              |
|  0|10.00|52853.3|  1|11.40|14.36|  44.338|  35.795| 1615.109|  -6.9|   0.3| 1708.1| 0.000|   0.0|  45.839|  42.395|181.56|   0.0|    0.0|    0.0|F2              |
|  0|10.00|52865.3|  1|12.00|14.81|  44.738|  36.183| 1568.570|  -6.2|   0.3| 1662.8| 0.000|   0.0|  46.026|  42.622|183.44|   0.0|    0.0|    0.0|F2              |
|  0|10.00|52879.2|  1|10.80|13.85|  44.531|  35.334| 1663.832|  -6.2|   0.3| 1755.3| 0.000|   0.0|  45.927|  42.103|179.86|   0.0|    0.0|    0.0|F2              |
|  0|10.00|52893.3|  1|11.40|14.32|  44.939|  35.747| 1614.782|  -5.5|   0.3| 1707.6| 0.000|   0.0|  46.117|  42.339|181.90|   0.0|    0.0|    0.0|F2              |
+---+-----+-------+---+-----+-----+--------+--------+---------+------+------+-------+------+------+--------+--------+------+------+-------+-------+----------------+
+---+-----+-------+---+-----+-----+--------+--------+---------+------+------+-------+------+------+--------+--------+------+------+-------+-------+----------------+
|0-x| fr  |  time |hop| d0  | d1  |   fi   |  teta  |   dist  |  at  |  dev |   p   |  df  |  l   |   fot  |   tot  |  rot | lsp  |   pf  |    s  |                |
+---+-----+-------+---+-----+-----+--------+--------+---------+------+------+-------+------+------+--------+--------+------+------+-------+-------+----------------+
|  0|10.00|52907.4|  1| 9.60|12.82|  43.962|  34.453| 1766.187|  -6.9|   0.3| 1854.5| 0.000|   0.0|  45.632|  41.429|175.49|   0.0|    0.0|    0.0|F2              |
|  0|10.00|52919.2|  1|13.20|15.80|  44.913|  36.923| 1485.467|  -6.2|   0.3| 1583.1| 0.000|   0.0|  46.119|  43.123|186.98|   0.0|    0.0|    0.0|F2              |
|  0|10.00|52934.4|  1|10.80|13.91|  44.227|  35.387| 1661.041|  -6.9|   0.3| 1752.6| 0.000|   0.0|  45.776|  42.096|180.04|   0.0|    0.0|    0.0|F2              |
|  0|10.00|52947.4|  1|12.00|14.84|  44.744|  36.204| 1566.146|  -6.2|   0.3| 1660.4| 0.000|   0.0|  46.032|  42.653|183.84|   0.0|    0.0|    0.0|F2              |
|  0|10.00|52970.0|  1|12.00|14.87|  44.459|  36.241| 1564.864|  -6.9|   0.3| 1659.2| 0.000|   0.0|  45.898|  42.676|183.87|   0.0|    0.0|    0.0|F2              |
|  0|10.00|52981.9|  1|10.80|13.93|  44.232|  35.404| 1659.116|  -6.9|   0.3| 1750.7| 0.000|   0.0|  45.759|  42.014|180.11|   0.0|    0.0|    0.0|F2              |
|  0|10.00|52997.1|  1|12.00|14.86|  44.747|  36.217| 1564.686|  -6.2|   0.3| 1658.9| 0.000|   0.0|  46.028|  42.633|184.05|   0.0|    0.0|    0.0|F2              |
|  0|10.00|53010.0|  1|12.00|14.89|  44.462|  36.251| 1563.758|  -6.9|   0.3| 1658.1| 0.000|   0.0|  45.892|  42.646|184.03|   0.0|    0.0|    0.0|F2              |
|  0|10.00|53020.7|  1|11.40|14.40|  44.651|  35.816| 1609.720|  -6.2|   0.3| 1702.6| 0.000|   0.0|  45.983|  42.393|182.47|   0.0|    0.0|    0.0|F2              |
|  0|10.00|53033.6|  1|10.20|13.44|  44.113|  34.976| 1707.226|  -6.9|   0.3| 1797.2| 0.000|   0.0|  45.724|  41.851|178.54|   0.0|    0.0|    0.0|F2              |
|  0|10.00|53044.3|  1|14.40|16.84|  44.817|  37.614| 1410.326|  -6.9|   0.3| 1511.9| 0.000|   0.0|  46.050|  43.408|190.22|   0.0|    0.0|    0.0|F2              |
|  0|10.00|53057.0|  1|11.40|14.44|  44.357|  35.858| 1607.923|  -6.9|   0.3| 1700.9| 0.000|   0.0|  45.848|  42.437|182.58|   0.0|    0.0|    0.0|F2              |
|  0|10.00|53068.8|  1|12.00|14.91|  44.426|  36.270| 1561.969|  -7.0|   0.3| 1656.3| 0.000|   0.0|  45.881|  42.689|184.32|   0.0|    0.0|    0.0|F2              |
|  0|10.00|53081.8|  1|10.20|13.44|  44.439|  34.962| 1705.603|  -6.2|   0.3| 1795.6| 0.000|   0.0|  45.857|  41.734|178.73|   0.0|    0.0|    0.0|F2              |
|  0|10.00|53093.2|  1|13.20|15.86|  44.921|  36.949| 1482.524|  -6.2|   0.3| 1580.3| 0.000|   0.0|  46.121|  43.134|187.78|   0.0|    0.0|    0.0|F2              |
|  0|10.00|53114.7|  1|15.60|17.87|  44.729|  38.228| 1343.842|  -7.6|   0.3| 1449.5| 0.000|   0.0|  46.040|  43.918|193.66|   0.0|    0.0|    0.0|F2              |
|  0|10.00|53127.8|  1|12.60|15.41|  44.567|  36.641| 1519.805|  -6.9|   0.3| 1615.9| 0.000|   0.0|  45.925|  42.797|185.97|   0.0|    0.0|    0.0|F2              |
|  0|10.00|53138.5|  1|10.80|14.01|  44.248|  35.458| 1652.984|  -6.9|   0.3| 1744.6| 0.000|   0.0|  45.762|  42.026|180.89|   0.0|    0.0|    0.0|F2              |
|  0|10.00|53150.4|  1|13.20|15.91|  44.658|  36.987| 1480.874|  -6.9|   0.3| 1578.8| 0.000|   0.0|  45.996|  43.146|187.96|   0.0|    0.0|    0.0|F2              |
|  0|10.00|53161.1|  1|13.20|15.91|  44.658|  36.989| 1480.688|  -6.9|   0.3| 1578.6| 0.000|   0.0|  45.996|  43.146|188.01|   0.0|    0.0|    0.0|F2              |
+---+-----+-------+---+-----+-----+--------+--------+---------+------+------+-------+------+------+--------+--------+------+------+-------+-------+----------------+
+---+-----+-------+---+-----+-----+--------+--------+---------+------+------+-------+------+------+--------+--------+------+------+-------+-------+----------------+
|0-x| fr  |  time |hop| d0  | d1  |   fi   |  teta  |   dist  |  at  |  dev |   p   |  df  |  l   |   fot  |   tot  |  rot | lsp  |   pf  |    s  |                |
+---+-----+-------+---+-----+-----+--------+--------+---------+------+------+-------+------+------+--------+--------+------+------+-------+-------+----------------+
|  0|10.00|53174.1|  1|12.60|15.38|  45.120|  36.589| 1520.433|  -5.5|   0.3| 1616.5| 0.000|   0.0|  46.190|  42.774|186.34|   0.0|    0.0|    0.0|F2              |
|  0|10.00|53184.8|  1|12.00|14.95|  44.475|  36.293| 1558.976|  -6.9|   0.3| 1653.3| 0.000|   0.0|  45.876|  42.565|184.58|   0.0|    0.0|    0.0|F2              |
|  0|10.00|53195.7|  1|14.40|16.86|  45.072|  37.601| 1409.286|  -6.2|   0.3| 1510.9| 0.000|   0.0|  46.196|  43.540|191.27|   0.0|    0.0|    0.0|F2              |
|  0|10.00|53207.6|  1|12.60|15.45|  44.571|  36.654| 1518.291|  -6.9|   0.3| 1614.4| 0.000|   0.0|  45.925|  42.797|186.33|   0.0|    0.0|    0.0|F2              |
|  0|10.00|53220.5|  1|11.40|14.48|  44.667|  35.878| 1602.774|  -6.2|   0.3| 1695.6| 0.000|   0.0|  45.987|  42.415|183.45|   0.0|    0.0|    0.0|F2              |
|  0|10.00|53231.3|  1|12.00|14.97|  44.478|  36.303| 1557.815|  -6.9|   0.3| 1652.2| 0.000|   0.0|  45.903|  42.698|185.09|   0.0|    0.0|    0.0|F2              |
|  0|10.00|53242.0|  1|12.60|15.46|  44.573|  36.660| 1517.666|  -6.9|   0.3| 1613.8| 0.000|   0.0|  45.925|  42.798|186.48|   0.0|    0.0|    0.0|F2              |
|  0|10.00|53252.8|  1|13.80|16.39|  45.040|  37.294| 1443.389|  -6.1|   0.3| 1543.2| 0.000|   0.0|  46.178|  43.344|190.04|   0.0|    0.0|    0.0|F2              |
|  0|10.00|53263.5|  1|11.40|14.52|  44.376|  35.922| 1600.762|  -6.9|   0.3| 1693.7| 0.000|   0.0|  45.847|  42.428|183.56|   0.0|    0.0|    0.0|F2              |
|  0|10.00|53274.3|  1|12.00|14.99|  44.481|  36.312| 1556.847|  -6.9|   0.3| 1651.3| 0.000|   0.0|  45.903|  42.698|185.29|   0.0|    0.0|    0.0|F2              |
|  0|10.00|53285.2|  1|11.40|14.56|  44.085|  35.962| 1599.504|  -7.6|   0.3| 1692.5| 0.000|   0.0|  45.707|  42.443|183.58|   0.0|    0.0|    0.0|F2              |
|  0|10.00|53295.9|  1|12.60|15.45|  44.850|  36.638| 1517.417|  -6.2|   0.3| 1613.6| 0.000|   0.0|  46.060|  42.796|186.84|   0.0|    0.0|    0.0|F2              |
|  0|10.00|53306.7|  1|12.00|15.00|  44.483|  36.318| 1556.137|  -6.9|   0.3| 1650.6| 0.000|   0.0|  45.903|  42.699|185.44|   0.0|    0.0|    0.0|F2              |
|  0|10.00|53317.5|  1|12.60|15.49|  44.577|  36.672| 1516.262|  -6.9|   0.3| 1612.5| 0.000|   0.0|  45.927|  42.808|186.86|   0.0|    0.0|    0.0|F2              |
|  0|10.00|53328.2|  1|10.80|14.09|  44.311|  35.516| 1645.926|  -6.8|   0.3| 1737.5| 0.000|   0.0|  45.811|  42.159|182.13|   0.0|    0.0|    0.0|F2              |
|  0|10.00|53339.0|  1|12.00|15.01|  44.525|  36.320| 1555.537|  -6.8|   0.3| 1650.0| 0.000|   0.0|  45.923|  42.697|185.61|   0.0|    0.0|    0.0|F2              |
|  0|10.00|53349.8|  1|12.60|15.47|  44.853|  36.647| 1516.393|  -6.2|   0.3| 1612.6| 0.000|   0.0|  46.060|  42.796|187.08|   0.0|    0.0|    0.0|F2              |
|  0|10.00|53363.8|  1|11.40|14.50|  44.973|  35.891| 1598.702|  -5.5|   0.3| 1691.5| 0.000|   0.0|  46.130|  42.415|184.21|   0.0|    0.0|    0.0|F2              |
|  0|10.00|53375.8|  1|13.80|16.44|  45.008|  37.313| 1441.625|  -6.1|   0.4| 1541.5| 0.000|   0.0|  46.163|  43.356|190.58|   0.0|    0.0|    0.0|F2              |
|  0|10.00|53387.6|  1| 9.60|13.11|  44.356|  34.631| 1742.772|  -6.2|   0.3| 1831.3| 0.000|   0.0|  45.831|  41.605|178.56|   0.0|    0.0|    0.0|F2              |
+---+-----+-------+---+-----+-----+--------+--------+---------+------+------+-------+------+------+--------+--------+------+------+-------+-------+----------------+
+---+-----+-------+---+-----+-----+--------+--------+---------+------+------+-------+------+------+--------+--------+------+------+-------+-------+----------------+
|0-x| fr  |  time |hop| d0  | d1  |   fi   |  teta  |   dist  |  at  |  dev |   p   |  df  |  l   |   fot  |   tot  |  rot | lsp  |   pf  |    s  |                |
+---+-----+-------+---+-----+-----+--------+--------+---------+------+------+-------+------+------+--------+--------+------+------+-------+-------+----------------+
|  0|10.00|53399.5|  1|12.60|15.52|  44.582|  36.686| 1514.750|  -6.9|   0.3| 1611.1| 0.000|   0.0|  45.927|  42.809|187.22|   0.0|    0.0|    0.0|F2              |
|  0|10.00|53411.4|  1|11.40|14.57|  44.431|  35.960| 1596.017|  -6.8|   0.3| 1688.9| 0.000|   0.0|  45.878|  42.479|184.30|   0.0|    0.0|    0.0|F2              |
|  0|10.00|53423.3|  1|12.60|15.53|  44.583|  36.690| 1514.292|  -6.9|   0.3| 1610.6| 0.000|   0.0|  45.927|  42.809|187.32|   0.0|    0.0|    0.0|F2              |
|  0|10.00|53436.4|  1|10.80|14.11|  44.583|  35.527| 1642.140|  -6.2|   0.3| 1733.7| 0.000|   0.0|  45.938|  42.159|182.76|   0.0|    0.0|    0.0|F2              |
|  0|10.00|53448.2|  1|12.60|15.51|  44.858|  36.663| 1514.531|  -6.2|   0.3| 1610.9| 0.000|   0.0|  46.060|  42.797|187.52|   0.0|    0.0|    0.0|F2              |
|  0|10.00|53460.1|  1|14.40|16.99|  44.584|  37.686| 1404.892|  -7.6|   0.3| 1506.9| 0.000|   0.0|  45.962|  43.564|192.28|   0.0|    0.0|    0.0|F2              |
|  0|10.00|53472.1|  1| 9.60|13.10|  45.027|  34.605| 1740.258|  -4.7|   0.4| 1828.7| 0.000|   0.0|  46.130|  41.467|179.04|   0.0|    0.0|    0.0|F2              |
|  0|10.00|53483.9|  1|11.40|14.60|  44.395|  35.984| 1593.707|  -6.9|   0.3| 1686.6| 0.000|   0.0|  45.858|  42.481|184.63|   0.0|    0.0|    0.0|F2              |
|  0|10.00|53497.0|  1|12.60|15.53|  44.860|  36.672| 1513.594|  -6.2|   0.3| 1610.0| 0.000|   0.0|  46.062|  42.807|187.77|   0.0|    0.0|    0.0|F2              |
|  0|10.00|53509.9|  1|12.00|15.06|  44.778|  36.325| 1552.572|  -6.2|   0.3| 1647.2| 0.000|   0.0|  46.042|  42.708|186.50|   0.0|    0.0|    0.0|F2              |
|  0|10.00|53522.5|  1|10.80|14.15|  44.591|  35.557| 1638.781|  -6.2|   0.3| 1730.3| 0.000|   0.0|  45.942|  42.180|183.20|   0.0|    0.0|    0.0|F2              |
|  0|10.00|53536.7|  1|12.00|15.07|  44.779|  36.329| 1552.052|  -6.2|   0.3| 1646.7| 0.000|   0.0|  46.020|  42.585|186.36|   0.0|    0.0|    0.0|F2              |
|  0|10.00|53560.1|  1|10.20|13.80|  43.544|  35.243| 1684.428|  -8.3|   0.3| 1774.9| 0.000|   0.0|  45.445|  41.980|181.27|   0.0|    0.0|    0.0|F2              |
|  0|10.00|53573.1|  1| 9.60|13.28|  43.721|  34.774| 1733.559|  -7.6|   0.3| 1822.3| 0.000|   0.0|  45.496|  41.545|179.20|   0.0|    0.0|    0.0|F2              |
|  0|10.00|53588.4|  1|12.00|15.15|  44.219|  36.404| 1549.540|  -7.6|   0.3| 1644.3| 0.000|   0.0|  45.747|  42.612|186.41|   0.0|    0.0|    0.0|F2              |
|  0|10.00|53599.1|  1|11.40|14.62|  44.695|  35.979| 1591.340|  -6.2|   0.3| 1684.3| 0.000|   0.0|  45.999|  42.479|185.27|   0.0|    0.0|    0.0|F2              |
|  0|10.00|53610.9|  1|11.40|14.63|  44.696|  35.982| 1591.043|  -6.2|   0.3| 1684.0| 0.000|   0.0|  45.999|  42.479|185.33|   0.0|    0.0|    0.0|F2              |
|  0|10.00|53623.8|  1|11.40|14.66|  44.405|  36.017| 1589.976|  -6.9|   0.3| 1683.0| 0.000|   0.0|  45.860|  42.492|185.30|   0.0|    0.0|    0.0|F2              |
|  0|10.00|53635.4|  1|10.80|14.22|  44.298|  35.627| 1633.969|  -6.9|   0.3| 1725.5| 0.000|   0.0|  45.800|  42.204|183.66|   0.0|    0.0|    0.0|F2              |
|  0|10.00|53648.3|  1| 7.80|11.82|  43.988|  33.262| 1896.734|  -6.2|   0.3| 1981.1| 0.000|   0.0|  45.614|  40.521|173.34|   0.0|    0.0|    0.0|F2              |
+---+-----+-------+---+-----+-----+--------+--------+---------+------+------+-------+------+------+--------+--------+------+------+-------+-------+----------------+
+---+-----+-------+---+-----+-----+--------+--------+---------+------+------+-------+------+------+--------+--------+------+------+-------+-------+----------------+
|0-x| fr  |  time |hop| d0  | d1  |   fi   |  teta  |   dist  |  at  |  dev |   p   |  df  |  l   |   fot  |   tot  |  rot | lsp  |   pf  |    s  |                |
+---+-----+-------+---+-----+-----+--------+--------+---------+------+------+-------+------+------+--------+--------+------+------+-------+-------+----------------+
|  0|10.00|53660.2|  1|13.20|16.08|  44.682|  37.061| 1472.445|  -6.8|   0.4| 1570.8| 0.000|   0.0|  45.975|  43.036|189.95|   0.0|    0.0|    0.0|F2              |
|  0|10.00|53673.1|  1|10.80|14.23|  44.302|  35.639| 1632.569|  -6.9|   0.3| 1724.1| 0.000|   0.0|  45.800|  42.205|183.83|   0.0|    0.0|    0.0|F2              |
|  0|10.00|53687.2|  1|11.40|14.69|  44.409|  36.031| 1588.448|  -6.9|   0.3| 1681.5| 0.000|   0.0|  45.835|  42.369|185.32|   0.0|    0.0|    0.0|F2              |
|  0|10.00|53699.0|  1|11.40|14.67|  44.701|  36.001| 1588.921|  -6.2|   0.3| 1681.9| 0.000|   0.0|  45.977|  42.356|185.46|   0.0|    0.0|    0.0|F2              |
|  0|10.00|53710.8|  1|11.40|14.70|  44.411|  36.036| 1587.905|  -6.9|   0.3| 1681.0| 0.000|   0.0|  45.836|  42.370|185.43|   0.0|    0.0|    0.0|F2              |
|  0|10.00|53722.7|  1|10.80|14.22|  44.609|  35.623| 1631.386|  -6.2|   0.3| 1722.8| 0.000|   0.0|  45.949|  42.212|184.18|   0.0|    0.0|    0.0|F2              |
|  0|10.00|53734.5|  1|14.40|17.03|  45.090|  37.655| 1403.216|  -6.1|   0.4| 1505.4| 0.000|   0.0|  46.197|  43.542|193.64|   0.0|    0.0|    0.0|F2              |
|  0|10.00|53748.6|  1|11.40|14.72|  44.413|  36.044| 1587.006|  -6.9|   0.3| 1680.1| 0.000|   0.0|  45.836|  42.370|185.60|   0.0|    0.0|    0.0|F2              |
|  0|10.00|53761.6|  1|11.40|14.70|  44.705|  36.013| 1587.509|  -6.1|   0.4| 1680.6| 0.000|   0.0|  45.977|  42.357|185.75|   0.0|    0.0|    0.0|F2              |
|  0|10.00|53773.4|  1|11.40|14.70|  44.706|  36.016| 1587.231|  -6.1|   0.4| 1680.3| 0.000|   0.0|  45.977|  42.357|185.81|   0.0|    0.0|    0.0|F2              |
|  0|10.00|53784.2|  1|11.40|14.68|  44.998|  35.987| 1587.838|  -5.4|   0.4| 1680.9| 0.000|   0.0|  46.119|  42.345|185.95|   0.0|    0.0|    0.0|F2              |
|  0|10.00|53796.1|  1|10.80|14.25|  44.615|  35.644| 1628.984|  -6.2|   0.3| 1720.4| 0.000|   0.0|  45.947|  42.202|184.51|   0.0|    0.0|    0.0|F2              |
|  0|10.00|53806.9|  1|10.80|14.26|  44.616|  35.647| 1628.624|  -6.2|   0.3| 1720.1| 0.000|   0.0|  45.947|  42.203|184.56|   0.0|    0.0|    0.0|F2              |
|  0|10.00|53818.8|  1|10.80|14.32|  44.015|  35.718| 1626.945|  -7.6|   0.3| 1718.5| 0.000|   0.0|  45.670|  42.282|184.49|   0.0|    0.0|    0.0|F2              |
|  0|10.00|53831.8|  1| 9.00|12.89|  44.287|  34.357| 1773.612|  -6.2|   0.3| 1860.8| 0.000|   0.0|  45.763|  41.260|178.83|   0.0|    0.0|    0.0|F2              |
|  0|10.00|53842.5|  1|12.60|15.68|  44.606|  36.760| 1506.304|  -6.8|   0.4| 1603.0| 0.000|   0.0|  45.933|  42.831|189.24|   0.0|    0.0|    0.0|F2              |
|  0|10.00|53855.5|  1|11.40|14.74|  44.711|  36.032| 1585.404|  -6.1|   0.4| 1678.6| 0.000|   0.0|  45.979|  42.368|186.23|   0.0|    0.0|    0.0|F2              |
|  0|10.00|53869.4|  1|12.00|15.21|  44.798|  36.391| 1545.054|  -6.1|   0.4| 1640.0| 0.000|   0.0|  46.023|  42.597|187.90|   0.0|    0.0|    0.0|F2              |
|  0|10.00|53881.4|  1|12.00|15.24|  44.518|  36.425| 1544.046|  -6.8|   0.4| 1639.0| 0.000|   0.0|  45.886|  42.610|187.86|   0.0|    0.0|    0.0|F2              |
|  0|10.00|53893.2|  1| 6.60|11.08|  43.258|  32.193| 2021.150|  -6.9|   0.3| 2103.5| 0.000|   0.0|  45.260|  39.799|169.47|   0.0|    0.0|    0.0|F2              |
+---+-----+-------+---+-----+-----+--------+--------+---------+------+------+-------+------+------+--------+--------+------+------+-------+-------+----------------+
+---+-----+-------+---+-----+-----+--------+--------+---------+------+------+-------+------+------+--------+--------+------+------+-------+-------+----------------+
|0-x| fr  |  time |hop| d0  | d1  |   fi   |  teta  |   dist  |  at  |  dev |   p   |  df  |  l   |   fot  |   tot  |  rot | lsp  |   pf  |    s  |                |
+---+-----+-------+---+-----+-----+--------+--------+---------+------+------+-------+------+------+--------+--------+------+------+-------+-------+----------------+
|  0|10.00|53904.0|  1|12.00|15.22|  44.800|  36.398| 1544.293|  -6.1|   0.4| 1639.3| 0.000|   0.0|  46.047|  42.731|188.38|   0.0|    0.0|    0.0|F2              |
|  0|10.00|53914.7|  1|10.80|14.33|  44.323|  35.709| 1624.655|  -6.9|   0.3| 1716.2| 0.000|   0.0|  45.813|  42.268|185.04|   0.0|    0.0|    0.0|F2              |
|  0|10.00|53925.6|  1|10.80|14.31|  44.624|  35.679| 1625.054|  -6.1|   0.4| 1716.6| 0.000|   0.0|  45.932|  42.121|184.87|   0.0|    0.0|    0.0|F2              |
|  0|10.00|53938.5|  1| 9.60|13.47|  44.414|  34.840| 1719.327|  -6.2|   0.3| 1808.3| 0.000|   0.0|  45.823|  41.558|181.47|   0.0|    0.0|    0.0|F2              |
|  0|10.00|53950.4|  1|10.80|14.32|  44.626|  35.685| 1624.406|  -6.1|   0.4| 1716.0| 0.000|   0.0|  45.957|  42.255|185.31|   0.0|    0.0|    0.0|F2              |
|  0|10.00|53961.2|  1| 9.00|12.99|  44.301|  34.408| 1767.880|  -6.2|   0.3| 1855.2| 0.000|   0.0|  45.766|  41.272|179.57|   0.0|    0.0|    0.0|F2              |
|  0|10.00|53974.0|  1|10.20|13.87|  44.841|  35.261| 1669.290|  -5.4|   0.4| 1759.4| 0.000|   0.0|  46.033|  41.843|183.53|   0.0|    0.0|    0.0|F2              |
+---+-----+-------+---+-----+-----+--------+--------+---------+------+------+-------+------+------+--------+--------+------+------+-------+-------+----------------+