
delt0=     0.1  eps=   1e-05  ep=   1e-06  ep1=   0.001
Geomagnetic Field - const
fh= 1.34  i=  65.2  d=   6.8
Number TID: 1
Tid Parametres
  delt   lamb     t     b      a     fi
0.000   200.0  20.0 -45.0   45.0   0.000
delta=-0.000  r0= 200.0  lon=  39.000 lat=  55.000
Beta=  20.0  Alfa=   0.0 aX=  20.0 aY= 100.0 aZ=  20.0

lonIon=  40.000 latIon=  47.500 it=17.00 h_tec=450.0  TEC= 1.13000e+17
lonIon=  40.000 latIon=  47.500 it=17.25 h_tec=450.0  TEC= 1.13000e+17
lonIon=  40.000 latIon=  47.500 it=17.50 h_tec=450.0  TEC= 1.13000e+17
lonIon=  40.000 latIon=  47.500 it=17.75 h_tec=450.0  TEC= 1.13000e+17

Number diff. equation: 6

+==============================================================================+
|   Medium characteristics Sunspot number= 139.8 IG= 139.8   GMT time:17:00    |
|------------------------------------------------------------------------------|
|   S   | fh |  I  |   D  | fd |  hd | fe |  he | ff1 | hf1 | ff2 | hf2 |   Hi |
|-------+----+-----+------+----+-----+----+-----+-----+-----+-----+-----+------|
|    0.0|1.21| 50.6|   2.5|0.18| 85.4|0.37|110.0| 0.00|  0.0| 9.19|322.7| 107.0|
+==============================================================================+

+==================================+
|       Es-layer parametres        |
|----------------------------------|
|   S   | hEs | fbEs | f0Es | P Es |
|-------+-----+------+------+------|
|    0.0|114.7| 2.38 | 2.91 | 68.0 |
+==================================+

|  0|10.00|61187.1|  1|26.41|28.59|  45.587|  40.664| 1066.967|  -6.6|   0.6| 1257.0| 0.000|   0.0|  46.405|  45.223|267.09|   0.0|    0.0|    0.0|F2              |
|  0|10.00|61200.0|  1|25.20|27.52|  45.513|  40.351| 1102.165|  -6.7|   0.5| 1284.9| 0.000|   0.0|  46.371|  45.048|264.77|   0.0|    0.0|    0.0|F2              |
+---+-----+-------+---+-----+-----+--------+--------+---------+------+------+-------+------+------+--------+--------+------+------+-------+-------+----------------+
+---+-----+-------+---+-----+-----+--------+--------+---------+------+------+-------+------+------+--------+--------+------+------+-------+-------+----------------+
|0-x| fr  |  time |hop| d0  | d1  |   fi   |  teta  |   dist  |  at  |  dev |   p   |  df  |  l   |   fot  |   tot  |  rot | lsp  |   pf  |    s  |                |
+---+-----+-------+---+-----+-----+--------+--------+---------+------+------+-------+------+------+--------+--------+------+------+-------+-------+----------------+
|  0|10.00|61212.9|  1|26.40|28.57|  45.611|  40.651| 1068.199|  -6.5|   0.6| 1258.4| 0.000|   0.0|  46.417|  45.221|267.30|   0.0|    0.0|    0.0|F2              |
|  0|10.00|61228.0|  1|26.40|28.58|  45.584|  40.651| 1068.500|  -6.6|   0.6| 1258.8| 0.000|   0.0|  46.405|  45.222|267.41|   0.0|    0.0|    0.0|F2              |
|  0|10.00|61242.1|  1|27.60|29.64|  45.652|  40.936| 1036.363|  -6.6|   0.6| 1234.4| 0.000|   0.0|  46.437|  45.388|269.93|   0.0|    0.0|    0.0|F2              |
|  0|10.00|61255.0|  1|31.20|32.87|  45.833|  41.706|  949.778|  -6.5|   0.7| 1173.0| 0.000|   0.0|  46.521|  45.821|277.28|   0.0|    0.0|    0.0|F2              |
|  0|10.00|61255.0|  1|13.80|18.06|  44.758|  36.198| 1566.714|  -6.1|   0.4| 1693.1| 0.000|   0.0|  46.010|  42.588|240.58|   0.0|    0.0|    0.0|F2              |
|  0|10.00|61266.8|  1|28.81|30.71|  45.716|  41.205| 1006.111|  -6.6|   0.6| 1212.4| 0.000|   0.0|  46.465|  45.531|272.53|   0.0|    0.0|    0.0|F2              |
|  0|10.00|61280.9|  1|25.20|27.51|  45.509|  40.328| 1104.740|  -6.7|   0.5| 1288.0| 0.000|   0.0|  46.371|  45.048|265.43|   0.0|    0.0|    0.0|F2              |
|  0|10.00|61293.8|  1|19.80|22.88|  45.111|  38.687| 1289.407|  -6.8|   0.4| 1442.9| 0.000|   0.0|  46.179|  44.082|254.37|   0.0|    0.0|    0.0|F2              |
|  0|10.00|61293.8|  1|28.80|30.70|  45.714|  41.196| 1007.131|  -6.6|   0.6| 1213.5| 0.000|   0.0|  46.465|  45.531|272.73|   0.0|    0.0|    0.0|F2              |
|  0|10.00|61309.0|  1|15.00|18.96|  44.890|  36.737| 1506.099|  -6.1|   0.4| 1637.7| 0.000|   0.0|  46.077|  42.941|243.92|   0.0|    0.0|    0.0|F2              |
|  0|10.00|61309.0|  1|28.80|30.70|  45.713|  41.192| 1007.579|  -6.6|   0.6| 1214.1| 0.000|   0.0|  46.465|  45.531|272.86|   0.0|    0.0|    0.0|F2              |
|  0|10.00|61322.0|  1|29.41|31.24|  45.767|  41.319|  993.138|  -6.4|   0.7| 1203.9| 0.000|   0.0|  46.488|  45.590|274.17|   0.0|    0.0|    0.0|F2              |
|  0|10.00|61336.1|  1|28.20|30.16|  45.680|  41.050| 1023.559|  -6.6|   0.6| 1226.2| 0.000|   0.0|  46.450|  45.455|271.88|   0.0|    0.0|    0.0|F2              |
|  0|10.00|61349.0|  1|22.20|24.89|  45.300|  39.453| 1203.167|  -6.7|   0.5| 1369.5| 0.000|   0.0|  46.271|  44.539|259.84|   0.0|    0.0|    0.0|F2              |
|  0|10.00|61361.0|  1|27.60|29.62|  45.646|  40.904| 1039.956|  -6.6|   0.6| 1238.7| 0.000|   0.0|  46.430|  45.352|270.80|   0.0|    0.0|    0.0|F2              |
|  0|10.00|61372.8|  1|27.00|29.08|  45.612|  40.758| 1056.406|  -6.6|   0.6| 1251.4| 0.000|   0.0|  46.418|  45.288|269.75|   0.0|    0.0|    0.0|F2              |
|  0|10.00|61372.8|  1|19.20|22.36|  45.085|  38.444| 1316.418|  -6.7|   0.4| 1467.4| 0.000|   0.0|  46.166|  43.936|253.71|   0.0|    0.0|    0.0|F2              |
|  0|10.00|61388.1|  1|28.20|30.15|  45.678|  41.037| 1025.090|  -6.6|   0.6| 1228.0| 0.000|   0.0|  46.443|  45.415|272.17|   0.0|    0.0|    0.0|F2              |
|  0|10.00|61398.8|  1|28.20|30.14|  45.677|  41.034| 1025.416|  -6.6|   0.6| 1228.4| 0.000|   0.0|  46.443|  45.415|272.26|   0.0|    0.0|    0.0|F2              |
|  0|10.00|61398.8|  1|18.60|21.86|  44.995|  38.220| 1341.951|  -6.8|   0.4| 1490.1| 0.000|   0.0|  46.133|  43.856|252.68|   0.0|    0.0|    0.0|F2              |
+---+-----+-------+---+-----+-----+--------+--------+---------+------+------+-------+------+------+--------+--------+------+------+-------+-------+----------------+
+---+-----+-------+---+-----+-----+--------+--------+---------+------+------+-------+------+------+--------+--------+------+------+-------+-------+----------------+
|0-x| fr  |  time |hop| d0  | d1  |   fi   |  teta  |   dist  |  at  |  dev |   p   |  df  |  l   |   fot  |   tot  |  rot | lsp  |   pf  |    s  |                |
+---+-----+-------+---+-----+-----+--------+--------+---------+------+------+-------+------+------+--------+--------+------+------+-------+-------+----------------+
|  0|10.00|61410.6|  1|27.00|29.07|  45.635|  40.744| 1057.707|  -6.5|   0.6| 1252.9| 0.000|   0.0|  46.430|  45.287|270.08|   0.0|    0.0|    0.0|F2              |
|  0|10.00|61424.0|  1|17.40|20.87|  44.910|  37.744| 1395.123|  -6.7|   0.4| 1537.8| 0.000|   0.0|  46.083|  43.524|250.18|   0.0|    0.0|    0.0|F2              |
|  0|10.00|61424.0|  1|27.00|29.07|  45.609|  40.744| 1057.954|  -6.6|   0.6| 1253.2| 0.000|   0.0|  46.418|  45.288|270.18|   0.0|    0.0|    0.0|F2              |
|  0|10.00|61437.3|  1|33.60|35.04|  45.784|  42.125|  904.120|  -7.1|   0.8| 1147.4| 0.000|   0.0|  46.474|  45.948|282.94|   0.0|    0.0|    0.0|F2              |
|  0|10.00|61437.3|  1|19.20|22.31|  45.277|  38.393| 1320.224|  -6.1|   0.4| 1471.6| 0.000|   0.0|  46.255|  43.898|254.28|   0.0|    0.0|    0.0|F2              |
|  0|10.00|61449.2|  1|19.80|22.80|  45.324|  38.602| 1296.743|  -6.0|   0.5| 1451.1| 0.000|   0.0|  46.280|  44.033|255.68|   0.0|    0.0|    0.0|F2              |
|  0|10.00|61449.2|  1|25.80|28.00|  45.537|  40.437| 1092.464|  -6.6|   0.6| 1280.3| 0.000|   0.0|  46.379|  45.085|267.87|   0.0|    0.0|    0.0|F2              |
|  0|10.00|61461.1|  1|17.40|20.86|  44.873|  37.736| 1396.393|  -6.8|   0.4| 1539.2| 0.000|   0.0|  46.074|  43.565|250.51|   0.0|    0.0|    0.0|F2              |
|  0|10.00|61461.1|  1|27.60|29.60|  45.641|  40.878| 1042.928|  -6.6|   0.6| 1242.3| 0.000|   0.0|  46.431|  45.356|271.66|   0.0|    0.0|    0.0|F2              |
|  0|10.00|61471.8|  1|18.60|21.81|  45.225|  38.160| 1346.369|  -6.1|   0.4| 1495.0| 0.000|   0.0|  46.231|  43.768|253.28|   0.0|    0.0|    0.0|F2              |
|  0|10.00|61471.8|  1|27.00|29.06|  45.607|  40.731| 1059.388|  -6.6|   0.6| 1255.0| 0.000|   0.0|  46.418|  45.288|270.57|   0.0|    0.0|    0.0|F2              |
|  0|10.00|61482.6|  1|27.60|29.59|  45.640|  40.872| 1043.569|  -6.6|   0.6| 1243.1| 0.000|   0.0|  46.431|  45.356|271.84|   0.0|    0.0|    0.0|F2              |
|  0|10.00|61495.6|  1|26.40|28.52|  45.571|  40.577| 1076.782|  -6.6|   0.6| 1268.7| 0.000|   0.0|  46.398|  45.185|269.51|   0.0|    0.0|    0.0|F2              |
|  0|10.00|61509.6|  1|24.60|26.94|  45.458|  40.102| 1130.188|  -6.7|   0.5| 1311.1| 0.000|   0.0|  46.343|  44.903|265.96|   0.0|    0.0|    0.0|F2              |
|  0|10.00|61522.5|  1|26.40|28.52|  45.569|  40.570| 1077.578|  -6.6|   0.6| 1269.6| 0.000|   0.0|  46.398|  45.185|269.74|   0.0|    0.0|    0.0|F2              |
|  0|10.00|61533.3|  1|27.59|29.57|  45.637|  40.856| 1045.327|  -6.6|   0.6| 1245.1| 0.000|   0.0|  46.431|  45.355|272.24|   0.0|    0.0|    0.0|F2              |
|  0|10.00|61546.0|  1|27.00|29.04|  45.629|  40.708| 1061.736|  -6.5|   0.6| 1257.8| 0.000|   0.0|  46.424|  45.255|271.12|   0.0|    0.0|    0.0|F2              |
|  0|10.00|61557.8|  1|22.80|25.33|  45.534|  39.543| 1191.081|  -6.0|   0.5| 1361.9| 0.000|   0.0|  46.381|  44.591|262.81|   0.0|    0.0|    0.0|F2              |
|  0|10.00|61570.8|  1|29.41|31.17|  45.898|  41.236| 1001.006|  -5.8|   0.7| 1213.4| 0.000|   0.0|  46.555|  45.584|276.33|   0.0|    0.0|    0.0|F2              |
|  0|10.00|61570.8|  1|27.00|29.04|  45.602|  40.705| 1062.326|  -6.6|   0.6| 1258.5| 0.000|   0.0|  46.411|  45.251|271.30|   0.0|    0.0|    0.0|F2              |
+---+-----+-------+---+-----+-----+--------+--------+---------+------+------+-------+------+------+--------+--------+------+------+-------+-------+----------------+
+---+-----+-------+---+-----+-----+--------+--------+---------+------+------+-------+------+------+--------+--------+------+------+-------+-------+----------------+
|0-x| fr  |  time |hop| d0  | d1  |   fi   |  teta  |   dist  |  at  |  dev |   p   |  df  |  l   |   fot  |   tot  |  rot | lsp  |   pf  |    s  |                |
+---+-----+-------+---+-----+-----+--------+--------+---------+------+------+-------+------+------+--------+--------+------+------+-------+-------+----------------+
|  0|10.00|61582.6|  1|12.60|17.13|  44.317|  35.496| 1648.151|  -6.7|   0.4| 1771.4| 0.000|   0.0|  45.787|  42.093|239.99|   0.0|    0.0|    0.0|F2              |
|  0|10.00|61582.6|  1|27.60|29.57|  45.636|  40.846| 1046.476|  -6.6|   0.6| 1246.6| 0.000|   0.0|  46.431|  45.357|272.67|   0.0|    0.0|    0.0|F2              |
|  0|10.00|61593.3|  1|28.80|30.68|  45.533|  41.144| 1014.780|  -7.3|   0.6| 1223.0| 0.000|   0.0|  46.375|  45.489|274.97|   0.0|    0.0|    0.0|F2              |
|  0|10.00|61593.3|  1|15.00|18.89|  44.867|  36.624| 1518.849|  -6.1|   0.4| 1651.8| 0.000|   0.0|  46.055|  42.821|246.10|   0.0|    0.0|    0.0|F2              |
|  0|10.00|61604.1|  1|25.20|27.44|  45.492|  40.237| 1114.969|  -6.6|   0.6| 1300.1| 0.000|   0.0|  46.364|  45.011|268.01|   0.0|    0.0|    0.0|F2              |
|  0|10.00|61617.1|  1|16.80|20.30|  45.051|  37.397| 1431.960|  -6.1|   0.4| 1572.9| 0.000|   0.0|  46.146|  43.302|250.44|   0.0|    0.0|    0.0|F2              |
|  0|10.00|61617.1|  1|27.00|29.03|  45.600|  40.693| 1063.713|  -6.6|   0.6| 1260.2| 0.000|   0.0|  46.411|  45.251|271.69|   0.0|    0.0|    0.0|F2              |
|  0|10.00|61630.1|  1|18.60|21.77|  45.214|  38.104| 1352.602|  -6.1|   0.4| 1502.0| 0.000|   0.0|  46.238|  43.807|254.67|   0.0|    0.0|    0.0|F2              |
|  0|10.00|61630.1|  1|27.00|29.03|  45.599|  40.690| 1064.078|  -6.6|   0.6| 1260.6| 0.000|   0.0|  46.411|  45.252|271.80|   0.0|    0.0|    0.0|F2              |
|  0|10.00|61641.9|  1|25.80|28.00|  45.344|  40.412| 1097.313|  -7.3|   0.6| 1286.3| 0.000|   0.0|  46.290|  45.090|269.37|   0.0|    0.0|    0.0|F2              |
|  0|10.00|61652.6|  1|26.40|28.49|  45.563|  40.535| 1081.492|  -6.6|   0.6| 1274.3| 0.000|   0.0|  46.392|  45.153|270.74|   0.0|    0.0|    0.0|F2              |
|  0|10.00|61664.4|  1|25.81|27.97|  45.527|  40.381| 1098.791|  -6.6|   0.6| 1288.0| 0.000|   0.0|  46.378|  45.082|269.70|   0.0|    0.0|    0.0|F2              |
|  0|10.00|61675.2|  1|26.39|28.48|  45.561|  40.526| 1082.427|  -6.6|   0.6| 1275.3| 0.000|   0.0|  46.392|  45.152|270.91|   0.0|    0.0|    0.0|F2              |
|  0|10.00|61686.1|  1|26.40|28.49|  45.561|  40.526| 1082.461|  -6.6|   0.6| 1275.5| 0.000|   0.0|  46.391|  45.149|271.01|   0.0|    0.0|    0.0|F2              |
|  0|10.00|61696.8|  1|25.81|27.96|  45.525|  40.373| 1099.732|  -6.6|   0.6| 1289.1| 0.000|   0.0|  46.378|  45.082|269.97|   0.0|    0.0|    0.0|F2              |
|  0|10.00|61710.8|  1|26.40|28.48|  45.560|  40.520| 1083.190|  -6.6|   0.6| 1276.3| 0.000|   0.0|  46.392|  45.153|271.24|   0.0|    0.0|    0.0|F2              |
|  0|10.00|61721.6|  1|26.40|28.48|  45.560|  40.517| 1083.493|  -6.6|   0.6| 1276.7| 0.000|   0.0|  46.392|  45.153|271.33|   0.0|    0.0|    0.0|F2              |
|  0|10.00|61732.4|  1|27.00|28.98|  45.772|  40.639| 1068.081|  -5.9|   0.6| 1265.2| 0.000|   0.0|  46.496|  45.244|272.78|   0.0|    0.0|    0.0|F2              |
|  0|10.00|61743.1|  1|24.00|26.33|  45.601|  39.841| 1157.632|  -6.0|   0.5| 1336.4| 0.000|   0.0|  46.415|  44.783|266.81|   0.0|    0.0|    0.0|F2              |
|  0|10.00|61753.9|  1|24.00|26.36|  45.405|  39.865| 1156.775|  -6.7|   0.5| 1335.5| 0.000|   0.0|  46.321|  44.792|266.78|   0.0|    0.0|    0.0|F2              |
+---+-----+-------+---+-----+-----+--------+--------+---------+------+------+-------+------+------+--------+--------+------+------+-------+-------+----------------+
+---+-----+-------+---+-----+-----+--------+--------+---------+------+------+-------+------+------+--------+--------+------+------+-------+-------+----------------+
|0-x| fr  |  time |hop| d0  | d1  |   fi   |  teta  |   dist  |  at  |  dev |   p   |  df  |  l   |   fot  |   tot  |  rot | lsp  |   pf  |    s  |                |
+---+-----+-------+---+-----+-----+--------+--------+---------+------+------+-------+------+------+--------+--------+------+------+-------+-------+----------------+
|  0|10.00|61765.8|  1|22.80|25.29|  45.523|  39.481| 1198.012|  -6.0|   0.5| 1370.0| 0.000|   0.0|  46.374|  44.554|264.47|   0.0|    0.0|    0.0|F2              |
|  0|10.00|61777.5|  1|23.40|25.80|  45.562|  39.657| 1178.292|  -6.0|   0.5| 1353.7| 0.000|   0.0|  46.395|  44.670|265.84|   0.0|    0.0|    0.0|F2              |
|  0|10.00|61777.5|  1|26.40|28.47|  45.557|  40.502| 1085.126|  -6.6|   0.6| 1278.7| 0.000|   0.0|  46.392|  45.153|271.81|   0.0|    0.0|    0.0|F2              |
|  0|10.00|61788.3|  1|25.80|27.94|  45.520|  40.346| 1102.741|  -6.6|   0.6| 1292.6| 0.000|   0.0|  46.371|  45.044|270.61|   0.0|    0.0|    0.0|F2              |
|  0|10.00|61801.2|  1|25.80|27.93|  45.519|  40.342| 1103.150|  -6.6|   0.6| 1293.0| 0.000|   0.0|  46.371|  45.044|270.72|   0.0|    0.0|    0.0|F2              |
|  0|10.00|61813.0|  1|27.60|29.56|  45.451|  40.814| 1051.965|  -7.3|   0.6| 1253.4| 0.000|   0.0|  46.340|  45.325|274.39|   0.0|    0.0|    0.0|F2              |
|  0|10.00|61823.8|  1|26.40|28.46|  45.555|  40.490| 1086.445|  -6.6|   0.6| 1280.2| 0.000|   0.0|  46.392|  45.153|272.20|   0.0|    0.0|    0.0|F2              |
|  0|10.00|61836.8|  1|24.60|26.87|  45.441|  40.011| 1140.419|  -6.7|   0.5| 1323.2| 0.000|   0.0|  46.337|  44.870|268.65|   0.0|    0.0|    0.0|F2              |
|  0|10.00|61859.0|  1|26.40|28.45|  45.553|  40.481| 1087.464|  -6.6|   0.6| 1281.4| 0.000|   0.0|  46.392|  45.153|272.50|   0.0|    0.0|    0.0|F2              |
|  0|10.00|61871.9|  1|27.59|29.51|  45.622|  40.771| 1054.897|  -6.6|   0.6| 1256.7| 0.000|   0.0|  46.424|  45.319|275.00|   0.0|    0.0|    0.0|F2              |
|  0|10.00|61884.9|  1|26.39|28.44|  45.551|  40.472| 1088.483|  -6.6|   0.6| 1282.5| 0.000|   0.0|  46.392|  45.152|272.70|   0.0|    0.0|    0.0|F2              |
|  0|10.00|61895.6|  1|18.00|21.16|  45.425|  37.741| 1390.919|  -5.3|   0.4| 1538.8| 0.000|   0.0|  46.338|  43.613|255.74|   0.0|    0.0|    0.0|F2              |
|  0|10.00|61907.4|  1|28.20|30.08|  45.482|  40.932| 1038.654|  -7.3|   0.6| 1244.7| 0.000|   0.0|  46.362|  45.428|276.42|   0.0|    0.0|    0.0|F2              |
|  0|10.00|61919.2|  1|26.40|28.44|  45.550|  40.466| 1089.172|  -6.6|   0.6| 1283.5| 0.000|   0.0|  46.391|  45.149|273.00|   0.0|    0.0|    0.0|F2              |
|  0|10.00|61929.9|  1|28.80|30.61|  45.517|  41.063| 1023.805|  -7.3|   0.6| 1234.1| 0.000|   0.0|  46.375|  45.490|277.80|   0.0|    0.0|    0.0|F2              |
|  0|10.00|61942.9|  1|27.61|29.51|  45.620|  40.759| 1056.276|  -6.6|   0.6| 1258.6| 0.000|   0.0|  46.418|  45.285|275.53|   0.0|    0.0|    0.0|F2              |
|  0|10.00|61953.5|  1|27.00|28.97|  45.584|  40.608| 1073.218|  -6.6|   0.6| 1271.6| 0.000|   0.0|  46.405|  45.220|274.46|   0.0|    0.0|    0.0|F2              |
|  0|10.00|61968.7|  1|26.40|28.43|  45.548|  40.454| 1090.559|  -6.6|   0.6| 1285.1| 0.000|   0.0|  46.384|  45.112|273.31|   0.0|    0.0|    0.0|F2              |
|  0|10.00|61991.2|  1|30.00|31.68|  45.581|  41.311|  995.819|  -7.2|   0.7| 1214.9| 0.000|   0.0|  46.401|  45.609|280.68|   0.0|    0.0|    0.0|F2              |
|  0|10.00|62007.3|  1|27.00|28.99|  45.403|  40.621| 1073.601|  -7.3|   0.6| 1272.2| 0.000|   0.0|  46.320|  45.228|274.80|   0.0|    0.0|    0.0|F2              |
+---+-----+-------+---+-----+-----+--------+--------+---------+------+------+-------+------+------+--------+--------+------+------+-------+-------+----------------+
+---+-----+-------+---+-----+-----+--------+--------+---------+------+------+-------+------+------+--------+--------+------+------+-------+-------+----------------+
|0-x| fr  |  time |hop| d0  | d1  |   fi   |  teta  |   dist  |  at  |  dev |   p   |  df  |  l   |   fot  |   tot  |  rot | lsp  |   pf  |    s  |                |
+---+-----+-------+---+-----+-----+--------+--------+---------+------+------+-------+------+------+--------+--------+------+------+-------+-------+----------------+
|  0|10.00|62021.2|  1|26.41|28.43|  45.546|  40.444| 1091.696|  -6.6|   0.6| 1286.6| 0.000|   0.0|  46.392|  45.154|273.88|   0.0|    0.0|    0.0|F2              |
|  0|10.00|62034.1|  1|26.40|28.45|  45.363|  40.465| 1091.287|  -7.3|   0.6| 1286.2| 0.000|   0.0|  46.297|  45.121|273.75|   0.0|    0.0|    0.0|F2              |
|  0|10.00|62046.0|  1|29.40|31.10|  45.712|  41.147| 1012.635|  -6.5|   0.7| 1227.8| 0.000|   0.0|  46.461|  45.506|279.98|   0.0|    0.0|    0.0|F2              |
|  0|10.00|62057.8|  1|26.40|28.44|  45.362|  40.459| 1091.910|  -7.3|   0.6| 1286.9| 0.000|   0.0|  46.297|  45.121|273.95|   0.0|    0.0|    0.0|F2              |
|  0|10.00|62069.6|  1|24.01|26.31|  45.389|  39.782| 1166.126|  -6.7|   0.5| 1346.6| 0.000|   0.0|  46.314|  44.756|269.42|   0.0|    0.0|    0.0|F2              |
|  0|10.00|62084.6|  1|22.20|24.70|  45.467|  39.203| 1229.211|  -6.0|   0.5| 1399.5| 0.000|   0.0|  46.350|  44.416|265.95|   0.0|    0.0|    0.0|F2              |
|  0|10.00|62096.6|  1|31.20|32.78|  45.483|  41.562|  969.407|  -7.9|   0.7| 1197.9| 0.000|   0.0|  46.357|  45.768|283.89|   0.0|    0.0|    0.0|F2              |
+==============================================================================+
|   Medium characteristics Sunspot number= 139.8 IG= 139.8   GMT time:17:14    |
|------------------------------------------------------------------------------|
|   S   | fh |  I  |   D  | fd |  hd | fe |  he | ff1 | hf1 | ff2 | hf2 |   Hi |
|-------+----+-----+------+----+-----+----+-----+-----+-----+-----+-----+------|
|    0.0|1.21| 50.6|   2.5|0.18| 85.8|0.37|110.0| 0.00|  0.0| 9.24|330.8| 109.8|
+==============================================================================+

+==================================+
|       Es-layer parametres        |
|----------------------------------|
|   S   | hEs | fbEs | f0Es | P Es |
|-------+-----+------+------+------|
|    0.0|114.5| 2.37 | 2.90 | 67.1 |
+==================================+

|  0|10.00|62120.2|  1|24.61|26.82|  45.427|  39.938| 1148.548|  -6.6|   0.6| 1332.9| 0.000|   0.0|  46.329|  44.830|270.99|   0.0|    0.0|    0.0|F2              |
|  0|10.00|62133.1|  1|19.80|22.65|  45.283|  38.377| 1321.871|  -6.0|   0.5| 1479.7| 0.000|   0.0|  46.273|  43.995|261.46|   0.0|    0.0|    0.0|F2              |
|  0|10.00|62150.3|  1|24.61|26.84|  45.232|  39.957| 1148.454|  -7.4|   0.5| 1332.9| 0.000|   0.0|  46.236|  44.839|271.11|   0.0|    0.0|    0.0|F2              |
|  0|10.00|62165.5|  1|24.60|26.80|  45.424|  39.921| 1150.420|  -6.6|   0.6| 1334.9| 0.000|   0.0|  46.329|  44.829|271.35|   0.0|    0.0|    0.0|F2              |
|  0|10.00|62181.6|  1|27.00|28.95|  45.394|  40.576| 1078.676|  -7.3|   0.6| 1278.3| 0.000|   0.0|  46.311|  45.188|276.14|   0.0|    0.0|    0.0|F2              |
|  0|10.00|62192.4|  1|26.40|28.38|  45.537|  40.395| 1097.149|  -6.6|   0.6| 1293.0| 0.000|   0.0|  46.384|  45.112|275.20|   0.0|    0.0|    0.0|F2              |
|  0|10.00|62204.2|  1|25.80|27.84|  45.499|  40.235| 1115.085|  -6.6|   0.6| 1307.2| 0.000|   0.0|  46.364|  45.008|274.05|   0.0|    0.0|    0.0|F2              |
|  0|10.00|62220.4|  1|26.40|28.40|  45.352|  40.414| 1096.983|  -7.3|   0.6| 1292.9| 0.000|   0.0|  46.297|  45.121|275.31|   0.0|    0.0|    0.0|F2              |
|  0|10.00|62232.3|  1|27.60|29.44|  45.605|  40.682| 1064.828|  -6.6|   0.6| 1268.7| 0.000|   0.0|  46.417|  45.280|277.93|   0.0|    0.0|    0.0|F2              |
|  0|10.00|62243.0|  1|26.40|28.40|  45.351|  40.407| 1097.703|  -7.3|   0.6| 1293.8| 0.000|   0.0|  46.297|  45.122|275.50|   0.0|    0.0|    0.0|F2              |
|  0|10.00|62254.9|  1|22.80|25.21|  45.290|  39.365| 1212.987|  -6.7|   0.5| 1387.5| 0.000|   0.0|  46.269|  44.526|268.44|   0.0|    0.0|    0.0|F2              |
|  0|10.00|62267.9|  1|24.59|26.80|  45.222|  39.916| 1153.107|  -7.4|   0.5| 1338.1| 0.000|   0.0|  46.236|  44.837|272.05|   0.0|    0.0|    0.0|F2              |
|  0|10.00|62280.8|  1|24.00|26.24|  45.375|  39.715| 1173.665|  -6.7|   0.5| 1355.3| 0.000|   0.0|  46.307|  44.718|271.05|   0.0|    0.0|    0.0|F2              |
+---+-----+-------+---+-----+-----+--------+--------+---------+------+------+-------+------+------+--------+--------+------+------+-------+-------+----------------+
+---+-----+-------+---+-----+-----+--------+--------+---------+------+------+-------+------+------+--------+--------+------+------+-------+-------+----------------+
|0-x| fr  |  time |hop| d0  | d1  |   fi   |  teta  |   dist  |  at  |  dev |   p   |  df  |  l   |   fot  |   tot  |  rot | lsp  |   pf  |    s  |                |
+---+-----+-------+---+-----+-----+--------+--------+---------+------+------+-------+------+------+--------+--------+------+------+-------+-------+----------------+
|  0|10.00|62292.6|  1|24.00|26.27|  45.176|  39.741| 1172.813|  -7.4|   0.5| 1354.5| 0.000|   0.0|  46.212|  44.728|271.02|   0.0|    0.0|    0.0|F2              |
|  0|10.00|62310.7|  1|25.20|27.32|  45.263|  40.071| 1135.617|  -7.3|   0.6| 1324.6| 0.000|   0.0|  46.252|  44.910|273.56|   0.0|    0.0|    0.0|F2              |
|  0|10.00|62323.6|  1|26.40|28.37|  45.345|  40.384| 1100.380|  -7.3|   0.6| 1296.9| 0.000|   0.0|  46.289|  45.085|276.06|   0.0|    0.0|    0.0|F2              |
|  0|10.00|62338.9|  1|25.20|27.28|  45.453|  40.034| 1137.671|  -6.6|   0.6| 1326.8| 0.000|   0.0|  46.343|  44.901|273.93|   0.0|    0.0|    0.0|F2              |
|  0|10.00|62352.8|  1|25.80|27.84|  45.303|  40.220| 1118.849|  -7.3|   0.6| 1311.8| 0.000|   0.0|  46.275|  45.017|275.17|   0.0|    0.0|    0.0|F2              |
|  0|10.00|62365.9|  1|22.80|25.21|  45.076|  39.361| 1215.718|  -7.4|   0.5| 1390.8| 0.000|   0.0|  46.163|  44.498|269.12|   0.0|    0.0|    0.0|F2              |
|  0|10.00|62376.6|  1|18.60|21.61|  44.922|  37.877| 1380.332|  -6.7|   0.5| 1533.4| 0.000|   0.0|  46.095|  43.663|260.67|   0.0|    0.0|    0.0|F2              |
|  0|10.00|62388.4|  1|25.20|27.26|  45.449|  40.019| 1139.377|  -6.6|   0.6| 1328.8| 0.000|   0.0|  46.343|  44.901|274.35|   0.0|    0.0|    0.0|F2              |
|  0|10.00|62414.2|  1|25.20|27.29|  45.256|  40.040| 1139.090|  -7.3|   0.6| 1328.6| 0.000|   0.0|  46.252|  44.910|274.44|   0.0|    0.0|    0.0|F2              |
|  0|10.00|62427.2|  1|25.20|27.29|  45.256|  40.037| 1139.496|  -7.3|   0.6| 1329.1| 0.000|   0.0|  46.252|  44.911|274.55|   0.0|    0.0|    0.0|F2              |
|  0|10.00|62439.2|  1|27.00|28.88|  45.378|  40.503| 1086.867|  -7.3|   0.6| 1288.0| 0.000|   0.0|  46.311|  45.188|278.29|   0.0|    0.0|    0.0|F2              |
|  0|10.00|62452.8|  1|26.40|28.34|  45.337|  40.347| 1104.521|  -7.3|   0.6| 1301.8| 0.000|   0.0|  46.289|  45.086|277.16|   0.0|    0.0|    0.0|F2              |
|  0|10.00|62465.8|  1|26.40|28.34|  45.336|  40.343| 1104.926|  -7.3|   0.6| 1302.3| 0.000|   0.0|  46.289|  45.086|277.27|   0.0|    0.0|    0.0|F2              |
|  0|10.00|62479.8|  1|26.40|28.33|  45.335|  40.339| 1105.351|  -7.3|   0.6| 1302.8| 0.000|   0.0|  46.289|  45.086|277.39|   0.0|    0.0|    0.0|F2              |
|  0|10.00|62490.5|  1|25.80|27.80|  45.294|  40.180| 1123.362|  -7.3|   0.6| 1317.1| 0.000|   0.0|  46.267|  44.981|276.23|   0.0|    0.0|    0.0|F2              |
|  0|10.00|62503.4|  1|27.00|28.86|  45.373|  40.485| 1088.914|  -7.3|   0.6| 1290.4| 0.000|   0.0|  46.304|  45.152|278.74|   0.0|    0.0|    0.0|F2              |
|  0|10.00|62515.4|  1|26.40|28.32|  45.333|  40.329| 1106.496|  -7.3|   0.6| 1304.2| 0.000|   0.0|  46.289|  45.086|277.68|   0.0|    0.0|    0.0|F2              |
|  0|10.00|62526.2|  1|27.00|28.83|  45.528|  40.456| 1090.549|  -6.7|   0.6| 1292.2| 0.000|   0.0|  46.378|  45.145|279.04|   0.0|    0.0|    0.0|F2              |
|  0|10.00|62539.0|  1|26.40|28.28|  45.516|  40.295| 1108.362|  -6.6|   0.6| 1306.2| 0.000|   0.0|  46.377|  45.077|278.01|   0.0|    0.0|    0.0|F2              |
|  0|10.00|62551.5|  1|15.60|19.09|  44.853|  36.509| 1531.606|  -6.1|   0.4| 1671.8| 0.000|   0.0|  46.060|  42.845|255.63|   0.0|    0.0|    0.0|F2              |
+---+-----+-------+---+-----+-----+--------+--------+---------+------+------+-------+------+------+--------+--------+------+------+-------+-------+----------------+
+---+-----+-------+---+-----+-----+--------+--------+---------+------+------+-------+------+------+--------+--------+------+------+-------+-------+----------------+
|0-x| fr  |  time |hop| d0  | d1  |   fi   |  teta  |   dist  |  at  |  dev |   p   |  df  |  l   |   fot  |   tot  |  rot | lsp  |   pf  |    s  |                |
+---+-----+-------+---+-----+-----+--------+--------+---------+------+------+-------+------+------+--------+--------+------+------+-------+-------+----------------+
|  0|10.00|62551.5|  1|28.20|29.89|  45.621|  40.738| 1058.560|  -6.6|   0.6| 1268.4| 0.000|   0.0|  46.429|  45.345|281.73|   0.0|    0.0|    0.0|F2              |
|  0|10.00|62563.4|  1|28.80|30.42|  45.654|  40.875| 1043.153|  -6.5|   0.7| 1257.3| 0.000|   0.0|  46.441|  45.407|283.03|   0.0|    0.0|    0.0|F2              |
|  0|10.00|62576.6|  1|26.40|28.27|  45.514|  40.284| 1109.543|  -6.6|   0.6| 1307.6| 0.000|   0.0|  46.377|  45.077|278.32|   0.0|    0.0|    0.0|F2              |
|  0|10.00|62589.5|  1|26.40|28.27|  45.514|  40.280| 1109.980|  -6.6|   0.6| 1308.1| 0.000|   0.0|  46.377|  45.077|278.43|   0.0|    0.0|    0.0|F2              |
|  0|10.00|62604.6|  1|25.79|27.72|  45.474|  40.116| 1128.503|  -6.6|   0.6| 1322.8| 0.000|   0.0|  46.357|  44.971|277.31|   0.0|    0.0|    0.0|F2              |
|  0|10.00|62617.6|  1|27.00|28.79|  45.548|  40.426| 1093.557|  -6.6|   0.6| 1295.8| 0.000|   0.0|  46.391|  45.144|279.83|   0.0|    0.0|    0.0|F2              |
|  0|10.00|62632.6|  1|25.79|27.71|  45.473|  40.108| 1129.418|  -6.6|   0.6| 1323.9| 0.000|   0.0|  46.357|  44.971|277.54|   0.0|    0.0|    0.0|F2              |
|  0|10.00|62647.7|  1|24.60|26.66|  45.393|  39.775| 1166.865|  -6.6|   0.6| 1354.1| 0.000|   0.0|  46.322|  44.793|275.30|   0.0|    0.0|    0.0|F2              |
|  0|10.00|62664.0|  1|25.20|27.18|  45.432|  39.938| 1148.533|  -6.6|   0.6| 1339.5| 0.000|   0.0|  46.336|  44.865|276.59|   0.0|    0.0|    0.0|F2              |
|  0|10.00|62679.1|  1|22.80|25.08|  45.261|  39.229| 1228.267|  -6.7|   0.5| 1405.1| 0.000|   0.0|  46.254|  44.451|271.85|   0.0|    0.0|    0.0|F2              |
|  0|10.00|62690.9|  1|22.80|25.08|  45.261|  39.225| 1228.639|  -6.7|   0.5| 1405.5| 0.000|   0.0|  46.254|  44.451|271.96|   0.0|    0.0|    0.0|F2              |
|  0|10.00|62704.0|  1|21.00|23.57|  44.892|  38.667| 1293.877|  -7.4|   0.5| 1460.9| 0.000|   0.0|  46.080|  44.124|268.25|   0.0|    0.0|    0.0|F2              |
|  0|10.00|62715.9|  1|22.80|25.07|  45.259|  39.218| 1229.521|  -6.7|   0.5| 1406.5| 0.000|   0.0|  46.254|  44.451|272.17|   0.0|    0.0|    0.0|F2              |
|  0|10.00|62729.9|  1|24.00|26.11|  45.346|  39.577| 1189.128|  -6.7|   0.5| 1373.2| 0.000|   0.0|  46.300|  44.682|274.77|   0.0|    0.0|    0.0|F2              |
|  0|10.00|62746.1|  1|27.00|28.72|  45.725|  40.366| 1098.625|  -5.9|   0.6| 1301.6| 0.000|   0.0|  46.477|  45.136|281.03|   0.0|    0.0|    0.0|F2              |
|  0|10.00|62762.3|  1|23.40|25.57|  45.300|  39.388| 1210.400|  -6.7|   0.5| 1391.1| 0.000|   0.0|  46.277|  44.568|273.82|   0.0|    0.0|    0.0|F2              |
|  0|10.00|62773.1|  1|24.00|26.09|  45.343|  39.564| 1190.597|  -6.7|   0.5| 1374.9| 0.000|   0.0|  46.299|  44.682|275.13|   0.0|    0.0|    0.0|F2              |
|  0|10.00|62773.1|  1|25.20|27.12|  45.620|  39.880| 1153.178|  -5.9|   0.6| 1344.8| 0.000|   0.0|  46.428|  44.857|277.65|   0.0|    0.0|    0.0|F2              |
|  0|10.00|62785.0|  1|25.80|27.64|  45.655|  40.041| 1135.098|  -5.9|   0.6| 1330.5| 0.000|   0.0|  46.441|  44.928|278.90|   0.0|    0.0|    0.0|F2              |
|  0|10.00|62785.0|  1|21.60|24.05|  44.940|  38.842| 1274.163|  -7.4|   0.5| 1444.8| 0.000|   0.0|  46.108|  44.249|270.22|   0.0|    0.0|    0.0|F2              |
+---+-----+-------+---+-----+-----+--------+--------+---------+------+------+-------+------+------+--------+--------+------+------+-------+-------+----------------+
+---+-----+-------+---+-----+-----+--------+--------+---------+------+------+-------+------+------+--------+--------+------+------+-------+-------+----------------+
|0-x| fr  |  time |hop| d0  | d1  |   fi   |  teta  |   dist  |  at  |  dev |   p   |  df  |  l   |   fot  |   tot  |  rot | lsp  |   pf  |    s  |                |
+---+-----+-------+---+-----+-----+--------+--------+---------+------+------+-------+------+------+--------+--------+------+------+-------+-------+----------------+
|  0|10.00|62785.0|  1|19.80|22.56|  44.536|  38.255| 1343.144|  -8.1|   0.5| 1504.2| 0.000|   0.0|  45.909|  43.867|266.27|   0.0|    0.0|    0.0|F2              |
|  0|10.00|62796.9|  1|24.61|26.59|  45.583|  39.705| 1172.724|  -5.9|   0.6| 1360.8| 0.000|   0.0|  46.415|  44.786|276.69|   0.0|    0.0|    0.0|F2              |
|  0|10.00|62807.5|  1|24.59|26.60|  45.382|  39.725| 1172.421|  -6.6|   0.6| 1360.4| 0.000|   0.0|  46.314|  44.755|276.57|   0.0|    0.0|    0.0|F2              |
|  0|10.00|62821.5|  1|24.60|26.60|  45.382|  39.724| 1172.597|  -6.6|   0.6| 1360.7| 0.000|   0.0|  46.321|  44.793|276.75|   0.0|    0.0|    0.0|F2              |
|  0|10.00|62832.3|  1|24.61|26.61|  45.382|  39.724| 1172.587|  -6.6|   0.6| 1360.8| 0.000|   0.0|  46.322|  44.795|276.87|   0.0|    0.0|    0.0|F2              |
|  0|10.00|62848.5|  1|24.60|26.60|  45.380|  39.716| 1173.437|  -6.6|   0.6| 1361.7| 0.000|   0.0|  46.308|  44.719|276.82|   0.0|    0.0|    0.0|F2              |
|  0|10.00|62861.4|  1|27.00|28.69|  45.719|  40.335| 1102.037|  -5.9|   0.6| 1305.6| 0.000|   0.0|  46.471|  45.100|281.94|   0.0|    0.0|    0.0|F2              |
|  0|10.00|62874.3|  1|16.80|20.12|  43.902|  37.090| 1478.438|  -8.9|   0.4| 1625.4| 0.000|   0.0|  45.613|  43.185|260.51|   0.0|    0.0|    0.0|F2              |
|  0|10.00|62874.3|  1|19.80|22.53|  44.528|  38.224| 1346.634|  -8.1|   0.5| 1508.1| 0.000|   0.0|  45.909|  43.867|267.08|   0.0|    0.0|    0.0|F2              |
|  0|10.00|62874.3|  1|22.20|24.54|  44.986|  39.010| 1255.223|  -7.4|   0.5| 1429.6| 0.000|   0.0|  46.132|  44.362|272.22|   0.0|    0.0|    0.0|F2              |
|  0|10.00|62874.3|  1|24.60|26.59|  45.379|  39.709| 1174.276|  -6.6|   0.6| 1362.7| 0.000|   0.0|  46.314|  44.756|277.17|   0.0|    0.0|    0.0|F2              |
|  0|10.00|62889.4|  1|25.20|27.11|  45.447|  39.870| 1155.830|  -6.5|   0.6| 1348.0| 0.000|   0.0|  46.342|  44.828|278.45|   0.0|    0.0|    0.0|F2              |
|  0|10.00|62902.4|  1|25.20|27.08|  45.585|  39.847| 1157.136|  -6.0|   0.6| 1349.4| 0.000|   0.0|  46.409|  44.822|278.66|   0.0|    0.0|    0.0|F2              |
|  0|10.00|62915.5|  1|24.00|26.05|  45.334|  39.522| 1195.264|  -6.7|   0.5| 1380.3| 0.000|   0.0|  46.299|  44.682|276.34|   0.0|    0.0|    0.0|F2              |
|  0|10.00|62926.2|  1|25.20|27.10|  45.417|  39.864| 1156.794|  -6.6|   0.6| 1349.1| 0.000|   0.0|  46.329|  44.829|278.76|   0.0|    0.0|    0.0|F2              |
|  0|10.00|62926.2|  1|24.00|26.08|  45.131|  39.550| 1194.317|  -7.4|   0.5| 1379.3| 0.000|   0.0|  46.204|  44.692|276.31|   0.0|    0.0|    0.0|F2              |
|  0|10.00|62938.0|  1|25.20|27.06|  45.611|  39.833| 1158.396|  -5.9|   0.6| 1350.8| 0.000|   0.0|  46.422|  44.821|278.99|   0.0|    0.0|    0.0|F2              |
|  0|10.00|62949.9|  1|19.80|22.51|  44.521|  38.199| 1349.535|  -8.1|   0.5| 1511.4| 0.000|   0.0|  45.909|  43.867|267.76|   0.0|    0.0|    0.0|F2              |
|  0|10.00|62949.9|  1|15.00|18.68|  43.572|  36.265| 1572.671|  -9.0|   0.4| 1712.1| 0.000|   0.0|  45.446|  42.645|257.03|   0.0|    0.0|    0.0|F2              |
|  0|10.00|62949.9|  1|25.20|27.10|  45.415|  39.857| 1157.545|  -6.6|   0.6| 1350.0| 0.000|   0.0|  46.329|  44.829|278.96|   0.0|    0.0|    0.0|F2              |
+---+-----+-------+---+-----+-----+--------+--------+---------+------+------+-------+------+------+--------+--------+------+------+-------+-------+----------------+
+---+-----+-------+---+-----+-----+--------+--------+---------+------+------+-------+------+------+--------+--------+------+------+-------+-------+----------------+
|0-x| fr  |  time |hop| d0  | d1  |   fi   |  teta  |   dist  |  at  |  dev |   p   |  df  |  l   |   fot  |   tot  |  rot | lsp  |   pf  |    s  |                |
+---+-----+-------+---+-----+-----+--------+--------+---------+------+------+-------+------+------+--------+--------+------+------+-------+-------+----------------+
|  0|10.00|62960.7|  1|24.60|26.56|  45.402|  39.680| 1177.190|  -6.5|   0.6| 1366.0| 0.000|   0.0|  46.320|  44.714|277.82|   0.0|    0.0|    0.0|F2              |
|  0|10.00|62972.6|  1|25.21|27.10|  45.414|  39.854| 1157.921|  -6.6|   0.6| 1350.5| 0.000|   0.0|  46.329|  44.830|279.18|   0.0|    0.0|    0.0|F2              |
|  0|10.00|62985.7|  1|25.79|27.61|  45.452|  40.010| 1140.351|  -6.6|   0.6| 1336.7| 0.000|   0.0|  46.350|  44.940|280.49|   0.0|    0.0|    0.0|F2              |
+==============================================================================+
|   Medium characteristics Sunspot number= 139.8 IG= 139.8   GMT time:17:29    |
|------------------------------------------------------------------------------|
|   S   | fh |  I  |   D  | fd |  hd | fe |  he | ff1 | hf1 | ff2 | hf2 |   Hi |
|-------+----+-----+------+----+-----+----+-----+-----+-----+-----+-----+------|
|    0.0|1.21| 50.6|   2.5|0.18| 86.2|0.37|110.0| 0.00|  0.0| 9.28|338.6| 112.6|
+==============================================================================+

+==================================+
|       Es-layer parametres        |
|----------------------------------|
|   S   | hEs | fbEs | f0Es | P Es |
|-------+-----+------+------+------|
|    0.0|114.6| 2.36 | 2.89 | 66.2 |
+==================================+

|  0|10.00|63001.8|  1|25.80|27.61|  45.452|  40.008| 1140.548|  -6.6|   0.6| 1337.0| 0.000|   0.0|  46.351|  44.941|280.64|   0.0|    0.0|    0.0|F2              |
|  0|10.00|63013.6|  1|21.60|24.05|  44.485|  38.843| 1279.471|  -8.8|   0.5| 1451.1| 0.000|   0.0|  45.891|  44.236|271.87|   0.0|    0.0|    0.0|F2              |
|  0|10.00|63024.4|  1|16.20|19.54|  44.061|  36.722| 1516.641|  -8.2|   0.4| 1661.6| 0.000|   0.0|  45.689|  42.972|260.63|   0.0|    0.0|    0.0|F2              |
|  0|10.00|63024.4|  1|19.80|22.45|  44.748|  38.133| 1354.047|  -7.4|   0.5| 1516.3| 0.000|   0.0|  46.017|  43.841|268.53|   0.0|    0.0|    0.0|F2              |
|  0|10.00|63024.4|  1|25.20|27.03|  45.607|  39.808| 1161.155|  -5.9|   0.6| 1354.0| 0.000|   0.0|  46.421|  44.816|279.71|   0.0|    0.0|    0.0|F2              |
|  0|10.00|63024.4|  1|23.40|25.49|  45.283|  39.309| 1219.253|  -6.7|   0.5| 1401.3| 0.000|   0.0|  46.269|  44.527|275.99|   0.0|    0.0|    0.0|F2              |
|  0|10.00|63036.4|  1|16.80|20.02|  44.143|  36.979| 1487.550|  -8.2|   0.4| 1635.3| 0.000|   0.0|  45.724|  43.112|262.00|   0.0|    0.0|    0.0|F2              |
|  0|10.00|63049.3|  1|14.40|18.23|  43.168|  35.998| 1607.343|  -9.7|   0.4| 1744.7| 0.000|   0.0|  45.255|  42.476|256.36|   0.0|    0.0|    0.0|F2              |
|  0|10.00|63061.1|  1|13.20|17.35|  42.929|  35.398| 1675.818|  -9.7|   0.4| 1808.4| 0.000|   0.0|  45.141|  42.099|253.62|   0.0|    0.0|    0.0|F2              |
|  0|10.00|63074.0|  1|21.60|23.96|  44.917|  38.748| 1284.669|  -7.4|   0.5| 1456.7| 0.000|   0.0|  46.106|  44.245|272.67|   0.0|    0.0|    0.0|F2              |
|  0|10.00|63086.0|  1|14.40|18.02|  44.366|  35.755| 1619.232|  -6.8|   0.4| 1756.9| 0.000|   0.0|  45.826|  42.370|257.30|   0.0|    0.0|    0.0|F2              |
|  0|10.00|63097.8|  1|14.40|18.12|  43.779|  35.855| 1614.719|  -8.2|   0.4| 1752.4| 0.000|   0.0|  45.554|  42.440|257.14|   0.0|    0.0|    0.0|F2              |
|  0|10.00|63111.8|  1|10.80|15.47|  43.397|  33.849| 1838.369|  -7.6|   0.4| 1962.6| 0.000|   0.0|  45.356|  41.119|248.60|   0.0|    0.0|    0.0|F2              |
|  0|10.00|63123.6|  1| 8.40|13.99|  42.923|  32.330| 2009.699|  -7.5|   0.4| 2126.6| 0.000|   0.0|  45.099|  39.998|242.33|   0.0|    0.0|    0.0|F2              |
|  0|10.00|63147.4|  1|16.20|19.46|  44.318|  36.626| 1524.134|  -7.5|   0.4| 1669.8| 0.000|   0.0|  45.809|  42.921|261.74|   0.0|    0.0|    0.0|F2              |
|  0|10.00|63174.3|  1|13.20|17.15|  43.873|  35.159| 1689.784|  -7.5|   0.4| 1823.1| 0.000|   0.0|  45.593|  41.996|255.09|   0.0|    0.0|    0.0|F2              |
|  0|10.00|63187.3|  1|13.80|17.54|  44.270|  35.409| 1658.116|  -6.8|   0.4| 1793.9| 0.000|   0.0|  45.786|  42.186|256.81|   0.0|    0.0|    0.0|F2              |
+---+-----+-------+---+-----+-----+--------+--------+---------+------+------+-------+------+------+--------+--------+------+------+-------+-------+----------------+
+---+-----+-------+---+-----+-----+--------+--------+---------+------+------+-------+------+------+--------+--------+------+------+-------+-------+----------------+
|0-x| fr  |  time |hop| d0  | d1  |   fi   |  teta  |   dist  |  at  |  dev |   p   |  df  |  l   |   fot  |   tot  |  rot | lsp  |   pf  |    s  |                |
+---+-----+-------+---+-----+-----+--------+--------+---------+------+------+-------+------+------+--------+--------+------+------+-------+-------+----------------+
|  0|10.00|63201.3|  1|18.00|20.90|  44.534|  37.373| 1439.818|  -7.5|   0.4| 1594.1| 0.000|   0.0|  45.919|  43.403|266.15|   0.0|    0.0|    0.0|F2              |
|  0|10.00|63213.1|  1|13.80|17.53|  44.267|  35.399| 1659.271|  -6.8|   0.4| 1795.2| 0.000|   0.0|  45.786|  42.186|257.04|   0.0|    0.0|    0.0|F2              |
|  0|10.00|63226.1|  1|13.20|17.08|  44.177|  35.080| 1695.206|  -6.8|   0.4| 1828.8| 0.000|   0.0|  45.742|  41.982|255.74|   0.0|    0.0|    0.0|F2              |
|  0|10.00|63238.0|  1|13.20|17.13|  43.864|  35.131| 1692.959|  -7.5|   0.4| 1826.6| 0.000|   0.0|  45.593|  41.997|255.66|   0.0|    0.0|    0.0|F2              |
|  0|10.00|63253.1|  1|13.80|17.52|  44.262|  35.382| 1661.228|  -6.8|   0.4| 1797.3| 0.000|   0.0|  45.786|  42.187|257.39|   0.0|    0.0|    0.0|F2              |
|  0|10.00|63266.1|  1|13.20|17.12|  43.860|  35.119| 1694.318|  -7.5|   0.4| 1828.1| 0.000|   0.0|  45.593|  41.998|255.91|   0.0|    0.0|    0.0|F2              |
|  0|10.00|63280.1|  1|13.20|17.11|  43.858|  35.112| 1695.072|  -7.5|   0.4| 1828.9| 0.000|   0.0|  45.593|  41.998|256.03|   0.0|    0.0|    0.0|F2              |
|  0|10.00|63291.9|  1|15.60|18.84|  44.784|  36.200| 1566.245|  -6.1|   0.4| 1710.0| 0.000|   0.0|  46.035|  42.712|261.97|   0.0|    0.0|    0.0|F2              |
|  0|10.00|63306.0|  1|13.80|17.55|  43.952|  35.413| 1661.115|  -7.5|   0.4| 1797.4| 0.000|   0.0|  45.633|  42.163|257.59|   0.0|    0.0|    0.0|F2              |
|  0|10.00|63323.3|  1|13.20|17.04|  44.165|  35.035| 1700.235|  -6.8|   0.4| 1834.3| 0.000|   0.0|  45.734|  41.944|256.53|   0.0|    0.0|    0.0|F2              |
|  0|10.00|63336.4|  1|12.60|16.66|  43.750|  34.767| 1734.053|  -7.5|   0.4| 1865.9| 0.000|   0.0|  45.534|  41.747|255.03|   0.0|    0.0|    0.0|F2              |
|  0|10.00|63350.4|  1|13.80|17.43|  44.558|  35.287| 1668.805|  -6.1|   0.4| 1805.4| 0.000|   0.0|  45.924|  42.136|258.37|   0.0|    0.0|    0.0|F2              |
|  0|10.00|63362.2|  1|17.40|20.26|  44.970|  36.976| 1479.048|  -6.1|   0.4| 1631.3| 0.000|   0.0|  46.122|  43.174|266.42|   0.0|    0.0|    0.0|F2              |
|  0|10.00|63374.1|  1|14.40|17.93|  44.333|  35.632| 1632.975|  -6.8|   0.4| 1772.1| 0.000|   0.0|  45.822|  42.355|259.80|   0.0|    0.0|    0.0|F2              |
|  0|10.00|63388.3|  1|15.00|18.39|  44.412|  35.921| 1600.450|  -6.8|   0.4| 1742.1| 0.000|   0.0|  45.856|  42.514|261.23|   0.0|    0.0|    0.0|F2              |
|  0|10.00|63400.1|  1|14.40|17.92|  44.329|  35.620| 1634.334|  -6.8|   0.4| 1773.6| 0.000|   0.0|  45.822|  42.356|260.03|   0.0|    0.0|    0.0|F2              |
|  0|10.00|63416.5|  1|14.40|17.97|  44.030|  35.665| 1632.581|  -7.5|   0.4| 1771.9| 0.000|   0.0|  45.681|  42.370|260.00|   0.0|    0.0|    0.0|F2              |
|  0|10.00|63430.5|  1|16.80|19.74|  44.901|  36.688| 1511.470|  -6.1|   0.4| 1661.3| 0.000|   0.0|  46.093|  43.020|265.74|   0.0|    0.0|    0.0|F2              |
|  0|10.00|63457.6|  1|13.80|17.45|  44.237|  35.290| 1671.486|  -6.8|   0.4| 1808.6| 0.000|   0.0|  45.776|  42.141|259.14|   0.0|    0.0|    0.0|F2              |
|  0|10.00|63539.0|  1|14.40|17.92|  44.013|  35.610| 1638.806|  -7.5|   0.4| 1778.7| 0.000|   0.0|  45.672|  42.332|261.03|   0.0|    0.0|    0.0|F2              |
+---+-----+-------+---+-----+-----+--------+--------+---------+------+------+-------+------+------+--------+--------+------+------+-------+-------+----------------+
+---+-----+-------+---+-----+-----+--------+--------+---------+------+------+-------+------+------+--------+--------+------+------+-------+-------+----------------+
|0-x| fr  |  time |hop| d0  | d1  |   fi   |  teta  |   dist  |  at  |  dev |   p   |  df  |  l   |   fot  |   tot  |  rot | lsp  |   pf  |    s  |                |
+---+-----+-------+---+-----+-----+--------+--------+---------+------+------+-------+------+------+--------+--------+------+------+-------+-------+----------------+
|  0|10.00|63550.8|  1|15.00|18.33|  44.392|  35.848| 1608.696|  -6.8|   0.4| 1751.1| 0.000|   0.0|  45.856|  42.516|262.68|   0.0|    0.0|    0.0|F2              |
|  0|10.00|63563.7|  1|14.40|17.85|  44.309|  35.545| 1642.782|  -6.8|   0.4| 1782.8| 0.000|   0.0|  45.814|  42.318|261.43|   0.0|    0.0|    0.0|F2              |
|  0|10.00|63577.9|  1|14.40|17.85|  44.307|  35.539| 1643.531|  -6.8|   0.4| 1783.6| 0.000|   0.0|  45.812|  42.308|261.54|   0.0|    0.0|    0.0|F2              |
|  0|10.00|63590.4|  1|12.60|16.51|  44.036|  34.586| 1750.803|  -6.8|   0.4| 1883.9| 0.000|   0.0|  45.682|  41.706|257.53|   0.0|    0.0|    0.0|F2              |
|  0|10.00|63603.0|  1|12.00|16.08|  43.937|  34.248| 1788.900|  -6.8|   0.4| 1919.9| 0.000|   0.0|  45.627|  41.454|256.19|   0.0|    0.0|    0.0|F2              |
|  0|10.00|63614.8|  1|13.20|16.93|  44.127|  34.901| 1715.370|  -6.8|   0.4| 1850.9| 0.000|   0.0|  45.726|  41.909|259.14|   0.0|    0.0|    0.0|F2              |
|  0|10.00|63627.8|  1|13.20|16.98|  43.808|  34.951| 1713.214|  -7.5|   0.4| 1848.7| 0.000|   0.0|  45.575|  41.924|259.07|   0.0|    0.0|    0.0|F2              |
|  0|10.00|63639.6|  1|13.80|17.37|  44.213|  35.204| 1681.181|  -6.8|   0.4| 1819.1| 0.000|   0.0|  45.768|  42.103|260.73|   0.0|    0.0|    0.0|F2              |
|  0|10.00|63651.5|  1|13.20|16.92|  44.121|  34.882| 1717.450|  -6.8|   0.4| 1853.1| 0.000|   0.0|  45.726|  41.909|259.48|   0.0|    0.0|    0.0|F2              |
|  0|10.00|63663.0|  1|13.80|17.36|  44.210|  35.193| 1682.488|  -6.8|   0.4| 1820.6| 0.000|   0.0|  45.768|  42.103|260.95|   0.0|    0.0|    0.0|F2              |
|  0|10.00|63676.0|  1|13.80|17.35|  44.208|  35.186| 1683.249|  -6.8|   0.4| 1821.4| 0.000|   0.0|  45.768|  42.103|261.07|   0.0|    0.0|    0.0|F2              |
|  0|10.00|63687.7|  1|14.40|17.80|  44.292|  35.487| 1649.318|  -6.8|   0.4| 1789.9| 0.000|   0.0|  45.804|  42.269|262.47|   0.0|    0.0|    0.0|F2              |
|  0|10.00|63701.6|  1|13.20|16.89|  44.114|  34.858| 1720.255|  -6.8|   0.4| 1856.2| 0.000|   0.0|  45.718|  41.870|259.88|   0.0|    0.0|    0.0|F2              |
|  0|10.00|63713.5|  1|13.20|16.89|  44.113|  34.852| 1720.922|  -6.8|   0.4| 1856.9| 0.000|   0.0|  45.718|  41.870|259.99|   0.0|    0.0|    0.0|F2              |
|  0|10.00|63727.5|  1|13.80|17.33|  44.201|  35.161| 1686.040|  -6.8|   0.4| 1824.4| 0.000|   0.0|  45.760|  42.064|261.47|   0.0|    0.0|    0.0|F2              |
|  0|10.00|63739.3|  1|14.40|17.77|  44.286|  35.463| 1652.092|  -6.8|   0.4| 1792.9| 0.000|   0.0|  45.804|  42.270|262.96|   0.0|    0.0|    0.0|F2              |
|  0|10.00|63751.9|  1|14.40|17.77|  44.284|  35.458| 1652.664|  -6.8|   0.4| 1793.6| 0.000|   0.0|  45.804|  42.270|263.08|   0.0|    0.0|    0.0|F2              |
|  0|10.00|63764.8|  1|14.40|17.76|  44.283|  35.451| 1653.374|  -6.8|   0.4| 1794.3| 0.000|   0.0|  45.804|  42.270|263.20|   0.0|    0.0|    0.0|F2              |
|  0|10.00|63776.8|  1|13.20|16.86|  44.103|  34.820| 1724.478|  -6.8|   0.4| 1860.7| 0.000|   0.0|  45.717|  41.870|260.60|   0.0|    0.0|    0.0|F2              |
|  0|10.00|63788.7|  1|13.80|17.30|  44.193|  35.132| 1689.296|  -6.8|   0.4| 1827.9| 0.000|   0.0|  45.760|  42.064|262.06|   0.0|    0.0|    0.0|F2              |
+---+-----+-------+---+-----+-----+--------+--------+---------+------+------+-------+------+------+--------+--------+------+------+-------+-------+----------------+
+---+-----+-------+---+-----+-----+--------+--------+---------+------+------+-------+------+------+--------+--------+------+------+-------+-------+----------------+
|0-x| fr  |  time |hop| d0  | d1  |   fi   |  teta  |   dist  |  at  |  dev |   p   |  df  |  l   |   fot  |   tot  |  rot | lsp  |   pf  |    s  |                |
+---+-----+-------+---+-----+-----+--------+--------+---------+------+------+-------+------+------+--------+--------+------+------+-------+-------+----------------+
|  0|10.00|63800.5|  1|14.40|17.74|  44.321|  35.427| 1655.620|  -6.7|   0.4| 1796.7| 0.000|   0.0|  45.828|  42.288|263.59|   0.0|    0.0|    0.0|F2              |
|  0|10.00|63812.0|  1|15.60|18.68|  44.440|  36.019| 1589.400|  -6.8|   0.4| 1735.6| 0.000|   0.0|  45.886|  42.660|266.33|   0.0|    0.0|    0.0|F2              |
|  0|10.00|63823.8|  1|15.00|18.20|  44.358|  35.723| 1622.746|  -6.8|   0.4| 1766.4| 0.000|   0.0|  45.842|  42.449|265.07|   0.0|    0.0|    0.0|F2              |
|  0|10.00|63835.8|  1|13.80|17.33|  43.876|  35.165| 1689.101|  -7.5|   0.4| 1827.9| 0.000|   0.0|  45.612|  42.080|262.32|   0.0|    0.0|    0.0|F2              |
|  0|10.00|63849.8|  1|13.80|17.27|  44.185|  35.103| 1692.549|  -6.8|   0.4| 1831.5| 0.000|   0.0|  45.760|  42.065|262.65|   0.0|    0.0|    0.0|F2              |
|  0|10.00|63861.7|  1|13.80|17.26|  44.183|  35.097| 1693.232|  -6.8|   0.4| 1832.2| 0.000|   0.0|  45.760|  42.065|262.76|   0.0|    0.0|    0.0|F2              |
|  0|10.00|63874.6|  1|14.40|17.71|  44.269|  35.401| 1659.017|  -6.8|   0.4| 1800.5| 0.000|   0.0|  45.808|  42.290|264.26|   0.0|    0.0|    0.0|F2              |
|  0|10.00|63885.4|  1|13.80|17.25|  44.180|  35.086| 1694.538|  -6.8|   0.4| 1833.6| 0.000|   0.0|  45.760|  42.065|262.99|   0.0|    0.0|    0.0|F2              |
|  0|10.00|63898.0|  1|13.80|17.25|  44.178|  35.080| 1695.181|  -6.8|   0.4| 1834.3| 0.000|   0.0|  45.760|  42.065|263.11|   0.0|    0.0|    0.0|F2              |
|  0|10.00|63913.9|  1|14.40|17.70|  44.264|  35.383| 1661.053|  -6.8|   0.4| 1802.7| 0.000|   0.0|  45.808|  42.291|264.63|   0.0|    0.0|    0.0|F2              |
|  0|10.00|63932.0|  1|13.80|17.23|  44.174|  35.064| 1696.959|  -6.8|   0.4| 1836.3| 0.000|   0.0|  45.759|  42.065|263.44|   0.0|    0.0|    0.0|F2              |
|  0|10.00|63942.7|  1|14.40|17.68|  44.260|  35.370| 1662.565|  -6.8|   0.4| 1804.3| 0.000|   0.0|  45.808|  42.291|264.90|   0.0|    0.0|    0.0|F2              |
|  0|10.00|63955.7|  1|13.80|17.22|  44.171|  35.053| 1698.178|  -6.8|   0.4| 1837.6| 0.000|   0.0|  45.751|  42.026|263.60|   0.0|    0.0|    0.0|F2              |
|  0|10.00|63971.8|  1|13.20|16.71|  44.399|  34.669| 1738.236|  -6.1|   0.4| 1875.4| 0.000|   0.0|  45.862|  41.818|262.63|   0.0|    0.0|    0.0|F2              |
|  0|10.00|63983.7|  1|13.80|17.21|  44.167|  35.040| 1699.702|  -6.8|   0.4| 1839.2| 0.000|   0.0|  45.751|  42.026|263.87|   0.0|    0.0|    0.0|F2              |
|  0|10.00|63995.6|  1|13.80|17.20|  44.165|  35.034| 1700.350|  -6.8|   0.4| 1839.9| 0.000|   0.0|  45.751|  42.026|263.99|   0.0|    0.0|    0.0|F2              |
|  0|10.00|64011.8|  1|12.60|16.31|  43.974|  34.375| 1774.681|  -6.8|   0.4| 1909.7| 0.000|   0.0|  45.656|  41.590|261.40|   0.0|    0.0|    0.0|F2              |
|  0|10.00|64023.6|  1|15.00|18.11|  44.334|  35.634| 1632.814|  -6.8|   0.4| 1777.4| 0.000|   0.0|  45.834|  42.411|266.90|   0.0|    0.0|    0.0|F2              |
|  0|10.00|64036.6|  1|15.00|18.10|  44.333|  35.628| 1633.405|  -6.8|   0.4| 1778.1| 0.000|   0.0|  45.834|  42.411|267.03|   0.0|    0.0|    0.0|F2              |
|  0|10.00|64048.4|  1|14.40|17.63|  44.247|  35.321| 1668.032|  -6.8|   0.4| 1810.3| 0.000|   0.0|  45.791|  42.213|265.82|   0.0|    0.0|    0.0|F2              |
+---+-----+-------+---+-----+-----+--------+--------+---------+------+------+-------+------+------+--------+--------+------+------+-------+-------+----------------+
+---+-----+-------+---+-----+-----+--------+--------+---------+------+------+-------+------+------+--------+--------+------+------+-------+-------+----------------+
|0-x| fr  |  time |hop| d0  | d1  |   fi   |  teta  |   dist  |  at  |  dev |   p   |  df  |  l   |   fot  |   tot  |  rot | lsp  |   pf  |    s  |                |
+---+-----+-------+---+-----+-----+--------+--------+---------+------+------+-------+------+------+--------+--------+------+------+-------+-------+----------------+
|  0|10.00|64060.9|  1|13.80|17.17|  44.157|  35.004| 1703.749|  -6.8|   0.4| 1843.6| 0.000|   0.0|  45.751|  42.027|264.64|   0.0|    0.0|    0.0|F2              |
|  0|10.00|64074.9|  1|15.00|18.03|  44.627|  35.561| 1638.020|  -6.1|   0.4| 1782.9| 0.000|   0.0|  45.974|  42.398|267.58|   0.0|    0.0|    0.0|F2              |
|  0|10.00|64086.8|  1|15.00|18.02|  44.626|  35.556| 1638.612|  -6.1|   0.4| 1783.5| 0.000|   0.0|  45.974|  42.398|267.70|   0.0|    0.0|    0.0|F2              |
|  0|10.00|64100.5|  1|14.40|17.60|  44.284|  35.290| 1671.096|  -6.7|   0.4| 1813.6| 0.000|   0.0|  45.812|  42.211|266.36|   0.0|    0.0|    0.0|F2              |
|  0|10.00|64113.4|  1|13.20|16.69|  44.057|  34.657| 1742.862|  -6.8|   0.4| 1880.6| 0.000|   0.0|  45.701|  41.793|263.77|   0.0|    0.0|    0.0|F2              |
|  0|10.00|64126.4|  1|15.00|18.01|  44.621|  35.539| 1640.498|  -6.1|   0.4| 1785.6| 0.000|   0.0|  45.974|  42.398|268.08|   0.0|    0.0|    0.0|F2              |
|  0|10.00|64140.3|  1|14.40|17.53|  44.543|  35.228| 1675.472|  -6.1|   0.4| 1818.1| 0.000|   0.0|  45.936|  42.200|266.91|   0.0|    0.0|    0.0|F2              |
|  0|10.00|64151.0|  1|15.00|17.99|  44.619|  35.528| 1641.770|  -6.1|   0.4| 1787.0| 0.000|   0.0|  45.967|  42.359|268.24|   0.0|    0.0|    0.0|F2              |
|  0|10.00|64167.0|  1|13.80|17.12|  44.143|  34.955| 1709.310|  -6.8|   0.4| 1849.7| 0.000|   0.0|  45.743|  41.988|265.62|   0.0|    0.0|    0.0|F2              |
|  0|10.00|64178.8|  1|14.40|17.51|  44.538|  35.210| 1677.495|  -6.1|   0.4| 1820.3| 0.000|   0.0|  45.936|  42.200|267.29|   0.0|    0.0|    0.0|F2              |
|  0|10.00|64190.6|  1|16.80|19.41|  44.826|  36.372| 1546.955|  -6.1|   0.4| 1700.2| 0.000|   0.0|  46.066|  42.878|272.40|   0.0|    0.0|    0.0|F2              |
|  0|10.00|64203.5|  1|13.80|17.10|  44.138|  34.937| 1711.252|  -6.8|   0.4| 1851.7| 0.000|   0.0|  45.743|  41.988|265.99|   0.0|    0.0|    0.0|F2              |
|  0|10.00|64214.3|  1|16.20|18.91|  44.756|  36.083| 1579.352|  -6.1|   0.4| 1730.0| 0.000|   0.0|  46.035|  42.717|271.40|   0.0|    0.0|    0.0|F2              |
|  0|10.00|64226.2|  1|15.00|18.00|  44.309|  35.544| 1642.967|  -6.8|   0.4| 1788.4| 0.000|   0.0|  45.826|  42.372|268.81|   0.0|    0.0|    0.0|F2              |
|  0|10.00|64238.1|  1|14.40|17.53|  44.222|  35.234| 1677.796|  -6.8|   0.4| 1820.8| 0.000|   0.0|  45.791|  42.214|267.69|   0.0|    0.0|    0.0|F2              |
|  0|10.00|64248.9|  1|15.00|17.99|  44.306|  35.534| 1644.086|  -6.8|   0.4| 1789.6| 0.000|   0.0|  45.826|  42.373|269.03|   0.0|    0.0|    0.0|F2              |
|  0|10.00|64259.6|  1|15.00|17.99|  44.305|  35.529| 1644.568|  -6.8|   0.4| 1790.2| 0.000|   0.0|  45.825|  42.373|269.14|   0.0|    0.0|    0.0|F2              |
|  0|10.00|64259.6|  1|14.40|17.52|  44.220|  35.225| 1678.850|  -6.8|   0.4| 1822.0| 0.000|   0.0|  45.791|  42.214|267.90|   0.0|    0.0|    0.0|F2              |
|  0|10.00|64271.5|  1|15.00|17.98|  44.304|  35.524| 1645.174|  -6.8|   0.4| 1790.8| 0.000|   0.0|  45.825|  42.372|269.26|   0.0|    0.0|    0.0|F2              |
|  0|10.00|64282.2|  1|13.80|17.06|  44.127|  34.901| 1715.339|  -6.8|   0.4| 1856.2| 0.000|   0.0|  45.743|  41.989|266.79|   0.0|    0.0|    0.0|F2              |
+---+-----+-------+---+-----+-----+--------+--------+---------+------+------+-------+------+------+--------+--------+------+------+-------+-------+----------------+
+---+-----+-------+---+-----+-----+--------+--------+---------+------+------+-------+------+------+--------+--------+------+------+-------+-------+----------------+
|0-x| fr  |  time |hop| d0  | d1  |   fi   |  teta  |   dist  |  at  |  dev |   p   |  df  |  l   |   fot  |   tot  |  rot | lsp  |   pf  |    s  |                |
+---+-----+-------+---+-----+-----+--------+--------+---------+------+------+-------+------+------+--------+--------+------+------+-------+-------+----------------+
|  0|10.00|64292.9|  1|15.00|17.97|  44.301|  35.515| 1646.221|  -6.8|   0.4| 1792.0| 0.000|   0.0|  45.825|  42.373|269.47|   0.0|    0.0|    0.0|F2              |
|  0|10.00|64304.8|  1|13.80|17.04|  44.124|  34.891| 1716.533|  -6.8|   0.4| 1857.4| 0.000|   0.0|  45.743|  41.989|267.02|   0.0|    0.0|    0.0|F2              |
|  0|10.00|64316.8|  1|14.40|17.50|  44.212|  35.200| 1681.689|  -6.8|   0.4| 1825.1| 0.000|   0.0|  45.783|  42.175|268.41|   0.0|    0.0|    0.0|F2              |
|  0|10.00|64329.7|  1|15.00|17.95|  44.296|  35.498| 1648.107|  -6.8|   0.4| 1794.0| 0.000|   0.0|  45.825|  42.373|269.83|   0.0|    0.0|    0.0|F2              |
|  0|10.00|64340.3|  1|14.40|17.48|  44.210|  35.189| 1682.862|  -6.8|   0.4| 1826.3| 0.000|   0.0|  45.783|  42.175|268.65|   0.0|    0.0|    0.0|F2              |
|  0|10.00|64351.0|  1|13.20|16.57|  44.071|  34.537| 1755.907|  -6.7|   0.4| 1894.7| 0.000|   0.0|  45.714|  41.753|266.16|   0.0|    0.0|    0.0|F2              |
|  0|10.00|64361.8|  1|13.20|16.57|  44.023|  34.540| 1756.062|  -6.8|   0.4| 1894.9| 0.000|   0.0|  45.692|  41.756|266.24|   0.0|    0.0|    0.0|F2              |
|  0|10.00|64373.2|  1|15.60|18.40|  44.374|  35.776| 1616.806|  -6.8|   0.4| 1765.4| 0.000|   0.0|  45.862|  42.545|271.51|   0.0|    0.0|    0.0|F2              |
|  0|10.00|64385.2|  1|14.40|17.46|  44.204|  35.168| 1685.219|  -6.8|   0.4| 1828.8| 0.000|   0.0|  45.783|  42.175|269.10|   0.0|    0.0|    0.0|F2              |
|  0|10.00|64398.1|  1|14.40|17.45|  44.202|  35.164| 1685.780|  -6.8|   0.4| 1829.5| 0.000|   0.0|  45.783|  42.175|269.23|   0.0|    0.0|    0.0|F2              |
|  0|10.00|64408.8|  1|14.40|17.45|  44.201|  35.159| 1686.305|  -6.8|   0.4| 1830.0| 0.000|   0.0|  45.783|  42.175|269.34|   0.0|    0.0|    0.0|F2              |
|  0|10.00|64421.7|  1|15.00|17.90|  44.285|  35.458| 1652.569|  -6.8|   0.4| 1798.8| 0.000|   0.0|  45.817|  42.334|270.67|   0.0|    0.0|    0.0|F2              |
|  0|10.00|64434.7|  1|15.60|18.36|  44.366|  35.749| 1619.807|  -6.8|   0.4| 1768.6| 0.000|   0.0|  45.862|  42.545|272.11|   0.0|    0.0|    0.0|F2              |
|  0|10.00|64445.6|  1|16.80|19.31|  44.559|  36.304| 1556.934|  -6.7|   0.4| 1711.1| 0.000|   0.0|  45.953|  42.888|274.69|   0.0|    0.0|    0.0|F2              |
|  0|10.00|64459.6|  1|13.80|17.02|  43.786|  34.877| 1721.576|  -7.5|   0.4| 1863.1| 0.000|   0.0|  45.585|  41.965|268.33|   0.0|    0.0|    0.0|F2              |
+---+-----+-------+---+-----+-----+--------+--------+---------+------+------+-------+------+------+--------+--------+------+------+-------+-------+----------------+