
delt0=     0.1  eps=   1e-05  ep=   1e-06  ep1=   0.001
Geomagnetic Field - const
fh= 1.34  i=  65.2  d=   6.8
Number TID: 1
Tid Parametres
  delt   lamb     t     b      a     fi
0.000   200.0  20.0 -45.0   45.0   0.000
delta=-0.000  r0= 200.0  lon=  39.000 lat=  55.000
Beta=  20.0  Alfa=   0.0 aX=  20.0 aY= 100.0 aZ=  20.0

lonIon=  40.000 latIon=  47.500 it=13.00 h_tec=450.0  TEC= 1.13000e+17
lonIon=  40.000 latIon=  47.500 it=13.25 h_tec=450.0  TEC= 1.13000e+17
lonIon=  40.000 latIon=  47.500 it=13.50 h_tec=450.0  TEC= 1.13000e+17
lonIon=  40.000 latIon=  47.500 it=13.75 h_tec=450.0  TEC= 1.13000e+17

Number diff. equation: 6

+==============================================================================+
|   Medium characteristics Sunspot number=  41.5 IG=  41.5   GMT time:13:00    |
|------------------------------------------------------------------------------|
|   S   | fh |  I  |   D  | fd |  hd | fe |  he | ff1 | hf1 | ff2 | hf2 |   Hi |
|-------+----+-----+------+----+-----+----+-----+-----+-----+-----+-----+------|
|    0.0|1.21| 50.6|   2.5|0.20| 81.2|2.78|110.0| 0.00|  0.0| 8.70|276.2|  58.4|
+==============================================================================+

+==================================+
|       Es-layer parametres        |
|----------------------------------|
|   S   | hEs | fbEs | f0Es | P Es |
|-------+-----+------+------+------|
|    0.0|114.7| 3.13 | 3.38 | 68.5 |
+==================================+

|  0|10.00|46797.8|  1|14.40|15.57|  44.794|  36.662| 1515.319|  -6.3|   0.2| 1616.1| 0.000|   0.0|  46.047|  42.767|164.53|   0.0|    0.0|    0.0|F2              |
|  0|10.00|46823.7|  1|21.00|22.12|  45.212|  40.300| 1111.014|  -7.7|   0.2| 1233.9| 0.000|   0.0|  46.265|  44.991|186.72|   0.0|    0.0|    0.0|F2              |
|  0|10.00|46835.6|  1|17.40|18.65|  45.492|  38.745| 1279.530|  -5.6|   0.2| 1387.8| 0.000|   0.0|  46.422|  44.248|177.09|   0.0|    0.0|    0.0|F2              |
|  0|10.00|46847.4|  1|23.40|24.36|  45.391|  41.024| 1029.497|  -7.7|   0.2| 1164.1| 0.000|   0.0|  46.357|  45.426|193.14|   0.0|    0.0|    0.0|F2              |
|  0|10.00|46859.2|  1|15.60|16.92|  45.545|  37.522| 1414.138|  -4.8|   0.2| 1518.5| 0.000|   0.0|  46.430|  43.429|171.10|   0.0|    0.0|    0.0|F2              |
|  0|10.00|46871.0|  1|18.00|19.26|  45.120|  39.087| 1245.286|  -7.0|   0.2| 1355.7| 0.000|   0.0|  46.247|  44.430|178.86|   0.0|    0.0|    0.0|F2              |
|  0|10.00|46882.9|  1|20.40|21.54|  45.350|  40.070| 1134.791|  -7.0|   0.2| 1255.0| 0.000|   0.0|  46.356|  44.988|185.60|   0.0|    0.0|    0.0|F2              |
|  0|10.00|46895.9|  1|21.00|22.09|  45.585|  40.260| 1111.579|  -6.3|   0.2| 1234.4| 0.000|   0.0|  46.445|  44.974|186.96|   0.0|    0.0|    0.0|F2              |
+---+-----+-------+---+-----+-----+--------+--------+---------+------+------+-------+------+------+--------+--------+------+------+-------+-------+----------------+
+---+-----+-------+---+-----+-----+--------+--------+---------+------+------+-------+------+------+--------+--------+------+------+-------+-------+----------------+
|0-x| fr  |  time |hop| d0  | d1  |   fi   |  teta  |   dist  |  at  |  dev |   p   |  df  |  l   |   fot  |   tot  |  rot | lsp  |   pf  |    s  |                |
+---+-----+-------+---+-----+-----+--------+--------+---------+------+------+-------+------+------+--------+--------+------+------+-------+-------+----------------+
|  0|10.00|46895.9|  1|18.00|19.25|  45.335|  39.066| 1245.522|  -6.3|   0.2| 1355.9| 0.000|   0.0|  46.348|  44.421|178.97|   0.0|    0.0|    0.0|F2              |
|  0|10.00|46907.6|  1|16.80|18.11|  44.963|  38.435| 1318.608|  -7.0|   0.2| 1425.4| 0.000|   0.0|  46.172|  44.049|175.46|   0.0|    0.0|    0.0|F2              |
|  0|10.00|46907.6|  1|17.40|18.68|  45.049|  38.788| 1278.856|  -7.0|   0.2| 1387.2| 0.000|   0.0|  46.215|  44.267|177.23|   0.0|    0.0|    0.0|F2              |
|  0|10.00|46920.5|  1|23.40|24.36|  45.391|  41.023| 1029.622|  -7.7|   0.2| 1164.2| 0.000|   0.0|  46.357|  45.426|193.31|   0.0|    0.0|    0.0|F2              |
|  0|10.00|46932.3|  1|22.80|23.80|  45.350|  40.856| 1048.418|  -7.7|   0.2| 1180.0| 0.000|   0.0|  46.332|  45.306|191.69|   0.0|    0.0|    0.0|F2              |
|  0|10.00|46932.3|  1|22.80|23.80|  45.350|  40.856| 1048.418|  -7.7|   0.2| 1180.0| 0.000|   0.0|  46.332|  45.306|191.69|   0.0|    0.0|    0.0|F2              |
|  0|10.00|46944.1|  1|14.40|15.62|  44.527|  36.708| 1512.918|  -7.0|   0.2| 1613.8| 0.000|   0.0|  45.950|  42.954|165.75|   0.0|    0.0|    0.0|F2              |
|  0|10.00|46956.0|  1|16.20|17.55|  45.105|  38.012| 1363.787|  -6.3|   0.2| 1469.4| 0.000|   0.0|  46.220|  43.706|173.56|   0.0|    0.0|    0.0|F2              |
|  0|10.00|46956.0|  1|15.60|16.96|  45.008|  37.577| 1412.522|  -6.3|   0.2| 1517.0| 0.000|   0.0|  46.173|  43.450|171.35|   0.0|    0.0|    0.0|F2              |
|  0|10.00|46969.0|  1|19.80|20.98|  45.300|  39.847| 1159.805|  -7.0|   0.2| 1277.4| 0.000|   0.0|  46.332|  44.865|184.20|   0.0|    0.0|    0.0|F2              |
|  0|10.00|46969.0|  1|15.00|16.27|  45.435|  37.106| 1460.913|  -4.9|   0.2| 1563.5| 0.000|   0.0|  46.383|  43.220|168.96|   0.0|    0.0|    0.0|F2              |
|  0|10.00|46969.0|  1|16.80|18.09|  45.426|  38.397| 1318.393|  -5.6|   0.2| 1425.1| 0.000|   0.0|  46.386|  44.020|175.71|   0.0|    0.0|    0.0|F2              |
|  0|10.00|46969.0|  1|18.60|19.83|  45.393|  39.337| 1215.070|  -6.3|   0.2| 1327.8| 0.000|   0.0|  46.350|  44.432|180.52|   0.0|    0.0|    0.0|F2              |
|  0|10.00|46984.1|  1|19.20|20.40|  45.447|  39.591| 1186.588|  -6.3|   0.2| 1301.7| 0.000|   0.0|  46.375|  44.571|182.21|   0.0|    0.0|    0.0|F2              |
|  0|10.00|46984.1|  1|19.20|20.40|  45.447|  39.591| 1186.588|  -6.3|   0.2| 1301.7| 0.000|   0.0|  46.375|  44.571|182.21|   0.0|    0.0|    0.0|F2              |
|  0|10.00|46996.0|  1|18.60|19.83|  45.394|  39.337| 1215.058|  -6.3|   0.2| 1327.8| 0.000|   0.0|  46.350|  44.432|180.60|   0.0|    0.0|    0.0|F2              |
|  0|10.00|46996.0|  1|18.00|19.25|  45.336|  39.066| 1245.494|  -6.3|   0.2| 1356.0| 0.000|   0.0|  46.323|  44.281|178.91|   0.0|    0.0|    0.0|F2              |
|  0|10.00|47011.1|  1|16.20|17.55|  45.107|  38.017| 1363.141|  -6.3|   0.2| 1468.8| 0.000|   0.0|  46.220|  43.706|173.73|   0.0|    0.0|    0.0|F2              |
|  0|10.00|47022.9|  1|16.80|18.12|  44.966|  38.444| 1317.542|  -7.0|   0.2| 1424.3| 0.000|   0.0|  46.174|  44.060|175.81|   0.0|    0.0|    0.0|F2              |
|  0|10.00|47036.0|  1|16.80|18.11|  45.197|  38.423| 1317.573|  -6.3|   0.2| 1424.3| 0.000|   0.0|  46.282|  44.050|175.89|   0.0|    0.0|    0.0|F2              |
+---+-----+-------+---+-----+-----+--------+--------+---------+------+------+-------+------+------+--------+--------+------+------+-------+-------+----------------+
+---+-----+-------+---+-----+-----+--------+--------+---------+------+------+-------+------+------+--------+--------+------+------+-------+-------+----------------+
|0-x| fr  |  time |hop| d0  | d1  |   fi   |  teta  |   dist  |  at  |  dev |   p   |  df  |  l   |   fot  |   tot  |  rot | lsp  |   pf  |    s  |                |
+---+-----+-------+---+-----+-----+--------+--------+---------+------+------+-------+------+------+--------+--------+------+------+-------+-------+----------------+
|  0|10.00|47047.7|  1|20.40|21.57|  44.942|  40.115| 1134.546|  -8.5|   0.2| 1254.9| 0.000|   0.0|  46.130|  44.862|185.54|   0.0|    0.0|    0.0|F2              |
|  0|10.00|47061.6|  1|21.00|22.10|  45.399|  40.276| 1111.641|  -7.0|   0.2| 1234.6| 0.000|   0.0|  46.355|  44.982|187.35|   0.0|    0.0|    0.0|F2              |
|  0|10.00|47061.6|  1|21.00|22.10|  45.399|  40.276| 1111.641|  -7.0|   0.2| 1234.6| 0.000|   0.0|  46.355|  44.982|187.35|   0.0|    0.0|    0.0|F2              |
|  0|10.00|47075.7|  1|16.80|18.09|  45.461|  38.403| 1317.444|  -5.5|   0.2| 1424.1| 0.000|   0.0|  46.407|  44.050|176.05|   0.0|    0.0|    0.0|F2              |
|  0|10.00|47098.4|  1|18.00|19.26|  45.337|  39.066| 1245.447|  -6.3|   0.2| 1356.0| 0.000|   0.0|  46.330|  44.321|179.37|   0.0|    0.0|    0.0|F2              |
|  0|10.00|47098.4|  1|16.80|18.11|  45.231|  38.425| 1317.024|  -6.2|   0.2| 1423.7| 0.000|   0.0|  46.299|  44.059|176.08|   0.0|    0.0|    0.0|F2              |
|  0|10.00|47111.3|  1|16.80|18.11|  45.199|  38.429| 1316.879|  -6.3|   0.2| 1423.6| 0.000|   0.0|  46.284|  44.060|176.12|   0.0|    0.0|    0.0|F2              |
|  0|10.00|47123.1|  1|17.40|18.69|  45.052|  38.794| 1278.188|  -7.0|   0.2| 1386.6| 0.000|   0.0|  46.186|  44.116|177.47|   0.0|    0.0|    0.0|F2              |
|  0|10.00|47123.1|  1|16.20|17.58|  44.871|  38.051| 1361.716|  -7.0|   0.2| 1467.4| 0.000|   0.0|  46.128|  43.829|174.25|   0.0|    0.0|    0.0|F2              |
|  0|10.00|47135.3|  1|15.60|17.00|  44.764|  37.622| 1410.012|  -7.0|   0.2| 1514.5| 0.000|   0.0|  46.077|  43.573|172.12|   0.0|    0.0|    0.0|F2              |
|  0|10.00|47135.3|  1|15.60|17.00|  44.764|  37.622| 1410.012|  -7.0|   0.2| 1514.5| 0.000|   0.0|  46.077|  43.573|172.12|   0.0|    0.0|    0.0|F2              |
|  0|10.00|47148.3|  1|13.80|14.95|  44.690|  36.211| 1565.935|  -6.3|   0.2| 1665.1| 0.000|   0.0|  46.058|  42.826|163.80|   0.0|    0.0|    0.0|F2              |
|  0|10.00|47148.3|  1|14.40|15.65|  44.809|  36.710| 1509.876|  -6.3|   0.2| 1610.8| 0.000|   0.0|  46.088|  42.984|166.77|   0.0|    0.0|    0.0|F2              |
|  0|10.00|47161.2|  1|12.00|12.69|  43.606|  34.600| 1753.915|  -7.7|   0.2| 1846.9| 0.000|   0.0|  45.525|  41.693|151.77|   0.0|    0.0|    0.0|F2              |
|  0|10.00|47161.2|  1|16.20|17.55|  45.352|  38.012| 1361.596|  -5.6|   0.2| 1467.1| 0.000|   0.0|  46.353|  43.809|174.45|   0.0|    0.0|    0.0|F2              |
|  0|10.00|47161.2|  1|15.00|16.34|  44.917|  37.170| 1458.174|  -6.3|   0.2| 1561.0| 0.000|   0.0|  46.128|  43.199|169.52|   0.0|    0.0|    0.0|F2              |
|  0|10.00|47161.2|  1|13.80|14.97|  44.405|  36.239| 1565.580|  -7.0|   0.2| 1664.9| 0.000|   0.0|  45.926|  42.838|163.79|   0.0|    0.0|    0.0|F2              |
|  0|10.00|47175.3|  1|14.40|15.67|  44.537|  36.739| 1509.368|  -7.0|   0.2| 1610.4| 0.000|   0.0|  45.953|  42.966|166.75|   0.0|    0.0|    0.0|F2              |
|  0|10.00|47187.1|  1|16.80|18.13|  44.971|  38.458| 1315.998|  -7.0|   0.2| 1422.7| 0.000|   0.0|  46.176|  44.070|176.31|   0.0|    0.0|    0.0|F2              |
|  0|10.00|47187.1|  1|16.80|18.13|  44.971|  38.458| 1315.998|  -7.0|   0.2| 1422.7| 0.000|   0.0|  46.176|  44.070|176.31|   0.0|    0.0|    0.0|F2              |
+---+-----+-------+---+-----+-----+--------+--------+---------+------+------+-------+------+------+--------+--------+------+------+-------+-------+----------------+
+---+-----+-------+---+-----+-----+--------+--------+---------+------+------+-------+------+------+--------+--------+------+------+-------+-------+----------------+
|0-x| fr  |  time |hop| d0  | d1  |   fi   |  teta  |   dist  |  at  |  dev |   p   |  df  |  l   |   fot  |   tot  |  rot | lsp  |   pf  |    s  |                |
+---+-----+-------+---+-----+-----+--------+--------+---------+------+------+-------+------+------+--------+--------+------+------+-------+-------+----------------+
|  0|10.00|47199.0|  1|16.20|17.58|  44.873|  38.059| 1360.833|  -7.0|   0.2| 1466.5| 0.000|   0.0|  46.128|  43.829|174.49|   0.0|    0.0|    0.0|F2              |
|  0|10.00|47210.8|  1|18.60|19.85|  45.187|  39.358| 1214.817|  -7.0|   0.2| 1327.7| 0.000|   0.0|  46.250|  44.442|181.16|   0.0|    0.0|    0.0|F2              |
|  0|10.00|47221.6|  1| 8.40| 8.35|  45.825|  39.681| 1173.386|  -5.1|   0.0| 1205.3| 0.000|   0.0|  46.601|  44.814|100.95|   0.0|    0.0|    0.0|E               |
|  0|10.00|47236.8|  1|13.80|14.99|  44.449|  36.247| 1564.344|  -6.9|   0.2| 1663.7| 0.000|   0.0|  45.887|  42.549|163.48|   0.0|    0.0|    0.0|F2              |
|  0|10.00|47247.5|  1|13.80|14.98|  44.695|  36.225| 1564.297|  -6.3|   0.2| 1663.6| 0.000|   0.0|  46.005|  42.538|163.59|   0.0|    0.0|    0.0|F2              |
|  0|10.00|47247.5|  1|15.00|16.36|  44.920|  37.180| 1457.122|  -6.3|   0.2| 1560.0| 0.000|   0.0|  46.139|  43.261|170.00|   0.0|    0.0|    0.0|F2              |
|  0|10.00|47271.1|  1|14.40|15.70|  44.542|  36.752| 1507.857|  -7.0|   0.2| 1608.9| 0.000|   0.0|  45.982|  43.109|167.36|   0.0|    0.0|    0.0|F2              |
|  0|10.00|47284.0|  1|17.40|18.70|  45.054|  38.798| 1277.731|  -7.0|   0.2| 1386.2| 0.000|   0.0|  46.217|  44.277|178.33|   0.0|    0.0|    0.0|F2              |
|  0|10.00|47296.0|  1|16.80|18.14|  44.974|  38.467| 1314.999|  -7.0|   0.2| 1421.7| 0.000|   0.0|  46.176|  44.070|176.63|   0.0|    0.0|    0.0|F2              |
|  0|10.00|47307.5|  1|16.80|18.14|  44.974|  38.468| 1314.897|  -7.0|   0.2| 1421.6| 0.000|   0.0|  46.176|  44.070|176.66|   0.0|    0.0|    0.0|F2              |
|  0|10.00|47318.9|  1|16.20|17.59|  44.878|  38.073| 1359.298|  -7.0|   0.2| 1464.9| 0.000|   0.0|  46.108|  43.728|174.66|   0.0|    0.0|    0.0|F2              |
|  0|10.00|47331.1|  1|19.20|20.42|  45.247|  39.609| 1186.549|  -7.0|   0.2| 1301.9| 0.000|   0.0|  46.304|  44.720|183.53|   0.0|    0.0|    0.0|F2              |
|  0|10.00|47341.8|  1|12.00|12.74|  44.281|  34.573| 1749.905|  -6.3|   0.2| 1843.1| 0.000|   0.0|  45.841|  41.685|153.15|   0.0|    0.0|    0.0|F2              |
|  0|10.00|47353.2|  1|25.20|26.01|  45.662|  41.454|  979.277|  -7.0|   0.2| 1123.6| 0.000|   0.0|  46.489|  45.681|198.83|   0.0|    0.0|    0.0|F2              |
|  0|10.00|47363.9|  1| 6.60| 6.57|  45.410|  38.609| 1295.173|  -5.8|   0.0| 1323.6| 0.000|   0.0|  46.440|  44.392| 99.05|   0.0|    0.0|    0.0|E               |
|  0|10.00|47363.9|  1|12.00|12.75|  44.282|  34.578| 1749.377|  -6.3|   0.2| 1842.6| 0.000|   0.0|  45.876|  41.872|153.63|   0.0|    0.0|    0.0|F2              |
|  0|10.00|47374.6|  1|16.20|17.59|  44.880|  38.079| 1358.596|  -7.0|   0.2| 1464.2| 0.000|   0.0|  46.108|  43.728|174.82|   0.0|    0.0|    0.0|F2              |
|  0|10.00|47385.5|  1|14.40|15.86|  42.063|  37.108| 1507.055| -13.5|   0.2| 1608.8| 0.000|   0.0|  44.770|  43.135|167.18|   0.0|    0.0|    0.0|F2              |
|  0|10.00|47385.5|  1|13.20|14.30|  44.574|  35.725| 1620.472|  -6.3|   0.2| 1718.0| 0.000|   0.0|  45.960|  42.302|161.12|   0.0|    0.0|    0.0|F2              |
|  0|10.00|47398.1|  1| 7.20| 7.17|  45.067|  39.076| 1247.112|  -7.2|   0.0| 1276.5| 0.000|   0.0|  46.276|  44.597| 99.63|   0.0|    0.0|    0.0|E               |
+---+-----+-------+---+-----+-----+--------+--------+---------+------+------+-------+------+------+--------+--------+------+------+-------+-------+----------------+
+---+-----+-------+---+-----+-----+--------+--------+---------+------+------+-------+------+------+--------+--------+------+------+-------+-------+----------------+
|0-x| fr  |  time |hop| d0  | d1  |   fi   |  teta  |   dist  |  at  |  dev |   p   |  df  |  l   |   fot  |   tot  |  rot | lsp  |   pf  |    s  |                |
+---+-----+-------+---+-----+-----+--------+--------+---------+------+------+-------+------+------+--------+--------+------+------+-------+-------+----------------+
|  0|10.00|47398.1|  1| 6.00| 5.98|  44.840|  38.170| 1349.022|  -7.2|   0.0| 1376.6| 0.000|   0.0|  46.180|  44.117| 98.47|   0.0|    0.0|    0.0|E               |
|  0|10.00|47409.9|  1|10.80|10.99|  43.476|  33.034| 1926.765|  -7.0|   0.2| 2016.3| 0.000|   0.0|  45.496|  40.840|143.47|   0.0|    0.0|    0.0|F2              |
|  0|10.00|47409.9|  1|11.40|11.94|  43.755|  33.942| 1824.324|  -7.0|   0.2| 1915.5| 0.000|   0.0|  45.624|  41.421|149.03|   0.0|    0.0|    0.0|F2              |
|  0|10.00|47433.5|  1|13.80|15.04|  44.419|  36.280| 1560.973|  -7.0|   0.2| 1660.4| 0.000|   0.0|  45.905|  42.737|164.96|   0.0|    0.0|    0.0|F2              |
|  0|10.00|47445.3|  1|17.40|18.72|  45.056|  38.802| 1277.332|  -7.0|   0.2| 1385.9| 0.000|   0.0|  46.194|  44.157|178.57|   0.0|    0.0|    0.0|F2              |
|  0|10.00|47456.0|  1|12.60|13.59|  44.127|  35.217| 1680.630|  -7.0|   0.2| 1776.2| 0.000|   0.0|  45.779|  42.136|158.07|   0.0|    0.0|    0.0|F2              |
|  0|10.00|47466.7|  1|18.60|19.86|  45.189|  39.358| 1214.747|  -7.0|   0.2| 1327.8| 0.000|   0.0|  46.279|  44.592|182.26|   0.0|    0.0|    0.0|F2              |
|  0|10.00|47478.6|  1|16.80|18.16|  44.750|  38.505| 1313.255|  -7.7|   0.2| 1420.0| 0.000|   0.0|  46.069|  44.082|177.13|   0.0|    0.0|    0.0|F2              |
|  0|10.00|47489.4|  1|18.00|19.29|  45.126|  39.091| 1244.786|  -7.0|   0.2| 1355.6| 0.000|   0.0|  46.250|  44.441|180.65|   0.0|    0.0|    0.0|F2              |
|  0|10.00|47511.5|  1|11.40|12.01|  43.416|  34.008| 1820.847|  -7.7|   0.2| 1912.2| 0.000|   0.0|  45.498|  41.584|149.76|   0.0|    0.0|    0.0|F2              |
|  0|10.00|47523.3|  1|13.20|14.36|  44.283|  35.775| 1617.863|  -7.0|   0.2| 1715.5| 0.000|   0.0|  45.852|  42.481|162.15|   0.0|    0.0|    0.0|F2              |
|  0|10.00|47535.3|  1| 8.40| 8.36|  45.210|  39.660| 1181.366|  -7.2|   0.0| 1213.7| 0.000|   0.0|  46.323|  44.837|101.31|   0.0|    0.0|    0.0|E               |
|  0|10.00|47546.0|  1| 7.20| 7.17|  45.488|  39.002| 1251.176|  -5.8|   0.0| 1280.7| 0.000|   0.0|  46.470|  44.580| 99.78|   0.0|    0.0|    0.0|E               |
|  0|10.00|47556.7|  1|15.60|17.04|  45.029|  37.647| 1404.659|  -6.3|   0.2| 1509.1| 0.000|   0.0|  46.178|  43.472|173.46|   0.0|    0.0|    0.0|F2              |
|  0|10.00|47579.3|  1|13.20|14.41|  43.650|  35.852| 1616.646|  -8.5|   0.2| 1714.5| 0.000|   0.0|  45.503|  42.308|161.68|   0.0|    0.0|    0.0|F2              |
|  0|10.00|47590.0|  1|10.80|11.11|  43.515|  33.153| 1913.365|  -7.0|   0.2| 2003.0| 0.000|   0.0|  45.533|  41.010|145.11|   0.0|    0.0|    0.0|F2              |
|  0|10.00|47602.0|  1| 9.00| 8.94|  45.430|  39.723| 1172.242|  -6.5|   0.0| 1207.0| 0.000|   0.0|  46.410|  44.800|102.53|   0.0|    0.0|    0.0|E               |
|  0|10.00|47612.7|  1|11.40|11.97|  45.227|  33.883| 1818.751|  -4.1|   0.2| 1910.1| 0.000|   0.0|  46.311|  41.498|151.13|   0.0|    0.0|    0.0|F2              |
|  0|10.00|47623.4|  1|13.80|15.06|  44.998|  36.257| 1558.109|  -5.6|   0.2| 1657.6| 0.000|   0.0|  46.177|  42.735|166.01|   0.0|    0.0|    0.0|F2              |
|  0|10.00|47634.1|  1|10.80|11.16|  43.148|  33.209| 1911.132|  -7.7|   0.2| 2000.8| 0.000|   0.0|  45.364|  41.027|145.28|   0.0|    0.0|    0.0|F2              |
+---+-----+-------+---+-----+-----+--------+--------+---------+------+------+-------+------+------+--------+--------+------+------+-------+-------+----------------+
+---+-----+-------+---+-----+-----+--------+--------+---------+------+------+-------+------+------+--------+--------+------+------+-------+-------+----------------+
|0-x| fr  |  time |hop| d0  | d1  |   fi   |  teta  |   dist  |  at  |  dev |   p   |  df  |  l   |   fot  |   tot  |  rot | lsp  |   pf  |    s  |                |
+---+-----+-------+---+-----+-----+--------+--------+---------+------+------+-------+------+------+--------+--------+------+------+-------+-------+----------------+
|  0|10.00|47644.9|  1| 9.00| 8.95|  45.229|  39.732| 1173.234|  -7.2|   0.0| 1208.0| 0.000|   0.0|  46.317|  44.809|102.58|   0.0|    0.0|    0.0|E               |
|  0|10.00|47655.7|  1|15.60|17.05|  45.032|  37.658| 1403.374|  -6.3|   0.2| 1507.8| 0.000|   0.0|  46.182|  43.493|173.85|   0.0|    0.0|    0.0|F2              |
|  0|10.00|47678.3|  1|17.40|18.72|  45.280|  38.785| 1276.973|  -6.3|   0.2| 1385.6| 0.000|   0.0|  46.295|  44.118|179.15|   0.0|    0.0|    0.0|F2              |
|  0|10.00|47690.1|  1|12.00|12.89|  44.350|  34.638| 1742.124|  -6.2|   0.2| 1835.9| 0.000|   0.0|  45.891|  41.831|155.61|   0.0|    0.0|    0.0|F2              |
+==============================================================================+
|   Medium characteristics Sunspot number=  41.5 IG=  41.5   GMT time:13:14    |
|------------------------------------------------------------------------------|
|   S   | fh |  I  |   D  | fd |  hd | fe |  he | ff1 | hf1 | ff2 | hf2 |   Hi |
|-------+----+-----+------+----+-----+----+-----+-----+-----+-----+-----+------|
|    0.0|1.21| 50.6|   2.5|0.19| 81.3|2.71|110.0| 0.00|  0.0| 8.70|276.2|  61.3|
+==============================================================================+

+==================================+
|       Es-layer parametres        |
|----------------------------------|
|   S   | hEs | fbEs | f0Es | P Es |
|-------+-----+------+------+------|
|    0.0|114.5| 3.07 | 3.34 | 69.5 |
+==================================+

|  0|10.00|47703.0|  1|10.20| 9.86|  43.347|  31.256| 2122.909|  -6.2|   0.3| 2214.2| 0.000|   0.0|  45.461|  39.802|138.44|   0.0|    0.0|    0.0|F2              |
|  0|10.00|47713.8|  1|12.60|13.65|  44.768|  35.203| 1676.246|  -5.6|   0.2| 1772.1| 0.000|   0.0|  46.051|  41.987|159.34|   0.0|    0.0|    0.0|F2              |
|  0|10.00|47724.5|  1|13.20|14.40|  44.591|  35.778| 1614.454|  -6.3|   0.2| 1712.3| 0.000|   0.0|  45.995|  42.490|163.28|   0.0|    0.0|    0.0|F2              |
|  0|10.00|47736.4|  1|12.00|12.94|  43.978|  34.685| 1740.592|  -7.0|   0.2| 1834.5| 0.000|   0.0|  45.682|  41.682|155.37|   0.0|    0.0|    0.0|F2              |
|  0|10.00|47749.4|  1|11.40|12.12|  43.788|  34.042| 1813.094|  -7.0|   0.2| 1904.8| 0.000|   0.0|  45.643|  41.508|151.47|   0.0|    0.0|    0.0|F2              |
|  0|10.00|47762.3|  1|11.40|12.11|  44.137|  34.012| 1812.859|  -6.3|   0.2| 1904.5| 0.000|   0.0|  45.815|  41.556|151.76|   0.0|    0.0|    0.0|F2              |
|  0|10.00|47773.0|  1|12.60|13.69|  44.503|  35.239| 1674.622|  -6.2|   0.2| 1770.6| 0.000|   0.0|  45.924|  41.998|159.58|   0.0|    0.0|    0.0|F2              |
|  0|10.00|47783.7|  1|13.20|14.42|  44.595|  35.789| 1613.232|  -6.3|   0.2| 1711.1| 0.000|   0.0|  45.996|  42.491|163.58|   0.0|    0.0|    0.0|F2              |
|  0|10.00|47795.7|  1|15.60|17.02|  45.537|  37.638| 1401.453|  -4.9|   0.2| 1505.7| 0.000|   0.0|  46.424|  43.505|174.49|   0.0|    0.0|    0.0|F2              |
|  0|10.00|47808.6|  1|12.60|13.69|  44.774|  35.222| 1674.134|  -5.6|   0.2| 1770.1| 0.000|   0.0|  46.086|  42.196|160.36|   0.0|    0.0|    0.0|F2              |
|  0|10.00|47819.4|  1|11.40|12.16|  43.796|  34.063| 1810.725|  -7.0|   0.2| 1902.5| 0.000|   0.0|  45.648|  41.529|151.99|   0.0|    0.0|    0.0|F2              |
|  0|10.00|47830.8|  1|14.40|15.69|  46.554|  36.692| 1501.226|  -1.9|   0.2| 1602.2| 0.000|   0.0|  46.911|  43.095|170.25|   0.0|    0.0|    0.0|F2              |
|  0|10.00|47842.7|  1|10.20|10.10|  43.576|  31.807| 2060.347|  -6.2|   0.2| 2150.0| 0.000|   0.0|  45.601|  40.354|140.73|   0.0|    0.0|    0.0|F2              |
|  0|10.00|47853.4|  1| 9.60| 9.44|  44.677|  37.435| 1431.441|  -7.1|   0.1| 1481.1| 0.000|   0.0|  46.141|  43.919|108.02|   0.0|    0.0|    0.0|E               |
|  0|10.00|47864.9|  1|14.40|15.83|  44.608|  36.833| 1498.287|  -6.9|   0.2| 1599.6| 0.000|   0.0|  46.007|  43.141|169.93|   0.0|    0.0|    0.0|F2              |
|  0|10.00|47875.7|  1|11.40|12.19|  43.851|  34.074| 1808.905|  -6.9|   0.2| 1900.8| 0.000|   0.0|  45.675|  41.549|152.42|   0.0|    0.0|    0.0|F2              |
+---+-----+-------+---+-----+-----+--------+--------+---------+------+------+-------+------+------+--------+--------+------+------+-------+-------+----------------+
+---+-----+-------+---+-----+-----+--------+--------+---------+------+------+-------+------+------+--------+--------+------+------+-------+-------+----------------+
|0-x| fr  |  time |hop| d0  | d1  |   fi   |  teta  |   dist  |  at  |  dev |   p   |  df  |  l   |   fot  |   tot  |  rot | lsp  |   pf  |    s  |                |
+---+-----+-------+---+-----+-----+--------+--------+---------+------+------+-------+------+------+--------+--------+------+------+-------+-------+----------------+
|  0|10.00|47886.5|  1|11.40|12.19|  43.802|  34.082| 1808.530|  -7.0|   0.2| 1900.5| 0.000|   0.0|  45.617|  41.384|152.17|   0.0|    0.0|    0.0|F2              |
|  0|10.00|47899.4|  1|12.00|13.01|  43.990|  34.722| 1736.437|  -7.0|   0.2| 1830.5| 0.000|   0.0|  45.722|  41.870|156.82|   0.0|    0.0|    0.0|F2              |
|  0|10.00|47910.1|  1| 7.80| 7.77|  45.123|  39.299| 1221.916|  -7.2|   0.0| 1253.1| 0.000|   0.0|  46.275|  44.596|100.63|   0.0|    0.0|    0.0|E               |
|  0|10.00|47922.0|  1|10.20|10.20|  43.568|  31.985| 2040.858|  -6.3|   0.2| 2130.2| 0.000|   0.0|  45.559|  40.275|141.50|   0.0|    0.0|    0.0|F2              |
|  0|10.00|47933.8|  1|13.20|14.44|  44.943|  35.788| 1610.286|  -5.5|   0.2| 1708.2| 0.000|   0.0|  46.131|  42.334|164.05|   0.0|    0.0|    0.0|F2              |
|  0|10.00|47945.7|  1|12.60|13.75|  44.469|  35.277| 1670.703|  -6.3|   0.2| 1766.8| 0.000|   0.0|  45.907|  42.022|160.58|   0.0|    0.0|    0.0|F2              |
|  0|10.00|47957.6|  1|13.20|14.49|  44.308|  35.851| 1609.241|  -7.0|   0.2| 1707.2| 0.000|   0.0|  45.827|  42.360|164.00|   0.0|    0.0|    0.0|F2              |
|  0|10.00|47969.4|  1|15.60|17.12|  44.305|  37.784| 1397.552|  -8.4|   0.2| 1501.9| 0.000|   0.0|  45.828|  43.530|174.71|   0.0|    0.0|    0.0|F2              |
|  0|10.00|47980.1|  1|12.00|13.04|  43.997|  34.740| 1734.361|  -7.0|   0.2| 1828.6| 0.000|   0.0|  45.727|  41.891|157.36|   0.0|    0.0|    0.0|F2              |
|  0|10.00|47994.1|  1|11.40|12.27|  43.468|  34.148| 1804.949|  -7.7|   0.2| 1897.1| 0.000|   0.0|  45.520|  41.672|153.17|   0.0|    0.0|    0.0|F2              |
|  0|10.00|48004.8|  1|11.40|12.22|  44.506|  34.052| 1805.272|  -5.6|   0.2| 1897.3| 0.000|   0.0|  45.982|  41.587|153.62|   0.0|    0.0|    0.0|F2              |
|  0|10.00|48015.6|  1|10.20|10.30|  43.199|  32.145| 2026.991|  -7.0|   0.2| 2116.2| 0.000|   0.0|  45.374|  40.294|142.13|   0.0|    0.0|    0.0|F2              |
|  0|10.00|48026.3|  1|11.40|12.25|  44.161|  34.088| 1804.281|  -6.3|   0.2| 1896.4| 0.000|   0.0|  45.824|  41.600|153.64|   0.0|    0.0|    0.0|F2              |
|  0|10.00|48038.2|  1|12.00|13.06|  44.001|  34.753| 1732.938|  -7.0|   0.2| 1827.2| 0.000|   0.0|  45.727|  41.891|157.71|   0.0|    0.0|    0.0|F2              |
|  0|10.00|48050.0|  1|11.40|12.28|  43.818|  34.128| 1803.301|  -7.0|   0.2| 1895.5| 0.000|   0.0|  45.667|  41.615|153.67|   0.0|    0.0|    0.0|F2              |
|  0|10.00|48061.8|  1|10.20|10.35|  43.224|  32.220| 2018.449|  -7.0|   0.2| 2107.5| 0.000|   0.0|  45.402|  40.421|142.77|   0.0|    0.0|    0.0|F2              |
|  0|10.00|48074.8|  1|12.00|13.10|  43.678|  34.795| 1731.801|  -7.7|   0.2| 1826.2| 0.000|   0.0|  45.537|  41.741|157.45|   0.0|    0.0|    0.0|F2              |
|  0|10.00|48085.6|  1|12.60|13.83|  44.167|  35.336| 1667.200|  -7.0|   0.2| 1763.5| 0.000|   0.0|  45.802|  42.243|161.76|   0.0|    0.0|    0.0|F2              |
|  0|10.00|48096.4|  1| 9.00| 8.93|  45.337|  39.274| 1222.504|  -6.5|   0.0| 1259.4| 0.000|   0.0|  46.395|  44.715|103.82|   0.0|    0.0|    0.0|E               |
|  0|10.00|48107.1|  1|10.80|11.43|  43.970|  33.382| 1883.676|  -6.3|   0.2| 1973.8| 0.000|   0.0|  45.698|  40.959|149.10|   0.0|    0.0|    0.0|F2              |
+---+-----+-------+---+-----+-----+--------+--------+---------+------+------+-------+------+------+--------+--------+------+------+-------+-------+----------------+
+---+-----+-------+---+-----+-----+--------+--------+---------+------+------+-------+------+------+--------+--------+------+------+-------+-------+----------------+
|0-x| fr  |  time |hop| d0  | d1  |   fi   |  teta  |   dist  |  at  |  dev |   p   |  df  |  l   |   fot  |   tot  |  rot | lsp  |   pf  |    s  |                |
+---+-----+-------+---+-----+-----+--------+--------+---------+------+------+-------+------+------+--------+--------+------+------+-------+-------+----------------+
|  0|10.00|48117.8|  1|12.00|13.08|  44.334|  34.739| 1731.131|  -6.3|   0.2| 1825.5| 0.000|   0.0|  45.883|  41.899|158.34|   0.0|    0.0|    0.0|F2              |
|  0|10.00|48129.6|  1|10.20|10.42|  43.256|  32.316| 2007.657|  -7.0|   0.2| 2096.6| 0.000|   0.0|  45.431|  40.548|143.55|   0.0|    0.0|    0.0|F2              |
|  0|10.00|48140.2|  1|10.80|11.47|  43.607|  33.429| 1882.141|  -7.0|   0.2| 1972.4| 0.000|   0.0|  45.527|  40.975|149.20|   0.0|    0.0|    0.0|F2              |
|  0|10.00|48152.1|  1|11.40|12.33|  43.828|  34.156| 1800.115|  -7.0|   0.2| 1892.4| 0.000|   0.0|  45.672|  41.636|154.39|   0.0|    0.0|    0.0|F2              |
|  0|10.00|48165.0|  1|10.20|10.46|  43.271|  32.361| 2002.553|  -7.0|   0.2| 2091.5| 0.000|   0.0|  45.441|  40.591|143.92|   0.0|    0.0|    0.0|F2              |
|  0|10.00|48175.8|  1|11.40|12.34|  43.830|  34.163| 1799.396|  -7.0|   0.2| 1891.8| 0.000|   0.0|  45.654|  41.553|154.47|   0.0|    0.0|    0.0|F2              |
|  0|10.00|48188.8|  1|12.60|13.88|  43.865|  35.389| 1664.651|  -7.7|   0.2| 1761.1| 0.000|   0.0|  45.664|  42.279|162.26|   0.0|    0.0|    0.0|F2              |
|  0|10.00|48200.6|  1|10.20|10.49|  43.285|  32.403| 1997.849|  -7.0|   0.2| 2086.8| 0.000|   0.0|  45.460|  40.676|144.31|   0.0|    0.0|    0.0|F2              |
|  0|10.00|48216.9|  1|10.80|11.51|  43.618|  33.460| 1878.564|  -7.0|   0.2| 1968.9| 0.000|   0.0|  45.546|  41.059|149.96|   0.0|    0.0|    0.0|F2              |
|  0|10.00|48242.8|  1|13.20|14.56|  44.621|  35.877| 1603.253|  -6.3|   0.2| 1701.3| 0.000|   0.0|  46.016|  42.596|166.02|   0.0|    0.0|    0.0|F2              |
|  0|10.00|48255.8|  1|10.80|11.52|  43.989|  33.443| 1876.803|  -6.3|   0.2| 1967.1| 0.000|   0.0|  45.719|  41.065|150.44|   0.0|    0.0|    0.0|F2              |
|  0|10.00|48266.5|  1|19.19|20.46|  44.849|  39.651| 1186.475|  -8.4|   0.2| 1302.3| 0.000|   0.0|  46.118|  44.751|186.00|   0.0|    0.0|    0.0|F2              |
|  0|10.00|48277.5|  1|12.60|13.89|  44.180|  35.375| 1662.773|  -7.0|   0.2| 1759.2| 0.000|   0.0|  45.773|  42.100|162.47|   0.0|    0.0|    0.0|F2              |
|  0|10.00|48289.4|  1|10.20|10.56|  43.718|  32.480| 1985.177|  -6.2|   0.3| 2074.0| 0.000|   0.0|  45.613|  40.536|145.24|   0.0|    0.0|    0.0|F2              |
|  0|10.00|48300.2|  1|27.00|27.61|  45.906|  41.832|  935.188|  -6.3|   0.2| 1089.8| 0.000|   0.0|  46.602|  45.876|205.00|   0.0|    0.0|    0.0|F2              |
|  0|10.00|48300.2|  1| 6.00| 5.99|  44.811|  38.051| 1362.398|  -7.2|   0.0| 1390.5| 0.000|   0.0|  46.146|  43.945| 98.70|   0.0|    0.0|    0.0|E               |
|  0|10.00|48310.9|  1|16.80|18.22|  44.768|  38.546| 1308.611|  -7.7|   0.2| 1415.5| 0.000|   0.0|  46.075|  44.104|179.66|   0.0|    0.0|    0.0|F2              |
|  0|10.00|48322.8|  1|15.00|16.56|  44.703|  37.341| 1441.535|  -7.0|   0.2| 1544.6| 0.000|   0.0|  46.020|  43.287|174.02|   0.0|    0.0|    0.0|F2              |
|  0|10.00|48333.5|  1|19.80|20.99|  45.307|  39.839| 1160.629|  -7.0|   0.2| 1278.9| 0.000|   0.0|  46.309|  44.738|187.49|   0.0|    0.0|    0.0|F2              |
|  0|10.00|48344.3|  1|15.00|16.62|  43.900|  37.435| 1440.854|  -9.2|   0.2| 1544.1| 0.000|   0.0|  45.636|  43.330|173.96|   0.0|    0.0|    0.0|F2              |
+---+-----+-------+---+-----+-----+--------+--------+---------+------+------+-------+------+------+--------+--------+------+------+-------+-------+----------------+
+---+-----+-------+---+-----+-----+--------+--------+---------+------+------+-------+------+------+--------+--------+------+------+-------+-------+----------------+
|0-x| fr  |  time |hop| d0  | d1  |   fi   |  teta  |   dist  |  at  |  dev |   p   |  df  |  l   |   fot  |   tot  |  rot | lsp  |   pf  |    s  |                |
+---+-----+-------+---+-----+-----+--------+--------+---------+------+------+-------+------+------+--------+--------+------+------+-------+-------+----------------+
|  0|10.00|48355.0|  1|16.20|17.67|  44.677|  38.208| 1346.647|  -7.7|   0.2| 1451.9| 0.000|   0.0|  46.012|  43.813|177.88|   0.0|    0.0|    0.0|F2              |
|  0|10.00|48365.9|  1|12.00|13.18|  44.351|  34.795| 1724.846|  -6.3|   0.2| 1819.4| 0.000|   0.0|  45.895|  41.963|159.92|   0.0|    0.0|    0.0|F2              |
|  0|10.00|48378.7|  1| 9.60| 9.46|  44.265|  38.683| 1299.903|  -9.3|   0.1| 1343.5| 0.000|   0.0|  45.929|  44.465|108.67|   0.0|    0.0|    0.0|Es              |
|  0|10.00|48390.6|  1|14.40|15.95|  44.632|  36.908| 1489.852|  -6.9|   0.2| 1591.3| 0.000|   0.0|  45.986|  43.030|171.92|   0.0|    0.0|    0.0|F2              |
|  0|10.00|48401.3|  1| 9.60| 9.41|  44.966|  38.595| 1301.018|  -7.1|   0.1| 1344.5| 0.000|   0.0|  46.252|  44.473|108.84|   0.0|    0.0|    0.0|Es              |
|  0|10.00|48401.3|  1|17.40|18.82|  44.380|  38.906| 1274.089|  -9.2|   0.2| 1383.2| 0.000|   0.0|  45.870|  44.217|181.33|   0.0|    0.0|    0.0|F2              |
|  0|10.00|48413.1|  1|16.80|18.21|  44.997|  38.525| 1308.350|  -7.0|   0.2| 1415.3| 0.000|   0.0|  46.166|  44.013|179.82|   0.0|    0.0|    0.0|F2              |
|  0|10.00|48426.2|  1|16.20|17.65|  44.915|  38.188| 1346.219|  -7.0|   0.2| 1451.4| 0.000|   0.0|  46.148|  43.923|178.38|   0.0|    0.0|    0.0|F2              |
|  0|10.00|48439.2|  1|12.00|13.23|  44.032|  34.843| 1722.660|  -7.0|   0.2| 1817.4| 0.000|   0.0|  45.750|  41.998|160.27|   0.0|    0.0|    0.0|F2              |
|  0|10.00|48451.0|  1|13.20|14.65|  44.046|  35.978| 1598.155|  -7.7|   0.2| 1696.4| 0.000|   0.0|  45.732|  42.572|166.83|   0.0|    0.0|    0.0|F2              |
|  0|10.00|48451.0|  1| 7.80| 7.78|  45.077|  39.102| 1244.091|  -7.2|   0.0| 1276.2| 0.000|   0.0|  46.259|  44.511|101.39|   0.0|    0.0|    0.0|E               |
|  0|10.00|48461.7|  1|15.00|16.57|  44.710|  37.364| 1438.945|  -7.0|   0.2| 1541.9| 0.000|   0.0|  46.026|  43.318|174.60|   0.0|    0.0|    0.0|F2              |
|  0|10.00|48461.7|  1|13.80|15.28|  44.757|  36.435| 1540.624|  -6.3|   0.2| 1640.3| 0.000|   0.0|  46.066|  42.863|169.88|   0.0|    0.0|    0.0|F2              |
|  0|10.00|48472.5|  1|15.00|16.56|  44.967|  37.341| 1438.885|  -6.3|   0.2| 1541.7| 0.000|   0.0|  46.149|  43.306|174.68|   0.0|    0.0|    0.0|F2              |
|  0|10.00|48483.3|  1|14.40|15.97|  44.598|  36.925| 1488.349|  -7.0|   0.2| 1589.8| 0.000|   0.0|  45.983|  43.104|172.47|   0.0|    0.0|    0.0|F2              |
|  0|10.00|48494.0|  1| 7.20| 7.19|  45.008|  38.826| 1275.146|  -7.2|   0.0| 1305.7| 0.000|   0.0|  46.242|  44.426|100.56|   0.0|    0.0|    0.0|E               |
|  0|10.00|48504.8|  1|10.80|11.67|  44.018|  33.537| 1866.253|  -6.2|   0.3| 1957.0| 0.000|   0.0|  45.769|  41.319|152.58|   0.0|    0.0|    0.0|F2              |
|  0|10.00|48517.8|  1| 8.40| 8.37|  44.890|  39.210| 1234.297|  -7.9|   0.0| 1268.9| 0.000|   0.0|  46.175|  44.591|102.84|   0.0|    0.0|    0.0|E               |
|  0|10.00|48528.5|  1| 7.20| 7.15|  46.838|  38.622| 1286.142|  -1.4|   0.0| 1317.0| 0.000|   0.0|  47.075|  44.291|100.75|   0.0|    0.0|    0.0|E               |
|  0|10.00|48528.5|  1|15.00|16.58|  44.713|  37.375| 1437.643|  -7.0|   0.2| 1540.5| 0.000|   0.0|  46.026|  43.318|174.82|   0.0|    0.0|    0.0|F2              |
+---+-----+-------+---+-----+-----+--------+--------+---------+------+------+-------+------+------+--------+--------+------+------+-------+-------+----------------+
+---+-----+-------+---+-----+-----+--------+--------+---------+------+------+-------+------+------+--------+--------+------+------+-------+-------+----------------+
|0-x| fr  |  time |hop| d0  | d1  |   fi   |  teta  |   dist  |  at  |  dev |   p   |  df  |  l   |   fot  |   tot  |  rot | lsp  |   pf  |    s  |                |
+---+-----+-------+---+-----+-----+--------+--------+---------+------+------+-------+------+------+--------+--------+------+------+-------+-------+----------------+
|  0|10.00|48539.2|  1|15.60|17.15|  44.335|  37.869| 1387.910|  -8.4|   0.2| 1491.8| 0.000|   0.0|  45.846|  43.603|176.66|   0.0|    0.0|    0.0|F2              |
|  0|10.00|48551.0|  1|16.20|17.68|  44.650|  38.229| 1344.698|  -7.8|   0.2| 1449.9| 0.000|   0.0|  45.998|  43.826|178.48|   0.0|    0.0|    0.0|F2              |
|  0|10.00|48551.0|  1|11.40|12.57|  43.186|  34.337| 1787.688|  -8.4|   0.2| 1880.7| 0.000|   0.0|  45.302|  41.445|156.37|   0.0|    0.0|    0.0|F2              |
|  0|10.00|48562.9|  1|13.80|15.35|  44.204|  36.509| 1538.277|  -7.7|   0.2| 1638.1| 0.000|   0.0|  45.802|  42.879|170.18|   0.0|    0.0|    0.0|F2              |
|  0|10.00|48573.6|  1|13.20|14.64|  44.641|  35.946| 1595.531|  -6.3|   0.2| 1693.7| 0.000|   0.0|  46.022|  42.629|167.66|   0.0|    0.0|    0.0|F2              |
|  0|10.00|48584.3|  1|10.80|11.74|  43.666|  33.598| 1862.978|  -7.0|   0.2| 1953.9| 0.000|   0.0|  45.611|  41.355|153.02|   0.0|    0.0|    0.0|F2              |
|  0|10.00|48595.2|  1|13.80|15.36|  44.166|  36.519| 1537.616|  -7.8|   0.2| 1637.4| 0.000|   0.0|  45.788|  42.901|170.34|   0.0|    0.0|    0.0|F2              |
+==============================================================================+
|   Medium characteristics Sunspot number=  41.5 IG=  41.5   GMT time:13:29    |
|------------------------------------------------------------------------------|
|   S   | fh |  I  |   D  | fd |  hd | fe |  he | ff1 | hf1 | ff2 | hf2 |   Hi |
|-------+----+-----+------+----+-----+----+-----+-----+-----+-----+-----+------|
|    0.0|1.21| 50.6|   2.5|0.18| 81.3|2.63|110.0| 0.00|  0.0| 8.69|276.1|  64.4|
+==============================================================================+

+==================================+
|       Es-layer parametres        |
|----------------------------------|
|   S   | hEs | fbEs | f0Es | P Es |
|-------+-----+------+------+------|
|    0.0|114.6| 3.01 | 3.30 | 70.3 |
+==================================+

|  0|10.00|48607.0|  1| 9.60| 9.34|  45.432|  38.627| 1293.006|  -5.7|   0.1| 1336.0| 0.000|   0.0|  46.458|  44.498|109.15|   0.0|    0.0|    0.0|Es              |
|  0|10.00|48617.6|  1| 7.80| 7.78|  45.059|  39.024| 1252.870|  -7.2|   0.0| 1285.4| 0.000|   0.0|  46.276|  44.596|101.79|   0.0|    0.0|    0.0|E               |
|  0|10.00|48628.3|  1|16.20|17.66|  44.921|  38.206| 1344.224|  -7.0|   0.2| 1449.3| 0.000|   0.0|  46.124|  43.803|178.71|   0.0|    0.0|    0.0|F2              |
|  0|10.00|48639.0|  1|13.20|14.68|  44.353|  35.990| 1593.503|  -7.0|   0.2| 1691.7| 0.000|   0.0|  45.889|  42.652|167.90|   0.0|    0.0|    0.0|F2              |
|  0|10.00|48639.0|  1| 9.00| 8.92|  44.503|  37.747| 1399.212|  -7.8|   0.1| 1444.2| 0.000|   0.0|  46.040|  43.969|107.97|   0.0|    0.0|    0.0|E               |
|  0|10.00|48649.8|  1|15.00|16.59|  44.720|  37.398| 1435.130|  -7.0|   0.2| 1537.9| 0.000|   0.0|  46.055|  43.461|175.48|   0.0|    0.0|    0.0|F2              |
|  0|10.00|48660.5|  1|15.60|17.13|  44.828|  37.830| 1386.512|  -7.0|   0.2| 1490.3| 0.000|   0.0|  46.081|  43.588|177.14|   0.0|    0.0|    0.0|F2              |
|  0|10.00|48671.2|  1| 8.40| 8.37|  45.063|  39.025| 1252.702|  -7.2|   0.0| 1288.1| 0.000|   0.0|  46.256|  44.496|103.26|   0.0|    0.0|    0.0|E               |
|  0|10.00|48671.2|  1|17.40|18.82|  44.633|  38.879| 1273.670|  -8.4|   0.2| 1382.9| 0.000|   0.0|  46.018|  44.323|182.40|   0.0|    0.0|    0.0|F2              |
|  0|10.00|48671.2|  1|13.20|14.71|  44.064|  36.029| 1592.380|  -7.7|   0.2| 1690.6| 0.000|   0.0|  45.754|  42.666|167.99|   0.0|    0.0|    0.0|F2              |
|  0|10.00|48682.0|  1| 6.00| 6.00|  44.795|  37.984| 1369.948|  -7.2|   0.0| 1398.3| 0.000|   0.0|  46.146|  43.945| 99.14|   0.0|    0.0|    0.0|E               |
|  0|10.00|48694.9|  1|14.40|15.99|  44.875|  36.931| 1484.944|  -6.3|   0.2| 1586.4| 0.000|   0.0|  46.117|  43.134|173.45|   0.0|    0.0|    0.0|F2              |
|  0|10.00|48706.8|  1|15.60|17.15|  44.586|  37.862| 1385.597|  -7.7|   0.2| 1489.4| 0.000|   0.0|  45.965|  43.600|177.24|   0.0|    0.0|    0.0|F2              |
+---+-----+-------+---+-----+-----+--------+--------+---------+------+------+-------+------+------+--------+--------+------+------+-------+-------+----------------+
+---+-----+-------+---+-----+-----+--------+--------+---------+------+------+-------+------+------+--------+--------+------+------+-------+-------+----------------+
|0-x| fr  |  time |hop| d0  | d1  |   fi   |  teta  |   dist  |  at  |  dev |   p   |  df  |  l   |   fot  |   tot  |  rot | lsp  |   pf  |    s  |                |
+---+-----+-------+---+-----+-----+--------+--------+---------+------+------+-------+------+------+--------+--------+------+------+-------+-------+----------------+
|  0|10.00|48720.9|  1|13.20|14.71|  44.360|  36.012| 1590.986|  -7.0|   0.2| 1689.2| 0.000|   0.0|  45.889|  42.653|168.31|   0.0|    0.0|    0.0|F2              |
|  0|10.00|48720.9|  1|11.40|12.59|  44.223|  34.286| 1781.978|  -6.2|   0.3| 1875.0| 0.000|   0.0|  45.839|  41.669|158.40|   0.0|    0.0|    0.0|F2              |
|  0|10.00|48732.7|  1|19.80|21.01|  45.085|  39.864| 1160.300|  -7.8|   0.2| 1278.8| 0.000|   0.0|  46.229|  44.878|188.85|   0.0|    0.0|    0.0|F2              |
|  0|10.00|48744.5|  1| 9.00| 8.91|  44.830|  38.045| 1362.848|  -7.1|   0.1| 1406.2| 0.000|   0.0|  46.175|  44.085|108.13|   0.0|    0.0|    0.0|E               |
|  0|10.00|48757.5|  1|16.20|17.69|  44.690|  38.243| 1342.681|  -7.7|   0.2| 1447.8| 0.000|   0.0|  46.017|  43.835|179.13|   0.0|    0.0|    0.0|F2              |
|  0|10.00|48768.3|  1|15.00|16.56|  45.238|  37.373| 1433.024|  -5.6|   0.2| 1535.6| 0.000|   0.0|  46.273|  43.308|175.71|   0.0|    0.0|    0.0|F2              |
|  0|10.00|48779.1|  1|15.60|17.10|  45.323|  37.799| 1385.287|  -5.6|   0.2| 1488.9| 0.000|   0.0|  46.335|  43.690|177.88|   0.0|    0.0|    0.0|F2              |
|  0|10.00|48790.9|  1| 9.00| 8.94|  44.371|  38.150| 1356.689|  -8.5|   0.1| 1399.8| 0.000|   0.0|  45.982|  44.193|108.15|   0.0|    0.0|    0.0|E               |
|  0|10.00|48802.7|  1|16.80|18.24|  45.003|  38.539| 1306.763|  -7.0|   0.2| 1413.8| 0.000|   0.0|  46.186|  44.114|181.22|   0.0|    0.0|    0.0|F2              |
|  0|10.00|48814.6|  1|16.80|18.22|  45.231|  38.516| 1307.081|  -6.3|   0.2| 1414.1| 0.000|   0.0|  46.277|  44.014|181.11|   0.0|    0.0|    0.0|F2              |
|  0|10.00|48830.0|  1|17.40|18.80|  45.074|  38.833| 1273.722|  -7.0|   0.2| 1382.9| 0.000|   0.0|  46.194|  44.150|182.58|   0.0|    0.0|    0.0|F2              |
|  0|10.00|48840.8|  1|21.00|22.12|  45.034|  40.304| 1112.712|  -8.4|   0.2| 1236.5| 0.000|   0.0|  46.178|  45.004|191.74|   0.0|    0.0|    0.0|F2              |
|  0|10.00|48851.6|  1|14.40|16.00|  45.151|  36.936| 1481.899|  -5.6|   0.2| 1583.3| 0.000|   0.0|  46.245|  43.135|174.15|   0.0|    0.0|    0.0|F2              |
|  0|10.00|48863.5|  1| 9.60| 9.81|  46.545|  31.587| 2068.505|  -1.2|   0.3| 2156.3| 0.000|   0.0|  46.896|  40.121|146.22|   0.0|    0.0|    0.0|F2              |
|  0|10.00|48863.5|  1|11.40|12.52|  46.386|  34.187| 1779.975|  -1.8|   0.3| 1872.9| 0.000|   0.0|  46.820|  41.530|160.03|   0.0|    0.0|    0.0|F2              |
|  0|10.00|48863.5|  1|21.00|22.11|  45.220|  40.281| 1112.998|  -7.7|   0.2| 1236.8| 0.000|   0.0|  46.267|  44.994|191.83|   0.0|    0.0|    0.0|F2              |
|  0|10.00|48875.5|  1|21.00|22.09|  45.407|  40.260| 1113.281|  -7.0|   0.2| 1237.0| 0.000|   0.0|  46.357|  44.985|191.90|   0.0|    0.0|    0.0|F2              |
|  0|10.00|48886.3|  1|15.60|17.12|  45.082|  37.835| 1383.401|  -6.3|   0.2| 1487.0| 0.000|   0.0|  46.199|  43.578|177.85|   0.0|    0.0|    0.0|F2              |
|  0|10.00|48886.3|  1|18.00|19.35|  45.141|  39.111| 1242.479|  -7.0|   0.2| 1353.9| 0.000|   0.0|  46.227|  44.314|184.35|   0.0|    0.0|    0.0|F2              |
|  0|10.00|48897.0|  1|15.00|16.63|  44.479|  37.469| 1429.888|  -7.7|   0.2| 1532.5| 0.000|   0.0|  45.943|  43.504|176.32|   0.0|    0.0|    0.0|F2              |
+---+-----+-------+---+-----+-----+--------+--------+---------+------+------+-------+------+------+--------+--------+------+------+-------+-------+----------------+
+---+-----+-------+---+-----+-----+--------+--------+---------+------+------+-------+------+------+--------+--------+------+------+-------+-------+----------------+
|0-x| fr  |  time |hop| d0  | d1  |   fi   |  teta  |   dist  |  at  |  dev |   p   |  df  |  l   |   fot  |   tot  |  rot | lsp  |   pf  |    s  |                |
+---+-----+-------+---+-----+-----+--------+--------+---------+------+------+-------+------+------+--------+--------+------+------+-------+-------+----------------+
|  0|10.00|48909.9|  1|18.60|19.90|  45.202|  39.368| 1213.535|  -7.0|   0.2| 1327.2| 0.000|   0.0|  46.283|  44.605|186.35|   0.0|    0.0|    0.0|F2              |
|  0|10.00|48921.8|  1|19.20|20.43|  45.460|  39.589| 1186.639|  -6.3|   0.2| 1302.7| 0.000|   0.0|  46.404|  44.734|187.94|   0.0|    0.0|    0.0|F2              |
|  0|10.00|48921.8|  1|13.80|15.37|  45.101|  36.496| 1530.911|  -5.5|   0.2| 1630.6| 0.000|   0.0|  46.211|  42.812|171.87|   0.0|    0.0|    0.0|F2              |
|  0|10.00|48921.8|  1|10.20|11.06|  44.630|  32.909| 1930.368|  -4.8|   0.3| 2019.6| 0.000|   0.0|  46.011|  40.729|151.42|   0.0|    0.0|    0.0|F2              |
|  0|10.00|48921.8|  1|22.80|23.74|  45.532|  40.817| 1050.753|  -7.0|   0.2| 1182.9| 0.000|   0.0|  46.423|  45.329|196.46|   0.0|    0.0|    0.0|F2              |
|  0|10.00|48932.5|  1|18.60|19.91|  44.995|  39.392| 1213.175|  -7.7|   0.2| 1326.9| 0.000|   0.0|  46.186|  44.615|186.37|   0.0|    0.0|    0.0|F2              |
|  0|10.00|48943.3|  1|19.20|20.48|  44.856|  39.658| 1185.655|  -8.4|   0.2| 1301.8| 0.000|   0.0|  46.090|  44.624|187.51|   0.0|    0.0|    0.0|F2              |
|  0|10.00|48954.0|  1|16.20|17.67|  45.164|  38.207| 1341.670|  -6.3|   0.2| 1446.7| 0.000|   0.0|  46.239|  43.803|179.76|   0.0|    0.0|    0.0|F2              |
|  0|10.00|48966.0|  1|16.80|18.25|  45.006|  38.544| 1306.194|  -7.0|   0.2| 1413.3| 0.000|   0.0|  46.169|  44.024|181.53|   0.0|    0.0|    0.0|F2              |
|  0|10.00|48976.7|  1|14.40|16.04|  44.890|  36.984| 1478.929|  -6.3|   0.2| 1580.3| 0.000|   0.0|  46.112|  43.105|174.48|   0.0|    0.0|    0.0|F2              |
|  0|10.00|48988.6|  1|17.40|18.79|  45.297|  38.815| 1273.512|  -6.3|   0.2| 1382.7| 0.000|   0.0|  46.300|  44.141|183.08|   0.0|    0.0|    0.0|F2              |
|  0|10.00|48988.6|  1|16.20|17.65|  45.401|  38.187| 1341.818|  -5.6|   0.2| 1446.9| 0.000|   0.0|  46.354|  43.804|179.96|   0.0|    0.0|    0.0|F2              |
|  0|10.00|49001.5|  1|21.60|22.64|  45.452|  40.454| 1091.457|  -7.0|   0.2| 1218.0| 0.000|   0.0|  46.382|  45.114|193.75|   0.0|    0.0|    0.0|F2              |
|  0|10.00|49012.5|  1|19.80|21.00|  45.312|  39.839| 1160.619|  -7.0|   0.2| 1279.2| 0.000|   0.0|  46.336|  44.878|189.65|   0.0|    0.0|    0.0|F2              |
|  0|10.00|49024.4|  1|13.80|15.45|  44.511|  36.571| 1528.086|  -7.0|   0.2| 1627.9| 0.000|   0.0|  45.949|  42.939|172.37|   0.0|    0.0|    0.0|F2              |
|  0|10.00|49035.2|  1|16.80|18.27|  44.780|  38.572| 1305.557|  -7.7|   0.2| 1412.8| 0.000|   0.0|  46.081|  44.126|181.91|   0.0|    0.0|    0.0|F2              |
|  0|10.00|49046.0|  1|16.20|17.70|  44.932|  38.237| 1340.679|  -7.0|   0.2| 1445.8| 0.000|   0.0|  46.129|  43.824|180.04|   0.0|    0.0|    0.0|F2              |
|  0|10.00|49056.7|  1|16.80|18.27|  44.781|  38.573| 1305.471|  -7.7|   0.2| 1412.7| 0.000|   0.0|  46.081|  44.126|181.97|   0.0|    0.0|    0.0|F2              |
|  0|10.00|49067.5|  1|18.60|19.90|  45.203|  39.370| 1213.339|  -7.0|   0.2| 1327.1| 0.000|   0.0|  46.256|  44.465|186.41|   0.0|    0.0|    0.0|F2              |
|  0|10.00|49080.4|  1|17.40|18.81|  45.078|  38.840| 1272.849|  -7.0|   0.2| 1382.1| 0.000|   0.0|  46.226|  44.312|183.72|   0.0|    0.0|    0.0|F2              |
+---+-----+-------+---+-----+-----+--------+--------+---------+------+------+-------+------+------+--------+--------+------+------+-------+-------+----------------+
+---+-----+-------+---+-----+-----+--------+--------+---------+------+------+-------+------+------+--------+--------+------+------+-------+-------+----------------+
|0-x| fr  |  time |hop| d0  | d1  |   fi   |  teta  |   dist  |  at  |  dev |   p   |  df  |  l   |   fot  |   tot  |  rot | lsp  |   pf  |    s  |                |
+---+-----+-------+---+-----+-----+--------+--------+---------+------+------+-------+------+------+--------+--------+------+------+-------+-------+----------------+
|  0|10.00|49091.2|  1|16.80|18.26|  45.008|  38.549| 1305.664|  -7.0|   0.2| 1412.9| 0.000|   0.0|  46.187|  44.115|182.12|   0.0|    0.0|    0.0|F2              |
|  0|10.00|49101.9|  1|18.00|19.36|  45.143|  39.115| 1242.008|  -7.0|   0.2| 1353.5| 0.000|   0.0|  46.227|  44.315|184.96|   0.0|    0.0|    0.0|F2              |
|  0|10.00|49116.0|  1|19.20|20.47|  45.059|  39.634| 1185.848|  -7.7|   0.2| 1302.0| 0.000|   0.0|  46.216|  44.752|188.41|   0.0|    0.0|    0.0|F2              |
|  0|10.00|49141.9|  1| 9.00| 8.93|  44.739|  38.615| 1301.339|  -7.8|   0.1| 1342.0| 0.000|   0.0|  46.124|  44.352|108.47|   0.0|    0.0|    0.0|Es              |
|  0|10.00|49152.6|  1|14.40|16.09|  44.634|  37.043| 1474.942|  -7.0|   0.2| 1576.3| 0.000|   0.0|  45.992|  43.148|175.15|   0.0|    0.0|    0.0|F2              |
|  0|10.00|49163.3|  1|16.80|18.30|  44.557|  38.604| 1304.678|  -8.4|   0.2| 1412.0| 0.000|   0.0|  45.975|  44.138|182.26|   0.0|    0.0|    0.0|F2              |
|  0|10.00|49176.4|  1|15.00|16.64|  44.747|  37.489| 1424.848|  -7.0|   0.2| 1527.2| 0.000|   0.0|  46.064|  43.503|177.36|   0.0|    0.0|    0.0|F2              |
|  0|10.00|49189.2|  1|15.60|17.16|  44.850|  37.899| 1378.650|  -7.0|   0.2| 1482.1| 0.000|   0.0|  46.117|  43.762|179.14|   0.0|    0.0|    0.0|F2              |
|  0|10.00|49200.0|  1|16.80|18.26|  45.010|  38.552| 1305.207|  -7.0|   0.2| 1412.4| 0.000|   0.0|  46.163|  43.995|182.12|   0.0|    0.0|    0.0|F2              |
|  0|10.00|49211.8|  1|18.60|19.89|  45.412|  39.350| 1213.492|  -6.3|   0.2| 1327.3| 0.000|   0.0|  46.381|  44.596|187.25|   0.0|    0.0|    0.0|F2              |
|  0|10.00|49222.5|  1|17.40|18.81|  45.080|  38.844| 1272.385|  -7.0|   0.2| 1381.7| 0.000|   0.0|  46.222|  44.292|184.14|   0.0|    0.0|    0.0|F2              |
|  0|10.00|49233.2|  1|13.80|15.50|  44.523|  36.610| 1523.707|  -7.0|   0.2| 1623.5| 0.000|   0.0|  45.931|  42.848|173.05|   0.0|    0.0|    0.0|F2              |
|  0|10.00|49244.0|  1|14.40|16.12|  44.375|  37.088| 1472.834|  -7.7|   0.2| 1574.2| 0.000|   0.0|  45.865|  43.151|175.40|   0.0|    0.0|    0.0|F2              |
|  0|10.00|49254.8|  1|16.20|17.71|  44.936|  38.248| 1339.438|  -7.0|   0.2| 1444.7| 0.000|   0.0|  46.155|  43.956|181.00|   0.0|    0.0|    0.0|F2              |
|  0|10.00|49265.6|  1|14.40|16.10|  44.640|  37.064| 1472.597|  -7.0|   0.2| 1573.9| 0.000|   0.0|  45.999|  43.179|175.63|   0.0|    0.0|    0.0|F2              |
|  0|10.00|49276.4|  1|15.00|16.66|  44.500|  37.533| 1422.658|  -7.7|   0.2| 1525.0| 0.000|   0.0|  45.946|  43.516|177.65|   0.0|    0.0|    0.0|F2              |
|  0|10.00|49287.2|  1|19.80|21.00|  45.314|  39.840| 1160.511|  -7.0|   0.2| 1279.2| 0.000|   0.0|  46.308|  44.730|189.97|   0.0|    0.0|    0.0|F2              |
|  0|10.00|49287.2|  1|21.60|22.62|  45.637|  40.434| 1091.870|  -6.3|   0.2| 1218.4| 0.000|   0.0|  46.473|  45.126|194.57|   0.0|    0.0|    0.0|F2              |
|  0|10.00|49297.9|  1|13.80|15.53|  44.251|  36.651| 1522.107|  -7.7|   0.2| 1622.0| 0.000|   0.0|  45.836|  43.025|173.53|   0.0|    0.0|    0.0|F2              |
|  0|10.00|49309.7|  1|21.60|22.65|  45.271|  40.474| 1091.296|  -7.7|   0.2| 1217.9| 0.000|   0.0|  46.291|  45.104|194.39|   0.0|    0.0|    0.0|F2              |
+---+-----+-------+---+-----+-----+--------+--------+---------+------+------+-------+------+------+--------+--------+------+------+-------+-------+----------------+
+---+-----+-------+---+-----+-----+--------+--------+---------+------+------+-------+------+------+--------+--------+------+------+-------+-------+----------------+
|0-x| fr  |  time |hop| d0  | d1  |   fi   |  teta  |   dist  |  at  |  dev |   p   |  df  |  l   |   fot  |   tot  |  rot | lsp  |   pf  |    s  |                |
+---+-----+-------+---+-----+-----+--------+--------+---------+------+------+-------+------+------+--------+--------+------+------+-------+-------+----------------+
|  0|10.00|49309.7|  1|18.60|19.91|  45.206|  39.373| 1212.997|  -7.0|   0.2| 1326.8| 0.000|   0.0|  46.282|  44.595|187.48|   0.0|    0.0|    0.0|F2              |
|  0|10.00|49309.7|  1| 5.40| 5.41|  45.140|  37.289| 1443.045|  -5.8|   0.0| 1471.2| 0.000|   0.0|  46.306|  43.566| 99.06|   0.0|    0.0|    0.0|E               |
|  0|10.00|49321.6|  1|14.40|16.13|  44.380|  37.102| 1471.271|  -7.7|   0.2| 1572.6| 0.000|   0.0|  45.865|  43.151|175.68|   0.0|    0.0|    0.0|F2              |
|  0|10.00|49332.3|  1|16.80|18.29|  44.786|  38.584| 1304.204|  -7.7|   0.2| 1411.5| 0.000|   0.0|  46.083|  44.137|182.83|   0.0|    0.0|    0.0|F2              |
|  0|10.00|49343.1|  1|16.20|17.72|  44.938|  38.252| 1338.981|  -7.0|   0.2| 1444.2| 0.000|   0.0|  46.154|  43.946|181.27|   0.0|    0.0|    0.0|F2              |
|  0|10.00|49353.8|  1|10.20|11.48|  43.196|  33.284| 1902.404|  -7.6|   0.3| 1992.4| 0.000|   0.0|  45.321|  40.838|154.34|   0.0|    0.0|    0.0|F2              |
|  0|10.00|49377.2|  1|13.20|14.86|  44.697|  36.145| 1573.129|  -6.2|   0.3| 1671.2| 0.000|   0.0|  46.023|  42.623|171.37|   0.0|    0.0|    0.0|F2              |
|  0|10.00|49400.8|  1| 9.60|10.60|  43.282|  32.341| 2004.635|  -6.9|   0.3| 2093.2| 0.000|   0.0|  45.392|  40.366|150.09|   0.0|    0.0|    0.0|F2              |
|  0|10.00|49413.8|  1|13.80|15.52|  44.808|  36.616| 1520.215|  -6.2|   0.3| 1620.0| 0.000|   0.0|  46.067|  42.858|173.90|   0.0|    0.0|    0.0|F2              |
|  0|10.00|49424.5|  1|13.80|15.49|  45.085|  36.593| 1520.315|  -5.5|   0.3| 1620.0| 0.000|   0.0|  46.198|  42.847|174.00|   0.0|    0.0|    0.0|F2              |
|  0|10.00|49438.7|  1|10.20|11.49|  43.953|  33.256| 1897.708|  -6.2|   0.3| 1987.7| 0.000|   0.0|  45.682|  40.868|155.43|   0.0|    0.0|    0.0|F2              |
|  0|10.00|49451.6|  1|19.20|20.45|  45.263|  39.614| 1185.870|  -7.0|   0.2| 1302.1| 0.000|   0.0|  46.313|  44.753|189.37|   0.0|    0.0|    0.0|F2              |
|  0|10.00|49463.4|  1|13.20|14.91|  44.415|  36.192| 1570.651|  -6.9|   0.3| 1668.8| 0.000|   0.0|  45.889|  42.646|171.70|   0.0|    0.0|    0.0|F2              |
|  0|10.00|49474.9|  1|10.80|12.28|  43.789|  33.971| 1820.842|  -6.9|   0.3| 1912.8| 0.000|   0.0|  45.579|  41.198|159.23|   0.0|    0.0|    0.0|F2              |
|  0|10.00|49485.7|  1|13.80|15.55|  44.537|  36.656| 1518.437|  -7.0|   0.2| 1618.3| 0.000|   0.0|  45.936|  42.870|174.12|   0.0|    0.0|    0.0|F2              |
|  0|10.00|49498.7|  1|13.80|15.56|  44.499|  36.663| 1518.145|  -7.1|   0.2| 1618.0| 0.000|   0.0|  45.947|  43.015|174.44|   0.0|    0.0|    0.0|F2              |
|  0|10.00|49525.3|  1|11.40|12.97|  44.303|  34.556| 1751.538|  -6.2|   0.3| 1845.2| 0.000|   0.0|  45.818|  41.551|163.13|   0.0|    0.0|    0.0|F2              |
|  0|10.00|49538.9|  1|19.20|20.45|  45.264|  39.615| 1185.767|  -7.0|   0.2| 1302.1| 0.000|   0.0|  46.284|  44.604|189.19|   0.0|    0.0|    0.0|F2              |
|  0|10.00|49549.7|  1|15.00|16.65|  44.767|  37.556| 1417.286|  -7.0|   0.2| 1519.3| 0.000|   0.0|  46.065|  43.505|178.59|   0.0|    0.0|    0.0|F2              |
|  0|10.00|49573.3|  1|14.40|16.14|  44.657|  37.119| 1466.380|  -7.0|   0.2| 1567.5| 0.000|   0.0|  45.991|  43.139|176.59|   0.0|    0.0|    0.0|F2              |
+---+-----+-------+---+-----+-----+--------+--------+---------+------+------+-------+------+------+--------+--------+------+------+-------+-------+----------------+
+---+-----+-------+---+-----+-----+--------+--------+---------+------+------+-------+------+------+--------+--------+------+------+-------+-------+----------------+
|0-x| fr  |  time |hop| d0  | d1  |   fi   |  teta  |   dist  |  at  |  dev |   p   |  df  |  l   |   fot  |   tot  |  rot | lsp  |   pf  |    s  |                |
+---+-----+-------+---+-----+-----+--------+--------+---------+------+------+-------+------+------+--------+--------+------+------+-------+-------+----------------+
|  0|10.00|49584.0|  1|13.80|15.57|  44.543|  36.674| 1516.448|  -6.9|   0.3| 1616.3| 0.000|   0.0|  45.940|  42.891|174.58|   0.0|    0.0|    0.0|F2              |
|  0|10.00|49594.7|  1|10.20|11.60|  43.976|  33.331| 1889.267|  -6.2|   0.3| 1979.5| 0.000|   0.0|  45.691|  40.912|156.68|   0.0|    0.0|    0.0|F2              |
|  0|10.00|49606.8|  1|14.40|16.15|  44.659|  37.126| 1465.624|  -7.0|   0.2| 1566.7| 0.000|   0.0|  46.000|  43.180|176.85|   0.0|    0.0|    0.0|F2              |
|  0|10.00|49618.6|  1|14.40|16.15|  44.660|  37.128| 1465.353|  -7.0|   0.2| 1566.4| 0.000|   0.0|  46.000|  43.180|176.89|   0.0|    0.0|    0.0|F2              |
|  0|10.00|49630.5|  1|16.20|17.74|  44.977|  38.262| 1337.496|  -6.9|   0.2| 1442.8| 0.000|   0.0|  46.172|  43.955|182.19|   0.0|    0.0|    0.0|F2              |
|  0|10.00|49642.3|  1|16.80|18.29|  45.018|  38.571| 1303.042|  -7.0|   0.2| 1410.4| 0.000|   0.0|  46.174|  44.046|183.63|   0.0|    0.0|    0.0|F2              |
|  0|10.00|49656.3|  1| 9.60|10.84|  43.764|  32.574| 1974.352|  -6.2|   0.3| 2063.0| 0.000|   0.0|  45.583|  40.377|152.68|   0.0|    0.0|    0.0|F2              |
|  0|10.00|49669.3|  1|14.40|16.17|  44.401|  37.166| 1463.962|  -7.7|   0.2| 1565.1| 0.000|   0.0|  45.875|  43.193|177.01|   0.0|    0.0|    0.0|F2              |
|  0|10.00|49682.2|  1|11.40|13.06|  43.987|  34.639| 1745.583|  -6.9|   0.3| 1839.4| 0.000|   0.0|  45.709|  41.795|164.50|   0.0|    0.0|    0.0|F2              |
|  0|10.00|49693.0|  1|14.40|16.18|  44.403|  37.171| 1463.404|  -7.7|   0.2| 1564.5| 0.000|   0.0|  45.875|  43.193|177.09|   0.0|    0.0|    0.0|F2              |
|  0|10.00|49715.7|  1|15.60|17.20|  44.866|  37.948| 1373.104|  -7.0|   0.2| 1476.5| 0.000|   0.0|  46.121|  43.784|180.82|   0.0|    0.0|    0.0|F2              |
|  0|10.00|49730.8|  1|10.80|12.39|  44.168|  34.031| 1810.547|  -6.2|   0.3| 1902.7| 0.000|   0.0|  45.791|  41.415|161.56|   0.0|    0.0|    0.0|F2              |
|  0|10.00|49743.7|  1|13.20|15.00|  44.148|  36.283| 1563.652|  -7.6|   0.3| 1661.8| 0.000|   0.0|  45.761|  42.692|172.92|   0.0|    0.0|    0.0|F2              |
|  0|10.00|49755.6|  1|11.40|13.06|  44.325|  34.629| 1743.330|  -6.2|   0.3| 1837.1| 0.000|   0.0|  45.858|  41.761|165.00|   0.0|    0.0|    0.0|F2              |
|  0|10.00|49769.7|  1|10.20|11.71|  44.000|  33.410| 1880.327|  -6.2|   0.3| 1970.7| 0.000|   0.0|  45.684|  40.872|157.82|   0.0|    0.0|    0.0|F2              |
|  0|10.00|49781.4|  1|12.60|14.35|  44.304|  35.769| 1618.250|  -6.9|   0.3| 1714.8| 0.000|   0.0|  45.837|  42.398|170.66|   0.0|    0.0|    0.0|F2              |
|  0|10.00|49794.4|  1|18.60|19.90|  45.419|  39.357| 1212.589|  -6.3|   0.2| 1326.5| 0.000|   0.0|  46.383|  44.607|188.88|   0.0|    0.0|    0.0|F2              |
|  0|10.00|49806.3|  1|20.40|21.59|  44.769|  40.131| 1135.107|  -9.2|   0.2| 1256.6| 0.000|   0.0|  46.051|  44.916|192.78|   0.0|    0.0|    0.0|F2              |
|  0|10.00|49821.3|  1|18.60|19.95|  44.799|  39.430| 1211.397|  -8.4|   0.2| 1325.4| 0.000|   0.0|  46.093|  44.637|188.84|   0.0|    0.0|    0.0|F2              |
|  0|10.00|49821.3|  1|12.60|14.39|  44.010|  35.812| 1616.775|  -7.6|   0.3| 1713.4| 0.000|   0.0|  45.697|  42.413|170.76|   0.0|    0.0|    0.0|F2              |
+---+-----+-------+---+-----+-----+--------+--------+---------+------+------+-------+------+------+--------+--------+------+------+-------+-------+----------------+
+---+-----+-------+---+-----+-----+--------+--------+---------+------+------+-------+------+------+--------+--------+------+------+-------+-------+----------------+
|0-x| fr  |  time |hop| d0  | d1  |   fi   |  teta  |   dist  |  at  |  dev |   p   |  df  |  l   |   fot  |   tot  |  rot | lsp  |   pf  |    s  |                |
+---+-----+-------+---+-----+-----+--------+--------+---------+------+------+-------+------+------+--------+--------+------+------+-------+-------+----------------+
|  0|10.00|49832.0|  1|16.20|17.78|  44.715|  38.303| 1335.792|  -7.7|   0.2| 1441.2| 0.000|   0.0|  46.051|  43.989|182.79|   0.0|    0.0|    0.0|F2              |
|  0|10.00|49842.8|  1| 7.80| 7.83|  44.001|  37.068| 1479.579|  -8.6|   0.1| 1521.8| 0.000|   0.0|  45.821|  43.598|107.78|   0.0|    0.0|    0.0|E               |
|  0|10.00|49853.6|  1|15.00|16.65|  45.032|  37.580| 1412.037|  -6.2|   0.3| 1513.7| 0.000|   0.0|  46.195|  43.556|179.67|   0.0|    0.0|    0.0|F2              |
|  0|10.00|49865.5|  1|12.00|13.74|  44.476|  35.221| 1676.757|  -6.2|   0.3| 1772.0| 0.000|   0.0|  45.924|  42.098|168.55|   0.0|    0.0|    0.0|F2              |
|  0|10.00|49879.5|  1|14.40|16.18|  44.416|  37.213| 1458.647|  -7.7|   0.2| 1559.4| 0.000|   0.0|  45.898|  43.296|177.94|   0.0|    0.0|    0.0|F2              |
|  0|10.00|49890.3|  1|12.60|14.38|  44.313|  35.799| 1614.829|  -6.9|   0.3| 1711.3| 0.000|   0.0|  45.846|  42.440|171.23|   0.0|    0.0|    0.0|F2              |
|  0|10.00|49902.1|  1|12.60|14.38|  44.314|  35.803| 1614.452|  -6.9|   0.3| 1710.9| 0.000|   0.0|  45.846|  42.440|171.28|   0.0|    0.0|    0.0|F2              |
|  0|10.00|49912.9|  1|13.80|15.64|  44.560|  36.730| 1510.055|  -6.9|   0.3| 1609.9| 0.000|   0.0|  45.974|  43.056|176.20|   0.0|    0.0|    0.0|F2              |
|  0|10.00|49923.6|  1|13.80|15.62|  44.834|  36.705| 1510.136|  -6.2|   0.3| 1609.9| 0.000|   0.0|  46.076|  42.901|176.03|   0.0|    0.0|    0.0|F2              |
|  0|10.00|49936.6|  1|12.60|14.42|  44.020|  35.843| 1613.192|  -7.6|   0.3| 1709.7| 0.000|   0.0|  45.707|  42.455|171.36|   0.0|    0.0|    0.0|F2              |
|  0|10.00|49948.4|  1|10.80|12.52|  43.846|  34.141| 1801.589|  -6.9|   0.3| 1893.9| 0.000|   0.0|  45.653|  41.535|162.94|   0.0|    0.0|    0.0|F2              |
|  0|10.00|49959.2|  1|19.20|20.45|  45.268|  39.619| 1185.261|  -7.0|   0.2| 1301.7| 0.000|   0.0|  46.287|  44.615|190.35|   0.0|    0.0|    0.0|F2              |
|  0|10.00|49959.2|  1|18.00|19.40|  44.942|  39.157| 1239.596|  -7.7|   0.2| 1351.4| 0.000|   0.0|  46.158|  44.477|187.79|   0.0|    0.0|    0.0|F2              |
|  0|10.00|49971.1|  1|16.20|17.74|  45.184|  38.259| 1335.746|  -6.2|   0.3| 1441.1| 0.000|   0.0|  46.270|  43.968|183.31|   0.0|    0.0|    0.0|F2              |
|  0|10.00|49971.1|  1|15.00|16.68|  44.787|  37.620| 1409.959|  -6.9|   0.3| 1511.6| 0.000|   0.0|  46.076|  43.557|179.97|   0.0|    0.0|    0.0|F2              |
|  0|10.00|49981.8|  1|14.40|16.16|  44.683|  37.210| 1456.138|  -6.9|   0.3| 1556.7| 0.000|   0.0|  46.021|  43.284|178.32|   0.0|    0.0|    0.0|F2              |
|  0|10.00|49992.5|  1|15.00|16.66|  45.037|  37.596| 1410.130|  -6.2|   0.3| 1511.7| 0.000|   0.0|  46.195|  43.556|180.10|   0.0|    0.0|    0.0|F2              |
|  0|10.00|49992.5|  1|13.80|15.66|  44.565|  36.746| 1508.319|  -6.9|   0.3| 1608.1| 0.000|   0.0|  45.978|  43.077|176.53|   0.0|    0.0|    0.0|F2              |
|  0|10.00|50005.5|  1| 7.80| 7.79|  44.948|  37.498| 1421.809|  -6.4|   0.1| 1461.5| 0.000|   0.0|  46.235|  43.817|107.98|   0.0|    0.0|    0.0|E               |
|  0|10.00|50005.5|  1|10.80|12.54|  43.852|  34.161| 1799.335|  -6.9|   0.3| 1891.7| 0.000|   0.0|  45.657|  41.557|163.32|   0.0|    0.0|    0.0|F2              |
+---+-----+-------+---+-----+-----+--------+--------+---------+------+------+-------+------+------+--------+--------+------+------+-------+-------+----------------+
+---+-----+-------+---+-----+-----+--------+--------+---------+------+------+-------+------+------+--------+--------+------+------+-------+-------+----------------+
|0-x| fr  |  time |hop| d0  | d1  |   fi   |  teta  |   dist  |  at  |  dev |   p   |  df  |  l   |   fot  |   tot  |  rot | lsp  |   pf  |    s  |                |
+---+-----+-------+---+-----+-----+--------+--------+---------+------+------+-------+------+------+--------+--------+------+------+-------+-------+----------------+
|  0|10.00|50018.5|  1| 6.60| 6.61|  44.990|  37.730| 1395.865|  -6.5|   0.0| 1428.2| 0.000|   0.0|  46.231|  43.799|101.99|   0.0|    0.0|    0.0|E               |
|  0|10.00|50032.4|  1|13.80|15.66|  44.567|  36.754| 1507.425|  -6.9|   0.3| 1607.2| 0.000|   0.0|  45.978|  43.077|176.70|   0.0|    0.0|    0.0|F2              |
|  0|10.00|50043.1|  1| 5.40| 5.43|  44.576|  37.133| 1465.674|  -7.2|   0.0| 1494.7| 0.000|   0.0|  46.055|  43.501| 99.91|   0.0|    0.0|    0.0|E               |
|  0|10.00|50056.1|  1| 9.60|11.19|  43.460|  32.873| 1944.498|  -6.9|   0.3| 2033.6| 0.000|   0.0|  45.485|  40.776|156.34|   0.0|    0.0|    0.0|F2              |
|  0|10.00|50066.8|  1|11.40|13.18|  44.353|  34.727| 1732.323|  -6.2|   0.3| 1826.1| 0.000|   0.0|  45.879|  41.867|166.90|   0.0|    0.0|    0.0|F2              |
|  0|10.00|50077.5|  1| 9.00| 9.02|  45.297|  39.061| 1246.441|  -6.4|   0.1| 1284.9| 0.000|   0.0|  46.373|  44.588|109.24|   0.0|    0.0|    0.0|Es              |
|  0|10.00|50088.2|  1|13.20|15.07|  44.494|  36.313| 1556.629|  -6.8|   0.3| 1654.8| 0.000|   0.0|  45.920|  42.699|174.52|   0.0|    0.0|    0.0|F2              |
|  0|10.00|50100.0|  1| 7.80| 7.85|  43.920|  37.637| 1418.595|  -9.3|   0.1| 1458.3| 0.000|   0.0|  45.773|  43.867|107.98|   0.0|    0.0|    0.0|E               |
|  0|10.00|50110.8|  1|12.00|13.74|  45.168|  35.242| 1668.905|  -4.7|   0.3| 1763.8| 0.000|   0.0|  46.258|  42.200|170.14|   0.0|    0.0|    0.0|F2              |
|  0|10.00|50110.8|  1|10.80|12.71|  42.118|  34.410| 1794.759| -10.5|   0.3| 1887.6| 0.000|   0.0|  44.849|  41.656|163.39|   0.0|    0.0|    0.0|F2              |
|  0|10.00|50122.6|  1|14.40|16.12|  45.213|  37.192| 1453.212|  -5.5|   0.3| 1553.4| 0.000|   0.0|  46.280|  43.344|178.97|   0.0|    0.0|    0.0|F2              |
|  0|10.00|50133.3|  1|12.60|14.42|  44.629|  35.833| 1608.022|  -6.2|   0.3| 1704.4| 0.000|   0.0|  45.991|  42.449|172.43|   0.0|    0.0|    0.0|F2              |
|  0|10.00|50146.3|  1|15.60|17.17|  45.637|  37.901| 1371.574|  -4.7|   0.3| 1474.9| 0.000|   0.0|  46.479|  43.766|182.37|   0.0|    0.0|    0.0|F2              |
|  0|10.00|50157.0|  1|11.40|13.21|  44.361|  34.754| 1729.243|  -6.2|   0.3| 1823.1| 0.000|   0.0|  45.876|  41.846|167.38|   0.0|    0.0|    0.0|F2              |
|  0|10.00|50167.8|  1|13.80|15.65|  44.849|  36.759| 1504.099|  -6.2|   0.3| 1603.6| 0.000|   0.0|  46.106|  43.066|177.30|   0.0|    0.0|    0.0|F2              |
|  0|10.00|50179.7|  1|10.80|12.62|  43.872|  34.222| 1792.492|  -6.9|   0.3| 1884.9| 0.000|   0.0|  45.662|  41.579|164.44|   0.0|    0.0|    0.0|F2              |
|  0|10.00|50190.4|  1|10.80|12.62|  43.873|  34.225| 1792.059|  -6.9|   0.3| 1884.5| 0.000|   0.0|  45.667|  41.600|164.51|   0.0|    0.0|    0.0|F2              |
|  0|10.00|50201.1|  1| 9.00| 9.06|  44.882|  39.147| 1241.347|  -7.8|   0.1| 1279.7| 0.000|   0.0|  46.179|  44.607|109.25|   0.0|    0.0|    0.0|Es              |
|  0|10.00|50211.8|  1| 9.60|11.30|  43.489|  32.961| 1934.646|  -6.9|   0.3| 2023.9| 0.000|   0.0|  45.426|  40.507|157.08|   0.0|    0.0|    0.0|F2              |
|  0|10.00|50223.7|  1|13.80|15.68|  44.581|  36.800| 1502.261|  -6.9|   0.3| 1601.8| 0.000|   0.0|  45.979|  43.078|177.45|   0.0|    0.0|    0.0|F2              |
+---+-----+-------+---+-----+-----+--------+--------+---------+------+------+-------+------+------+--------+--------+------+------+-------+-------+----------------+
+---+-----+-------+---+-----+-----+--------+--------+---------+------+------+-------+------+------+--------+--------+------+------+-------+-------+----------------+
|0-x| fr  |  time |hop| d0  | d1  |   fi   |  teta  |   dist  |  at  |  dev |   p   |  df  |  l   |   fot  |   tot  |  rot | lsp  |   pf  |    s  |                |
+---+-----+-------+---+-----+-----+--------+--------+---------+------+------+-------+------+------+--------+--------+------+------+-------+-------+----------------+
|  0|10.00|50234.4|  1|18.60|19.88|  45.632|  39.344| 1212.150|  -5.5|   0.3| 1326.2| 0.000|   0.0|  46.459|  44.460|189.72|   0.0|    0.0|    0.0|F2              |
|  0|10.00|50246.3|  1| 7.80| 7.78|  45.265|  37.797| 1386.029|  -5.7|   0.1| 1424.2| 0.000|   0.0|  46.375|  43.980|108.18|   0.0|    0.0|    0.0|E               |
|  0|10.00|50257.0|  1| 9.00| 9.07|  45.094|  39.124| 1241.505|  -7.1|   0.1| 1279.9| 0.000|   0.0|  46.280|  44.619|109.34|   0.0|    0.0|    0.0|Es              |
|  0|10.00|50267.7|  1|13.80|15.63|  45.128|  36.762| 1501.276|  -5.5|   0.3| 1600.5| 0.000|   0.0|  46.240|  43.097|177.75|   0.0|    0.0|    0.0|F2              |
|  0|10.00|50278.4|  1|12.00|13.84|  44.513|  35.353| 1661.941|  -6.2|   0.3| 1756.9| 0.000|   0.0|  45.948|  42.225|170.75|   0.0|    0.0|    0.0|F2              |
|  0|10.00|50291.4|  1|15.00|16.72|  44.549|  37.679| 1406.108|  -7.6|   0.3| 1507.8| 0.000|   0.0|  45.944|  43.499|180.73|   0.0|    0.0|    0.0|F2              |
|  0|10.00|50302.1|  1|15.60|17.23|  45.122|  37.961| 1369.248|  -6.2|   0.3| 1472.7| 0.000|   0.0|  46.237|  43.785|182.76|   0.0|    0.0|    0.0|F2              |
|  0|10.00|50302.1|  1|13.20|15.14|  44.465|  36.351| 1552.697|  -6.9|   0.3| 1651.0| 0.000|   0.0|  45.923|  42.804|175.63|   0.0|    0.0|    0.0|F2              |
|  0|10.00|50312.9|  1| 7.80| 7.81|  44.785|  37.874| 1382.155|  -7.1|   0.1| 1420.3| 0.000|   0.0|  46.157|  43.999|108.18|   0.0|    0.0|    0.0|E               |
|  0|10.00|50323.6|  1|13.20|15.14|  44.466|  36.355| 1552.319|  -6.9|   0.3| 1650.7| 0.000|   0.0|  45.906|  42.722|175.59|   0.0|    0.0|    0.0|F2              |
|  0|10.00|50334.4|  1| 9.00| 9.08|  45.304|  39.092| 1242.890|  -6.4|   0.1| 1281.4| 0.000|   0.0|  46.373|  44.588|109.44|   0.0|    0.0|    0.0|Es              |
|  0|10.00|50346.3|  1|10.80|12.66|  44.232|  34.246| 1786.283|  -6.2|   0.3| 1878.7| 0.000|   0.0|  45.833|  41.628|165.61|   0.0|    0.0|    0.0|F2              |
|  0|10.00|50357.1|  1|10.20|12.07|  43.715|  33.689| 1852.549|  -6.9|   0.3| 1943.6| 0.000|   0.0|  45.584|  41.217|162.33|   0.0|    0.0|    0.0|F2              |
|  0|10.00|50367.7|  1|10.20|12.05|  44.075|  33.658| 1852.399|  -6.2|   0.3| 1943.4| 0.000|   0.0|  45.755|  41.233|162.55|   0.0|    0.0|    0.0|F2              |
|  0|10.00|50378.4|  1|10.20|12.08|  43.718|  33.697| 1851.610|  -6.9|   0.3| 1942.6| 0.000|   0.0|  45.590|  41.248|162.49|   0.0|    0.0|    0.0|F2              |
+---+-----+-------+---+-----+-----+--------+--------+---------+------+------+-------+------+------+--------+--------+------+------+-------+-------+----------------+