
delt0=     0.1  eps=   1e-05  ep=   1e-06  ep1=   0.001
Geomagnetic Field - const
fh= 1.34  i=  65.2  d=   6.8
Number TID: 1
Tid Parametres
  delt   lamb     t     b      a     fi
0.000   200.0  20.0 -45.0   45.0   0.000
delta=-0.000  r0= 200.0  lon=  39.000 lat=  55.000
Beta=  20.0  Alfa=   0.0 aX=  20.0 aY= 100.0 aZ=  20.0

lonIon=  40.000 latIon=  47.500 it=23.00 h_tec=450.0  TEC= 1.13000e+17
lonIon=  40.000 latIon=  47.500 it=23.25 h_tec=450.0  TEC= 1.13000e+17
lonIon=  40.000 latIon=  47.500 it=23.50 h_tec=450.0  TEC= 1.13000e+17
lonIon=  40.000 latIon=  47.500 it=23.75 h_tec=450.0  TEC= 1.13000e+17

Number diff. equation: 6

+==============================================================================+
|   Medium characteristics Sunspot number= 201.9 IG= 201.9   GMT time:23:00    |
|------------------------------------------------------------------------------|
|   S   | fh |  I  |   D  | fd |  hd | fe |  he | ff1 | hf1 | ff2 | hf2 |   Hi |
|-------+----+-----+------+----+-----+----+-----+-----+-----+-----+-----+------|
|    0.0|1.21| 50.6|   2.5|0.18| 87.7|0.37|110.0| 0.00|  0.0| 8.81|383.4| 133.3|
+==============================================================================+

+==================================+
|       Es-layer parametres        |
|----------------------------------|
|   S   | hEs | fbEs | f0Es | P Es |
|-------+-----+------+------+------|
|    0.0|118.3| 1.98 | 2.38 | 47.8 |
+==================================+

|  0|10.00|82778.3|  1| 9.60|12.22|  42.019|  28.222| 2467.844|  -6.6|  -0.1| 2637.8| 0.000|   0.0|  45.159|  38.559|313.53|   0.0|    0.0|    0.0|F2              |
|  0|10.00|82790.8|  1| 9.60|12.22|  42.018|  28.221| 2467.916|  -6.6|  -0.1| 2637.9| 0.000|   0.0|  45.159|  38.559|313.54|   0.0|    0.0|    0.0|F2              |
|  0|10.00|82801.1|  1| 8.40|11.60|  41.030|  27.350| 2573.102|  -7.3|  -0.1| 2740.1| 0.000|   0.0|  44.749|  37.861|311.01|   0.0|    0.0|    0.0|F2              |
|  0|10.00|82811.5|  1| 9.00|11.93|  41.825|  27.770| 2519.061|  -6.6|  -0.1| 2687.6| 0.000|   0.0|  45.071|  38.178|312.28|   0.0|    0.0|    0.0|F2              |
|  0|10.00|82821.8|  1| 9.00|11.99|  42.481|  27.732| 2517.187|  -5.8|  -0.1| 2686.0| 0.000|   0.0|  45.338|  38.145|312.31|   0.0|    0.0|    0.0|F2              |
|  0|10.00|82832.1|  1|10.20|12.54|  42.273|  28.653| 2418.240|  -6.5|  -0.1| 2589.9| 0.000|   0.0|  45.250|  38.819|314.73|   0.0|    0.0|    0.0|F2              |
+---+-----+-------+---+-----+-----+--------+--------+---------+------+------+-------+------+------+--------+--------+------+------+-------+-------+----------------+
+---+-----+-------+---+-----+-----+--------+--------+---------+------+------+-------+------+------+--------+--------+------+------+-------+-------+----------------+
|0-x| fr  |  time |hop| d0  | d1  |   fi   |  teta  |   dist  |  at  |  dev |   p   |  df  |  l   |   fot  |   tot  |  rot | lsp  |   pf  |    s  |                |
+---+-----+-------+---+-----+-----+--------+--------+---------+------+------+-------+------+------+--------+--------+------+------+-------+-------+----------------+
|  0|10.00|82842.5|  1| 9.00|11.94|  41.823|  27.770| 2519.137|  -6.6|  -0.1| 2687.8| 0.000|   0.0|  45.071|  38.177|312.32|   0.0|    0.0|    0.0|F2              |
|  0|10.00|82852.8|  1| 9.00|11.94|  41.822|  27.769| 2519.212|  -6.6|  -0.1| 2687.9| 0.000|   0.0|  45.071|  38.177|312.33|   0.0|    0.0|    0.0|F2              |
|  0|10.00|82863.1|  1| 9.00|11.95|  41.821|  27.768| 2519.318|  -6.6|  -0.1| 2688.0| 0.000|   0.0|  45.071|  38.177|312.34|   0.0|    0.0|    0.0|F2              |
|  0|10.00|82874.2|  1| 9.00|11.95|  41.820|  27.768| 2519.361|  -6.6|  -0.1| 2688.1| 0.000|   0.0|  45.071|  38.177|312.36|   0.0|    0.0|    0.0|F2              |
|  0|10.00|82884.5|  1| 9.60|12.24|  42.012|  28.219| 2468.285|  -6.6|  -0.1| 2638.5| 0.000|   0.0|  45.140|  38.479|313.54|   0.0|    0.0|    0.0|F2              |
|  0|10.00|82894.8|  1| 9.60|12.25|  42.011|  28.218| 2468.314|  -6.6|  -0.1| 2638.6| 0.000|   0.0|  45.140|  38.479|313.56|   0.0|    0.0|    0.0|F2              |
|  0|10.00|82905.3|  1| 9.00|11.96|  41.818|  27.767| 2519.502|  -6.6|  -0.1| 2688.3| 0.000|   0.0|  45.071|  38.177|312.40|   0.0|    0.0|    0.0|F2              |
|  0|10.00|82916.3|  1| 9.60|12.26|  42.088|  28.212| 2468.302|  -6.5|  -0.1| 2638.6| 0.000|   0.0|  45.173|  38.476|313.59|   0.0|    0.0|    0.0|F2              |
|  0|10.00|82926.6|  1| 8.40|11.71|  41.701|  27.304| 2571.136|  -6.5|  -0.1| 2738.6| 0.000|   0.0|  45.027|  37.835|311.19|   0.0|    0.0|    0.0|F2              |
|  0|10.00|82938.1|  1| 9.60|12.26|  42.008|  28.216| 2468.583|  -6.6|  -0.1| 2638.9| 0.000|   0.0|  45.140|  38.479|313.62|   0.0|    0.0|    0.0|F2              |
|  0|10.00|82949.1|  1| 9.60|12.26|  42.007|  28.216| 2468.647|  -6.6|  -0.1| 2639.0| 0.000|   0.0|  45.140|  38.479|313.63|   0.0|    0.0|    0.0|F2              |
|  0|10.00|82961.2|  1| 9.60|12.31|  42.561|  28.182| 2467.226|  -5.9|  -0.1| 2637.8| 0.000|   0.0|  45.368|  38.460|313.68|   0.0|    0.0|    0.0|F2              |
|  0|10.00|82971.6|  1| 9.00|11.99|  41.896|  27.760| 2519.454|  -6.5|  -0.1| 2688.4| 0.000|   0.0|  45.104|  38.174|312.49|   0.0|    0.0|    0.0|F2              |
|  0|10.00|82981.9|  1| 9.60|12.28|  42.084|  28.209| 2468.572|  -6.5|  -0.1| 2639.0| 0.000|   0.0|  45.173|  38.476|313.68|   0.0|    0.0|    0.0|F2              |
|  0|10.00|82994.1|  1|10.20|12.58|  42.186|  28.652| 2419.181|  -6.6|  -0.1| 2591.2| 0.000|   0.0|  45.218|  38.821|314.95|   0.0|    0.0|    0.0|F2              |
|  0|10.00|83005.3|  1|10.20|12.58|  42.185|  28.651| 2419.292|  -6.6|  -0.1| 2591.3| 0.000|   0.0|  45.218|  38.822|314.97|   0.0|    0.0|    0.0|F2              |
|  0|10.00|83015.6|  1| 9.60|12.28|  42.003|  28.214| 2468.898|  -6.6|  -0.1| 2639.4| 0.000|   0.0|  45.140|  38.479|313.73|   0.0|    0.0|    0.0|F2              |
|  0|10.00|83026.0|  1| 9.00|11.99|  41.811|  27.764| 2519.856|  -6.6|  -0.1| 2688.9| 0.000|   0.0|  45.071|  38.177|312.55|   0.0|    0.0|    0.0|F2              |
|  0|10.00|83037.1|  1|10.20|12.60|  42.259|  28.645| 2419.242|  -6.5|  -0.1| 2591.4| 0.000|   0.0|  45.249|  38.818|315.02|   0.0|    0.0|    0.0|F2              |
|  0|10.00|83048.1|  1|10.20|12.59|  42.182|  28.649| 2419.543|  -6.6|  -0.1| 2591.7| 0.000|   0.0|  45.218|  38.821|315.03|   0.0|    0.0|    0.0|F2              |
+---+-----+-------+---+-----+-----+--------+--------+---------+------+------+-------+------+------+--------+--------+------+------+-------+-------+----------------+
+---+-----+-------+---+-----+-----+--------+--------+---------+------+------+-------+------+------+--------+--------+------+------+-------+-------+----------------+
|0-x| fr  |  time |hop| d0  | d1  |   fi   |  teta  |   dist  |  at  |  dev |   p   |  df  |  l   |   fot  |   tot  |  rot | lsp  |   pf  |    s  |                |
+---+-----+-------+---+-----+-----+--------+--------+---------+------+------+-------+------+------+--------+--------+------+------+-------+-------+----------------+
|  0|10.00|83059.3|  1| 9.60|12.29|  42.000|  28.211| 2469.186|  -6.6|  -0.1| 2639.8| 0.000|   0.0|  45.140|  38.478|313.78|   0.0|    0.0|    0.0|F2              |
|  0|10.00|83071.4|  1| 9.60|12.30|  41.999|  28.212| 2469.168|  -6.6|  -0.1| 2639.8| 0.000|   0.0|  45.140|  38.478|313.80|   0.0|    0.0|    0.0|F2              |
|  0|10.00|83081.7|  1| 9.60|12.30|  41.999|  28.213| 2469.039|  -6.6|  -0.1| 2639.7| 0.000|   0.0|  45.140|  38.478|313.82|   0.0|    0.0|    0.0|F2              |
|  0|10.00|83092.1|  1| 9.60|12.30|  41.998|  28.212| 2469.095|  -6.6|  -0.1| 2639.8| 0.000|   0.0|  45.140|  38.478|313.84|   0.0|    0.0|    0.0|F2              |
|  0|10.00|83103.1|  1| 9.60|12.31|  41.997|  28.211| 2469.245|  -6.6|  -0.1| 2640.0| 0.000|   0.0|  45.140|  38.478|313.85|   0.0|    0.0|    0.0|F2              |
|  0|10.00|83114.2|  1| 9.60|12.31|  41.996|  28.210| 2469.389|  -6.6|  -0.1| 2640.1| 0.000|   0.0|  45.139|  38.478|313.86|   0.0|    0.0|    0.0|F2              |
|  0|10.00|83124.5|  1|10.20|12.62|  42.177|  28.647| 2419.843|  -6.6|  -0.1| 2592.2| 0.000|   0.0|  45.217|  38.821|315.14|   0.0|    0.0|    0.0|F2              |
|  0|10.00|83134.8|  1|10.20|12.62|  42.176|  28.646| 2420.024|  -6.6|  -0.1| 2592.4| 0.000|   0.0|  45.217|  38.821|315.15|   0.0|    0.0|    0.0|F2              |
|  0|10.00|83145.2|  1| 9.60|12.32|  41.994|  28.210| 2469.375|  -6.6|  -0.1| 2640.2| 0.000|   0.0|  45.139|  38.478|313.91|   0.0|    0.0|    0.0|F2              |
|  0|10.00|83156.3|  1|10.20|12.62|  42.175|  28.646| 2419.985|  -6.6|  -0.1| 2592.4| 0.000|   0.0|  45.217|  38.821|315.19|   0.0|    0.0|    0.0|F2              |
|  0|10.00|83166.6|  1| 9.60|12.32|  41.993|  28.208| 2469.575|  -6.6|  -0.1| 2640.4| 0.000|   0.0|  45.139|  38.478|313.94|   0.0|    0.0|    0.0|F2              |
|  0|10.00|83178.1|  1|10.20|12.63|  42.173|  28.644| 2420.226|  -6.6|  -0.1| 2592.7| 0.000|   0.0|  45.217|  38.821|315.21|   0.0|    0.0|    0.0|F2              |
|  0|10.00|83189.1|  1|10.20|12.63|  42.172|  28.644| 2420.238|  -6.6|  -0.1| 2592.7| 0.000|   0.0|  45.217|  38.821|315.23|   0.0|    0.0|    0.0|F2              |
|  0|10.00|83200.2|  1| 9.60|12.33|  41.990|  28.206| 2469.816|  -6.6|  -0.1| 2640.7| 0.000|   0.0|  45.139|  38.478|313.98|   0.0|    0.0|    0.0|F2              |
|  0|10.00|83210.5|  1| 9.60|12.33|  41.990|  28.207| 2469.811|  -6.6|  -0.1| 2640.8| 0.000|   0.0|  45.139|  38.478|314.00|   0.0|    0.0|    0.0|F2              |
|  0|10.00|83220.8|  1|10.20|12.64|  42.170|  28.642| 2420.445|  -6.6|  -0.1| 2593.0| 0.000|   0.0|  45.217|  38.821|315.27|   0.0|    0.0|    0.0|F2              |
|  0|10.00|83231.2|  1| 9.60|12.34|  41.988|  28.205| 2469.971|  -6.6|  -0.1| 2641.0| 0.000|   0.0|  45.139|  38.477|314.02|   0.0|    0.0|    0.0|F2              |
|  0|10.00|83241.5|  1| 9.60|12.34|  41.987|  28.206| 2469.939|  -6.6|  -0.1| 2641.0| 0.000|   0.0|  45.139|  38.477|314.04|   0.0|    0.0|    0.0|F2              |
|  0|10.00|83254.1|  1| 9.60|12.35|  41.986|  28.205| 2470.050|  -6.6|  -0.1| 2641.1| 0.000|   0.0|  45.139|  38.477|314.06|   0.0|    0.0|    0.0|F2              |
|  0|10.00|83265.1|  1|10.20|12.65|  42.166|  28.640| 2420.728|  -6.6|  -0.1| 2593.4| 0.000|   0.0|  45.217|  38.821|315.34|   0.0|    0.0|    0.0|F2              |
+---+-----+-------+---+-----+-----+--------+--------+---------+------+------+-------+------+------+--------+--------+------+------+-------+-------+----------------+
+---+-----+-------+---+-----+-----+--------+--------+---------+------+------+-------+------+------+--------+--------+------+------+-------+-------+----------------+
|0-x| fr  |  time |hop| d0  | d1  |   fi   |  teta  |   dist  |  at  |  dev |   p   |  df  |  l   |   fot  |   tot  |  rot | lsp  |   pf  |    s  |                |
+---+-----+-------+---+-----+-----+--------+--------+---------+------+------+-------+------+------+--------+--------+------+------+-------+-------+----------------+
|  0|10.00|83287.4|  1|10.20|12.66|  42.165|  28.639| 2420.807|  -6.6|  -0.1| 2593.5| 0.000|   0.0|  45.217|  38.821|315.37|   0.0|    0.0|    0.0|F2              |
|  0|10.00|83297.6|  1|10.20|12.66|  42.164|  28.639| 2420.808|  -6.6|  -0.1| 2593.6| 0.000|   0.0|  45.217|  38.821|315.39|   0.0|    0.0|    0.0|F2              |
|  0|10.00|83308.0|  1| 9.60|12.36|  41.982|  28.202| 2470.380|  -6.6|  -0.1| 2641.5| 0.000|   0.0|  45.139|  38.477|314.13|   0.0|    0.0|    0.0|F2              |
|  0|10.00|83331.9|  1|10.20|12.67|  42.162|  28.638| 2420.935|  -6.6|  -0.1| 2593.8| 0.000|   0.0|  45.217|  38.821|315.44|   0.0|    0.0|    0.0|F2              |
|  0|10.00|83344.1|  1|10.20|12.68|  42.161|  28.638| 2420.988|  -6.6|  -0.1| 2593.8| 0.000|   0.0|  45.217|  38.821|315.45|   0.0|    0.0|    0.0|F2              |
|  0|10.00|83355.3|  1| 9.00|12.10|  41.872|  27.751| 2520.708|  -6.5|  -0.1| 2690.5| 0.000|   0.0|  45.085|  38.093|312.82|   0.0|    0.0|    0.0|F2              |
|  0|10.00|83365.6|  1|10.20|12.68|  42.159|  28.636| 2421.243|  -6.6|  -0.1| 2594.1| 0.000|   0.0|  45.217|  38.820|315.48|   0.0|    0.0|    0.0|F2              |
|  0|10.00|83376.0|  1|10.80|13.01|  42.332|  29.066| 2372.574|  -6.6|  -0.1| 2547.2| 0.000|   0.0|  45.281|  39.110|316.72|   0.0|    0.0|    0.0|F2              |
|  0|10.00|83386.3|  1|10.20|12.68|  42.158|  28.635| 2421.326|  -6.6|  -0.1| 2594.3| 0.000|   0.0|  45.217|  38.821|315.51|   0.0|    0.0|    0.0|F2              |
|  0|10.00|83396.7|  1|10.80|13.01|  42.331|  29.066| 2372.552|  -6.6|  -0.1| 2547.3| 0.000|   0.0|  45.281|  39.110|316.76|   0.0|    0.0|    0.0|F2              |
|  0|10.00|83407.6|  1|10.20|12.69|  42.157|  28.635| 2421.329|  -6.6|  -0.1| 2594.3| 0.000|   0.0|  45.198|  38.741|315.42|   0.0|    0.0|    0.0|F2              |
|  0|10.00|83418.1|  1|10.20|12.70|  42.232|  28.629| 2421.254|  -6.5|  -0.1| 2594.3| 0.000|   0.0|  45.230|  38.738|315.44|   0.0|    0.0|    0.0|F2              |
|  0|10.00|83429.1|  1|10.20|12.70|  42.155|  28.634| 2421.548|  -6.6|  -0.1| 2594.6| 0.000|   0.0|  45.198|  38.741|315.45|   0.0|    0.0|    0.0|F2              |
|  0|10.00|83440.1|  1| 9.60|12.40|  41.973|  28.197| 2471.015|  -6.6|  -0.1| 2642.5| 0.000|   0.0|  45.138|  38.476|314.31|   0.0|    0.0|    0.0|F2              |
|  0|10.00|83452.7|  1| 9.60|12.40|  41.973|  28.197| 2470.985|  -6.6|  -0.1| 2642.5| 0.000|   0.0|  45.138|  38.476|314.33|   0.0|    0.0|    0.0|F2              |
|  0|10.00|83463.0|  1|10.20|12.71|  42.153|  28.632| 2421.689|  -6.6|  -0.1| 2594.8| 0.000|   0.0|  45.198|  38.741|315.51|   0.0|    0.0|    0.0|F2              |
|  0|10.00|83474.1|  1|10.20|12.71|  42.152|  28.632| 2421.797|  -6.6|  -0.1| 2595.0| 0.000|   0.0|  45.198|  38.741|315.52|   0.0|    0.0|    0.0|F2              |
|  0|10.00|83484.5|  1|10.20|12.71|  42.151|  28.631| 2421.865|  -6.6|  -0.1| 2595.1| 0.000|   0.0|  45.198|  38.741|315.54|   0.0|    0.0|    0.0|F2              |
|  0|10.00|83494.8|  1|11.40|13.38|  42.490|  29.483| 2325.334|  -6.6|  -0.1| 2502.1| 0.000|   0.0|  45.343|  39.392|318.14|   0.0|    0.0|    0.0|F2              |
|  0|10.00|83505.2|  1| 9.60|12.42|  41.969|  28.195| 2471.261|  -6.6|  -0.1| 2642.9| 0.000|   0.0|  45.138|  38.476|314.40|   0.0|    0.0|    0.0|F2              |
+---+-----+-------+---+-----+-----+--------+--------+---------+------+------+-------+------+------+--------+--------+------+------+-------+-------+----------------+
+---+-----+-------+---+-----+-----+--------+--------+---------+------+------+-------+------+------+--------+--------+------+------+-------+-------+----------------+
|0-x| fr  |  time |hop| d0  | d1  |   fi   |  teta  |   dist  |  at  |  dev |   p   |  df  |  l   |   fot  |   tot  |  rot | lsp  |   pf  |    s  |                |
+---+-----+-------+---+-----+-----+--------+--------+---------+------+------+-------+------+------+--------+--------+------+------+-------+-------+----------------+
|  0|10.00|83515.6|  1|10.20|12.72|  42.149|  28.629| 2422.083|  -6.6|  -0.1| 2595.3| 0.000|   0.0|  45.198|  38.741|315.59|   0.0|    0.0|    0.0|F2              |
|  0|10.00|83526.7|  1| 9.00|12.14|  41.777|  27.750| 2521.773|  -6.6|  -0.1| 2691.9| 0.000|   0.0|  45.048|  38.085|313.03|   0.0|    0.0|    0.0|F2              |
|  0|10.00|83537.6|  1|10.20|12.73|  42.147|  28.629| 2422.164|  -6.6|  -0.1| 2595.5| 0.000|   0.0|  45.198|  38.740|315.62|   0.0|    0.0|    0.0|F2              |
|  0|10.00|83548.0|  1|10.20|12.73|  42.146|  28.628| 2422.217|  -6.6|  -0.1| 2595.6| 0.000|   0.0|  45.198|  38.740|315.63|   0.0|    0.0|    0.0|F2              |
|  0|10.00|83559.1|  1| 9.60|12.44|  42.044|  28.187| 2471.419|  -6.5|  -0.1| 2643.2| 0.000|   0.0|  45.170|  38.473|314.47|   0.0|    0.0|    0.0|F2              |
|  0|10.00|83570.1|  1|10.80|13.07|  42.392|  29.052| 2373.517|  -6.5|  -0.1| 2548.7| 0.000|   0.0|  45.311|  39.108|317.02|   0.0|    0.0|    0.0|F2              |
|  0|10.00|83582.2|  1| 9.60|12.44|  42.042|  28.186| 2471.532|  -6.5|  -0.1| 2643.4| 0.000|   0.0|  45.152|  38.393|314.35|   0.0|    0.0|    0.0|F2              |
|  0|10.00|83592.6|  1|10.20|12.75|  42.220|  28.621| 2422.320|  -6.5|  -0.1| 2595.8| 0.000|   0.0|  45.238|  38.778|315.77|   0.0|    0.0|    0.0|F2              |
|  0|10.00|83603.6|  1|10.80|13.11|  42.836|  29.023| 2372.565|  -5.9|  -0.1| 2547.9| 0.000|   0.0|  45.478|  39.015|316.99|   0.0|    0.0|    0.0|F2              |
|  0|10.00|83614.7|  1|10.20|12.76|  42.218|  28.621| 2422.335|  -6.5|  -0.1| 2595.9| 0.000|   0.0|  45.238|  38.777|315.80|   0.0|    0.0|    0.0|F2              |
|  0|10.00|83625.0|  1|10.80|13.12|  42.834|  29.022| 2372.630|  -5.9|  -0.1| 2548.1| 0.000|   0.0|  45.478|  39.015|317.02|   0.0|    0.0|    0.0|F2              |
|  0|10.00|83636.1|  1|10.20|12.75|  42.140|  28.623| 2422.802|  -6.6|  -0.1| 2596.4| 0.000|   0.0|  45.207|  38.780|315.83|   0.0|    0.0|    0.0|F2              |
|  0|10.00|83647.2|  1| 7.80|11.55|  40.139|  26.926| 2629.121|  -8.1|  -0.2| 2796.5| 0.000|   0.0|  44.378|  37.446|310.67|   0.0|    0.0|    0.0|F2              |
|  0|10.00|83658.7|  1| 9.00|12.18|  41.769|  27.746| 2522.300|  -6.7|  -0.2| 2692.8| 0.000|   0.0|  45.047|  38.085|313.22|   0.0|    0.0|    0.0|F2              |
|  0|10.00|83669.0|  1| 9.60|12.41|  41.481|  28.218| 2473.836|  -7.2|  -0.1| 2645.7| 0.000|   0.0|  44.922|  38.413|314.47|   0.0|    0.0|    0.0|F2              |
|  0|10.00|83680.1|  1|10.20|12.77|  42.137|  28.623| 2422.900|  -6.6|  -0.1| 2596.6| 0.000|   0.0|  45.207|  38.780|315.90|   0.0|    0.0|    0.0|F2              |
|  0|10.00|83691.4|  1| 9.60|12.47|  41.955|  28.186| 2472.387|  -6.7|  -0.2| 2644.4| 0.000|   0.0|  45.119|  38.395|314.51|   0.0|    0.0|    0.0|F2              |
+==============================================================================+
|   Medium characteristics Sunspot number= 201.9 IG= 201.9   GMT time:23:14    |
|------------------------------------------------------------------------------|
|   S   | fh |  I  |   D  | fd |  hd | fe |  he | ff1 | hf1 | ff2 | hf2 |   Hi |
|-------+----+-----+------+----+-----+----+-----+-----+-----+-----+-----+------|
|    0.0|1.21| 50.6|   2.5|0.18| 87.6|0.37|110.0| 0.00|  0.0| 8.81|385.8| 131.4|
+==============================================================================+

+==================================+
|       Es-layer parametres        |
|----------------------------------|
|   S   | hEs | fbEs | f0Es | P Es |
|-------+-----+------+------+------|
|    0.0|118.5| 1.96 | 2.35 | 46.7 |
+==================================+

|  0|10.00|83702.5|  1|10.80|13.09|  42.308|  29.049| 2374.585|  -6.6|  -0.1| 2550.0| 0.000|   0.0|  45.263|  39.032|317.12|   0.0|    0.0|    0.0|F2              |
|  0|10.00|83713.6|  1|10.20|12.72|  41.597|  28.657| 2424.797|  -7.3|  -0.1| 2598.4| 0.000|   0.0|  44.976|  38.760|315.86|   0.0|    0.0|    0.0|F2              |
|  0|10.00|83724.7|  1|10.20|12.78|  42.134|  28.621| 2423.124|  -6.6|  -0.1| 2596.9| 0.000|   0.0|  45.206|  38.780|315.94|   0.0|    0.0|    0.0|F2              |
+---+-----+-------+---+-----+-----+--------+--------+---------+------+------+-------+------+------+--------+--------+------+------+-------+-------+----------------+
+---+-----+-------+---+-----+-----+--------+--------+---------+------+------+-------+------+------+--------+--------+------+------+-------+-------+----------------+
|0-x| fr  |  time |hop| d0  | d1  |   fi   |  teta  |   dist  |  at  |  dev |   p   |  df  |  l   |   fot  |   tot  |  rot | lsp  |   pf  |    s  |                |
+---+-----+-------+---+-----+-----+--------+--------+---------+------+------+-------+------+------+--------+--------+------+------+-------+-------+----------------+
|  0|10.00|83735.0|  1|10.20|12.74|  41.672|  28.651| 2424.626|  -7.2|  -0.1| 2598.3| 0.000|   0.0|  45.017|  38.797|315.94|   0.0|    0.0|    0.0|F2              |
|  0|10.00|83746.0|  1| 8.40|11.88|  40.971|  27.335| 2575.385|  -7.4|  -0.2| 2744.4| 0.000|   0.0|  44.724|  37.774|312.04|   0.0|    0.0|    0.0|F2              |
|  0|10.00|83757.1|  1|10.80|13.11|  42.304|  29.048| 2374.749|  -6.6|  -0.1| 2550.3| 0.000|   0.0|  45.263|  39.032|317.17|   0.0|    0.0|    0.0|F2              |
|  0|10.00|83768.0|  1|10.20|12.74|  41.594|  28.656| 2424.928|  -7.3|  -0.1| 2598.6| 0.000|   0.0|  44.986|  38.800|315.97|   0.0|    0.0|    0.0|F2              |
|  0|10.00|83779.1|  1|10.20|12.80|  42.207|  28.616| 2422.967|  -6.6|  -0.2| 2596.9| 0.000|   0.0|  45.220|  38.698|315.85|   0.0|    0.0|    0.0|F2              |
|  0|10.00|83789.7|  1|10.20|12.74|  41.593|  28.657| 2424.820|  -7.3|  -0.1| 2598.6| 0.000|   0.0|  44.986|  38.800|315.99|   0.0|    0.0|    0.0|F2              |
|  0|10.00|83800.6|  1| 9.60|12.44|  41.393|  28.222| 2474.291|  -7.4|  -0.2| 2646.4| 0.000|   0.0|  44.889|  38.416|314.60|   0.0|    0.0|    0.0|F2              |
|  0|10.00|83811.0|  1| 9.00|12.17|  41.185|  27.783| 2524.314|  -7.4|  -0.2| 2694.9| 0.000|   0.0|  44.810|  38.107|313.37|   0.0|    0.0|    0.0|F2              |
|  0|10.00|83822.0|  1|10.20|12.75|  41.590|  28.656| 2424.914|  -7.4|  -0.2| 2598.7| 0.000|   0.0|  44.986|  38.800|316.01|   0.0|    0.0|    0.0|F2              |
|  0|10.00|83833.1|  1| 9.60|12.39|  40.758|  28.269| 2476.508|  -8.2|  -0.2| 2648.5| 0.000|   0.0|  44.639|  38.482|314.71|   0.0|    0.0|    0.0|F2              |
|  0|10.00|83844.1|  1|11.40|13.47|  42.465|  29.470| 2327.051|  -6.6|  -0.1| 2504.7| 0.000|   0.0|  45.339|  39.376|318.59|   0.0|    0.0|    0.0|F2              |
|  0|10.00|83866.0|  1|10.20|12.81|  42.124|  28.620| 2423.291|  -6.7|  -0.2| 2597.3| 0.000|   0.0|  45.188|  38.701|315.93|   0.0|    0.0|    0.0|F2              |
|  0|10.00|83877.1|  1|11.40|13.39|  41.460|  29.545| 2329.794|  -8.0|  -0.1| 2507.2| 0.000|   0.0|  44.926|  39.416|318.59|   0.0|    0.0|    0.0|F2              |
|  0|10.00|83888.2|  1|10.80|13.09|  41.777|  29.084| 2376.333|  -7.3|  -0.1| 2552.0| 0.000|   0.0|  45.058|  39.093|317.34|   0.0|    0.0|    0.0|F2              |
|  0|10.00|83899.3|  1| 9.60|12.47|  41.386|  28.223| 2474.308|  -7.4|  -0.2| 2646.6| 0.000|   0.0|  44.888|  38.416|314.69|   0.0|    0.0|    0.0|F2              |
|  0|10.00|83910.3|  1| 7.20|11.47|  40.498|  26.427| 2679.008|  -7.4|  -0.2| 2845.8| 0.000|   0.0|  44.536|  37.066|309.57|   0.0|    0.0|    0.0|F2              |
|  0|10.00|83920.6|  1|10.80|13.15|  42.294|  29.049| 2374.781|  -6.7|  -0.2| 2550.7| 0.000|   0.0|  45.272|  39.074|317.38|   0.0|    0.0|    0.0|F2              |
|  0|10.00|83931.0|  1| 9.60|12.48|  41.385|  28.223| 2474.294|  -7.4|  -0.2| 2646.7| 0.000|   0.0|  44.888|  38.416|314.71|   0.0|    0.0|    0.0|F2              |
|  0|10.00|83942.0|  1| 9.60|12.48|  41.384|  28.223| 2474.357|  -7.4|  -0.2| 2646.8| 0.000|   0.0|  44.888|  38.416|314.72|   0.0|    0.0|    0.0|F2              |
|  0|10.00|83953.0|  1| 9.60|12.49|  41.383|  28.222| 2474.411|  -7.4|  -0.2| 2646.8| 0.000|   0.0|  44.888|  38.416|314.73|   0.0|    0.0|    0.0|F2              |
+---+-----+-------+---+-----+-----+--------+--------+---------+------+------+-------+------+------+--------+--------+------+------+-------+-------+----------------+
+---+-----+-------+---+-----+-----+--------+--------+---------+------+------+-------+------+------+--------+--------+------+------+-------+-------+----------------+
|0-x| fr  |  time |hop| d0  | d1  |   fi   |  teta  |   dist  |  at  |  dev |   p   |  df  |  l   |   fot  |   tot  |  rot | lsp  |   pf  |    s  |                |
+---+-----+-------+---+-----+-----+--------+--------+---------+------+------+-------+------+------+--------+--------+------+------+-------+-------+----------------+
|  0|10.00|83964.1|  1|11.40|13.50|  42.457|  29.469| 2327.276|  -6.6|  -0.1| 2505.1| 0.000|   0.0|  45.339|  39.378|318.70|   0.0|    0.0|    0.0|F2              |
|  0|10.00|83975.3|  1| 6.60|11.07|  38.186|  26.123| 2740.936|  -9.6|  -0.2| 2906.3| 0.000|   0.0|  43.578|  36.777|308.45|   0.0|    0.0|    0.0|F2              |
|  0|10.00|83997.4|  1| 9.60|12.50|  41.380|  28.222| 2474.430|  -7.4|  -0.2| 2646.9| 0.000|   0.0|  44.888|  38.416|314.77|   0.0|    0.0|    0.0|F2              |
|  0|10.00|84009.9|  1| 9.60|12.50|  41.379|  28.223| 2474.385|  -7.4|  -0.2| 2646.9| 0.000|   0.0|  44.888|  38.416|314.78|   0.0|    0.0|    0.0|F2              |
|  0|10.00|84020.9|  1| 9.60|12.51|  41.378|  28.223| 2474.418|  -7.4|  -0.2| 2647.0| 0.000|   0.0|  44.888|  38.416|314.79|   0.0|    0.0|    0.0|F2              |
|  0|10.00|84032.1|  1| 9.60|12.40|  40.272|  28.308| 2478.450|  -8.8|  -0.2| 2650.7| 0.000|   0.0|  44.443|  38.504|314.89|   0.0|    0.0|    0.0|F2              |
|  0|10.00|84042.5|  1| 8.40|11.96|  40.950|  27.333| 2575.806|  -7.4|  -0.2| 2745.4| 0.000|   0.0|  44.744|  37.851|312.33|   0.0|    0.0|    0.0|F2              |
|  0|10.00|84052.8|  1|10.20|12.92|  42.652|  28.590| 2421.616|  -6.0|  -0.2| 2596.2| 0.000|   0.0|  45.411|  38.683|316.08|   0.0|    0.0|    0.0|F2              |
|  0|10.00|84065.4|  1| 9.60|12.52|  41.376|  28.222| 2474.476|  -7.4|  -0.2| 2647.1| 0.000|   0.0|  44.888|  38.416|314.83|   0.0|    0.0|    0.0|F2              |
|  0|10.00|84076.9|  1|10.20|12.88|  42.111|  28.621| 2423.374|  -6.7|  -0.2| 2597.9| 0.000|   0.0|  45.188|  38.702|316.11|   0.0|    0.0|    0.0|F2              |
|  0|10.00|84087.2|  1|10.80|13.14|  41.764|  29.082| 2376.731|  -7.4|  -0.2| 2552.8| 0.000|   0.0|  45.038|  39.016|317.41|   0.0|    0.0|    0.0|F2              |
|  0|10.00|84098.3|  1|10.20|12.83|  41.573|  28.657| 2425.070|  -7.4|  -0.2| 2599.4| 0.000|   0.0|  44.965|  38.722|316.14|   0.0|    0.0|    0.0|F2              |
|  0|10.00|84108.6|  1|10.20|12.83|  41.572|  28.656| 2425.137|  -7.4|  -0.2| 2599.5| 0.000|   0.0|  44.965|  38.722|316.15|   0.0|    0.0|    0.0|F2              |
|  0|10.00|84119.0|  1|10.80|13.21|  42.282|  29.048| 2375.019|  -6.7|  -0.2| 2551.3| 0.000|   0.0|  45.254|  38.997|317.44|   0.0|    0.0|    0.0|F2              |
|  0|10.00|84131.2|  1|11.40|13.54|  42.446|  29.467| 2327.596|  -6.7|  -0.2| 2505.8| 0.000|   0.0|  45.322|  39.302|318.78|   0.0|    0.0|    0.0|F2              |
|  0|10.00|84141.5|  1| 9.60|12.53|  41.370|  28.221| 2474.706|  -7.4|  -0.2| 2647.5| 0.000|   0.0|  44.888|  38.415|314.89|   0.0|    0.0|    0.0|F2              |
|  0|10.00|84151.9|  1|12.60|14.23|  42.283|  30.316| 2236.540|  -7.3|  -0.1| 2418.7| 0.000|   0.0|  45.240|  39.847|321.34|   0.0|    0.0|    0.0|F2              |
|  0|10.00|84163.0|  1|10.20|12.90|  42.106|  28.620| 2423.543|  -6.7|  -0.2| 2598.2| 0.000|   0.0|  45.187|  38.702|316.19|   0.0|    0.0|    0.0|F2              |
|  0|10.00|84174.1|  1|11.40|13.56|  42.444|  29.468| 2327.501|  -6.7|  -0.2| 2505.8| 0.000|   0.0|  45.322|  39.303|318.83|   0.0|    0.0|    0.0|F2              |
|  0|10.00|84185.9|  1| 9.60|12.60|  41.923|  28.186| 2472.728|  -6.7|  -0.2| 2645.8| 0.000|   0.0|  45.117|  38.394|314.91|   0.0|    0.0|    0.0|F2              |
+---+-----+-------+---+-----+-----+--------+--------+---------+------+------+-------+------+------+--------+--------+------+------+-------+-------+----------------+
+---+-----+-------+---+-----+-----+--------+--------+---------+------+------+-------+------+------+--------+--------+------+------+-------+-------+----------------+
|0-x| fr  |  time |hop| d0  | d1  |   fi   |  teta  |   dist  |  at  |  dev |   p   |  df  |  l   |   fot  |   tot  |  rot | lsp  |   pf  |    s  |                |
+---+-----+-------+---+-----+-----+--------+--------+---------+------+------+-------+------+------+--------+--------+------+------+-------+-------+----------------+
|  0|10.00|84199.2|  1| 9.60|12.50|  40.812|  28.261| 2476.738|  -8.1|  -0.2| 2649.5| 0.000|   0.0|  44.659|  38.439|314.96|   0.0|    0.0|    0.0|F2              |
|  0|10.00|84210.3|  1|10.80|13.23|  42.276|  29.047| 2375.194|  -6.7|  -0.2| 2551.7| 0.000|   0.0|  45.254|  38.998|317.53|   0.0|    0.0|    0.0|F2              |
|  0|10.00|84221.7|  1|11.40|13.52|  41.937|  29.500| 2329.288|  -7.4|  -0.2| 2507.6| 0.000|   0.0|  45.113|  39.322|318.88|   0.0|    0.0|    0.0|F2              |
|  0|10.00|84232.1|  1| 7.20|11.48|  39.838|  26.469| 2682.160|  -8.1|  -0.2| 2849.4| 0.000|   0.0|  44.271|  37.090|309.79|   0.0|    0.0|    0.0|F2              |
|  0|10.00|84243.1|  1|10.20|12.87|  41.563|  28.654| 2425.461|  -7.4|  -0.2| 2600.1| 0.000|   0.0|  44.965|  38.722|316.28|   0.0|    0.0|    0.0|F2              |
|  0|10.00|84254.2|  1|10.20|12.87|  41.562|  28.653| 2425.583|  -7.4|  -0.2| 2600.3| 0.000|   0.0|  44.965|  38.722|316.29|   0.0|    0.0|    0.0|F2              |
|  0|10.00|84264.5|  1|10.20|12.87|  41.561|  28.653| 2425.593|  -7.4|  -0.2| 2600.3| 0.000|   0.0|  44.965|  38.723|316.30|   0.0|    0.0|    0.0|F2              |
|  0|10.00|84277.1|  1|10.20|12.87|  41.560|  28.653| 2425.566|  -7.4|  -0.2| 2600.3| 0.000|   0.0|  44.965|  38.723|316.31|   0.0|    0.0|    0.0|F2              |
|  0|10.00|84288.1|  1|10.20|12.93|  42.097|  28.619| 2423.704|  -6.7|  -0.2| 2598.6| 0.000|   0.0|  45.187|  38.702|316.30|   0.0|    0.0|    0.0|F2              |
|  0|10.00|84299.2|  1|10.80|13.25|  42.270|  29.046| 2375.323|  -6.7|  -0.2| 2552.0| 0.000|   0.0|  45.254|  38.998|317.62|   0.0|    0.0|    0.0|F2              |
|  0|10.00|84310.2|  1|10.20|12.88|  41.558|  28.654| 2425.566|  -7.4|  -0.2| 2600.4| 0.000|   0.0|  44.965|  38.723|316.34|   0.0|    0.0|    0.0|F2              |
|  0|10.00|84320.6|  1|10.20|12.94|  42.095|  28.619| 2423.755|  -6.7|  -0.2| 2598.7| 0.000|   0.0|  45.187|  38.702|316.33|   0.0|    0.0|    0.0|F2              |
|  0|10.00|84320.6|  1| 8.40|11.71|  37.906|  27.601| 2588.672| -11.0|  -0.2| 2758.0| 0.000|   0.0|  43.472|  37.924|312.63|   0.0|    0.0|    0.0|F2              |
|  0|10.00|84332.0|  1|10.80|13.26|  42.268|  29.046| 2375.404|  -6.7|  -0.2| 2552.2| 0.000|   0.0|  45.254|  38.999|317.65|   0.0|    0.0|    0.0|F2              |
|  0|10.00|84344.3|  1|10.80|13.27|  42.267|  29.046| 2375.396|  -6.7|  -0.2| 2552.2| 0.000|   0.0|  45.254|  38.999|317.66|   0.0|    0.0|    0.0|F2              |
|  0|10.00|84354.7|  1|10.20|13.00|  42.633|  28.590| 2421.803|  -6.0|  -0.2| 2597.0| 0.000|   0.0|  45.410|  38.684|316.34|   0.0|    0.0|    0.0|F2              |
|  0|10.00|84365.0|  1|10.20|12.95|  42.092|  28.618| 2423.864|  -6.7|  -0.2| 2598.9| 0.000|   0.0|  45.187|  38.702|316.37|   0.0|    0.0|    0.0|F2              |
|  0|10.00|84376.2|  1| 7.20|11.09|  35.987|  26.853| 2700.108| -12.4|  -0.2| 2866.7| 0.000|   0.0|  42.683|  37.314|310.26|   0.0|    0.0|    0.0|F2              |
|  0|10.00|84376.2|  1|10.20|12.95|  42.092|  28.619| 2423.727|  -6.7|  -0.2| 2598.8| 0.000|   0.0|  45.187|  38.703|316.38|   0.0|    0.0|    0.0|F2              |
|  0|10.00|84387.2|  1| 9.60|12.65|  41.910|  28.185| 2472.965|  -6.7|  -0.2| 2646.4| 0.000|   0.0|  45.117|  38.394|315.07|   0.0|    0.0|    0.0|F2              |
+---+-----+-------+---+-----+-----+--------+--------+---------+------+------+-------+------+------+--------+--------+------+------+-------+-------+----------------+
+---+-----+-------+---+-----+-----+--------+--------+---------+------+------+-------+------+------+--------+--------+------+------+-------+-------+----------------+
|0-x| fr  |  time |hop| d0  | d1  |   fi   |  teta  |   dist  |  at  |  dev |   p   |  df  |  l   |   fot  |   tot  |  rot | lsp  |   pf  |    s  |                |
+---+-----+-------+---+-----+-----+--------+--------+---------+------+------+-------+------+------+--------+--------+------+------+-------+-------+----------------+
|  0|10.00|84398.3|  1|10.80|13.28|  42.263|  29.045| 2375.567|  -6.7|  -0.2| 2552.5| 0.000|   0.0|  45.254|  38.999|317.71|   0.0|    0.0|    0.0|F2              |
|  0|10.00|84411.9|  1| 9.60|12.66|  41.909|  28.185| 2473.024|  -6.7|  -0.2| 2646.5| 0.000|   0.0|  45.117|  38.394|315.09|   0.0|    0.0|    0.0|F2              |
|  0|10.00|84422.2|  1| 9.00|12.32|  41.142|  27.778| 2525.349|  -7.4|  -0.2| 2697.2| 0.000|   0.0|  44.807|  38.104|313.82|   0.0|    0.0|    0.0|F2              |
|  0|10.00|84432.5|  1| 9.60|12.67|  41.907|  28.185| 2473.016|  -6.7|  -0.2| 2646.6| 0.000|   0.0|  45.117|  38.394|315.10|   0.0|    0.0|    0.0|F2              |
|  0|10.00|84445.0|  1| 9.00|12.33|  41.141|  27.778| 2525.306|  -7.4|  -0.2| 2697.2| 0.000|   0.0|  44.807|  38.104|313.84|   0.0|    0.0|    0.0|F2              |
|  0|10.00|84456.2|  1| 6.00|11.50|  42.809|  25.384| 2772.553|  -4.5|  -0.2| 2938.5| 0.000|   0.0|  45.513|  36.268|306.72|   0.0|    0.0|    0.0|F2              |
|  0|10.00|84467.2|  1| 9.60|12.50|  40.240|  28.302| 2479.561|  -8.8|  -0.2| 2652.8| 0.000|   0.0|  44.417|  38.424|315.15|   0.0|    0.0|    0.0|F2              |
|  0|10.00|84467.2|  1| 8.40|12.26|  42.803|  27.243| 2568.184|  -5.2|  -0.2| 2739.0| 0.000|   0.0|  45.481|  37.635|312.18|   0.0|    0.0|    0.0|F2              |
|  0|10.00|84478.3|  1| 9.00|12.46|  42.293|  27.716| 2520.610|  -6.0|  -0.2| 2692.8| 0.000|   0.0|  45.283|  38.062|313.76|   0.0|    0.0|    0.0|F2              |
|  0|10.00|84489.7|  1| 9.60|12.62|  41.346|  28.218| 2475.319|  -7.4|  -0.2| 2648.8| 0.000|   0.0|  44.887|  38.415|315.19|   0.0|    0.0|    0.0|F2              |
|  0|10.00|84502.2|  1|10.20|12.98|  42.083|  28.617| 2424.098|  -6.7|  -0.2| 2599.5| 0.000|   0.0|  45.169|  38.624|316.30|   0.0|    0.0|    0.0|F2              |
|  0|10.00|84514.7|  1|10.20|12.99|  42.082|  28.617| 2424.125|  -6.7|  -0.2| 2599.5| 0.000|   0.0|  45.169|  38.624|316.31|   0.0|    0.0|    0.0|F2              |
|  0|10.00|84526.2|  1| 9.60|12.69|  41.901|  28.185| 2473.093|  -6.7|  -0.2| 2646.8| 0.000|   0.0|  45.098|  38.314|314.99|   0.0|    0.0|    0.0|F2              |
|  0|10.00|84537.3|  1| 7.80|11.50|  37.554|  27.150| 2641.878| -11.0|  -0.2| 2810.4| 0.000|   0.0|  43.333|  37.576|311.55|   0.0|    0.0|    0.0|F2              |
|  0|10.00|84547.7|  1|12.00|13.96|  42.088|  29.905| 2283.544|  -7.4|  -0.2| 2464.5| 0.000|   0.0|  45.118|  39.349|319.52|   0.0|    0.0|    0.0|F2              |
|  0|10.00|84558.4|  1|10.80|13.32|  42.252|  29.042| 2375.907|  -6.7|  -0.2| 2553.2| 0.000|   0.0|  45.254|  39.001|317.87|   0.0|    0.0|    0.0|F2              |
|  0|10.00|84568.8|  1|11.40|13.29|  38.865|  29.800| 2340.464| -11.7|  -0.2| 2518.6| 0.000|   0.0|  43.756|  39.251|318.29|   0.0|    0.0|    0.0|F2              |
|  0|10.00|84568.8|  1|10.20|12.95|  41.540|  28.649| 2426.222|  -7.4|  -0.2| 2601.6| 0.000|   0.0|  44.944|  38.644|316.39|   0.0|    0.0|    0.0|F2              |
|  0|10.00|84579.1|  1|10.20|12.95|  41.539|  28.649| 2426.285|  -7.4|  -0.2| 2601.7| 0.000|   0.0|  44.944|  38.644|316.40|   0.0|    0.0|    0.0|F2              |
|  0|10.00|84591.6|  1|11.40|13.46|  40.410|  29.620| 2335.409|  -9.5|  -0.2| 2514.1| 0.000|   0.0|  44.493|  39.395|319.32|   0.0|    0.0|    0.0|F2              |
+---+-----+-------+---+-----+-----+--------+--------+---------+------+------+-------+------+------+--------+--------+------+------+-------+-------+----------------+
+---+-----+-------+---+-----+-----+--------+--------+---------+------+------+-------+------+------+--------+--------+------+------+-------+-------+----------------+
|0-x| fr  |  time |hop| d0  | d1  |   fi   |  teta  |   dist  |  at  |  dev |   p   |  df  |  l   |   fot  |   tot  |  rot | lsp  |   pf  |    s  |                |
+---+-----+-------+---+-----+-----+--------+--------+---------+------+------+-------+------+------+--------+--------+------+------+-------+-------+----------------+
|  0|10.00|84591.6|  1| 7.80|12.05|  42.547|  26.796| 2619.288|  -5.3|  -0.2| 2789.0| 0.000|   0.0|  45.380|  37.286|310.88|   0.0|    0.0|    0.0|F2              |
+==============================================================================+
|   Medium characteristics Sunspot number= 201.9 IG= 201.9   GMT time:23:29    |
|------------------------------------------------------------------------------|
|   S   | fh |  I  |   D  | fd |  hd | fe |  he | ff1 | hf1 | ff2 | hf2 |   Hi |
|-------+----+-----+------+----+-----+----+-----+-----+-----+-----+-----+------|
|    0.0|1.21| 50.6|   2.5|0.18| 87.6|0.37|110.0| 0.00|  0.0| 8.78|388.1| 129.3|
+==============================================================================+

+==================================+
|       Es-layer parametres        |
|----------------------------------|
|   S   | hEs | fbEs | f0Es | P Es |
|-------+-----+------+------+------|
|    0.0|118.3| 1.94 | 2.32 | 45.6 |
+==================================+

|  0|10.00|84602.0|  1|10.80|13.17|  40.691|  29.154| 2381.722|  -8.8|  -0.2| 2558.7| 0.000|   0.0|  44.609|  39.065|317.98|   0.0|    0.0|    0.0|F2              |
|  0|10.00|84602.0|  1| 8.40|12.23|  42.108|  27.268| 2571.303|  -6.0|  -0.2| 2742.3| 0.000|   0.0|  45.214|  37.735|312.48|   0.0|    0.0|    0.0|F2              |
|  0|10.00|84613.0|  1| 7.80|12.06|  42.634|  26.793| 2618.998|  -5.2|  -0.2| 2788.7| 0.000|   0.0|  45.417|  37.283|310.87|   0.0|    0.0|    0.0|F2              |
|  0|10.00|84624.1|  1| 6.00|11.54|  42.800|  25.389| 2772.162|  -4.6|  -0.3| 2938.4| 0.000|   0.0|  45.513|  36.267|306.70|   0.0|    0.0|    0.0|F2              |
|  0|10.00|84635.2|  1| 9.00|12.50|  42.365|  27.711| 2520.496|  -5.9|  -0.2| 2693.0| 0.000|   0.0|  45.316|  38.058|313.81|   0.0|    0.0|    0.0|F2              |
|  0|10.00|84646.3|  1| 9.60|12.72|  41.892|  28.184| 2473.288|  -6.7|  -0.2| 2647.2| 0.000|   0.0|  45.097|  38.314|315.04|   0.0|    0.0|    0.0|F2              |
|  0|10.00|84656.6|  1| 8.40|12.24|  42.104|  27.269| 2571.229|  -6.0|  -0.2| 2742.2| 0.000|   0.0|  45.214|  37.734|312.45|   0.0|    0.0|    0.0|F2              |
|  0|10.00|84667.0|  1| 8.40|12.18|  41.504|  27.297| 2573.872|  -6.7|  -0.2| 2744.8| 0.000|   0.0|  44.948|  37.675|312.37|   0.0|    0.0|    0.0|F2              |
|  0|10.00|84677.3|  1| 9.00|12.50|  42.279|  27.714| 2520.905|  -6.0|  -0.2| 2693.4| 0.000|   0.0|  45.282|  38.061|313.80|   0.0|    0.0|    0.0|F2              |
|  0|10.00|84687.6|  1|10.20|12.97|  41.530|  28.647| 2426.601|  -7.4|  -0.2| 2602.1| 0.000|   0.0|  44.944|  38.644|316.41|   0.0|    0.0|    0.0|F2              |
|  0|10.00|84697.9|  1| 8.40|12.24|  42.100|  27.268| 2571.344|  -6.0|  -0.2| 2742.4| 0.000|   0.0|  45.214|  37.734|312.43|   0.0|    0.0|    0.0|F2              |
|  0|10.00|84708.3|  1| 9.60|12.74|  41.966|  28.178| 2473.166|  -6.6|  -0.2| 2647.2| 0.000|   0.0|  45.130|  38.311|315.01|   0.0|    0.0|    0.0|F2              |
|  0|10.00|84718.6|  1| 9.60|12.73|  41.886|  28.182| 2473.506|  -6.7|  -0.2| 2647.5| 0.000|   0.0|  45.097|  38.314|315.02|   0.0|    0.0|    0.0|F2              |
|  0|10.00|84728.9|  1|11.40|13.53|  40.896|  29.568| 2334.429|  -8.8|  -0.2| 2513.4| 0.000|   0.0|  44.699|  39.371|319.31|   0.0|    0.0|    0.0|F2              |
|  0|10.00|84742.1|  1| 9.00|11.79|  35.890|  28.336| 2549.345| -13.9|  -0.2| 2720.3| 0.000|   0.0|  42.644|  38.411|314.33|   0.0|    0.0|    0.0|F2              |
|  0|10.00|84742.1|  1| 9.60|12.74|  41.963|  28.177| 2473.286|  -6.6|  -0.2| 2647.4| 0.000|   0.0|  45.130|  38.311|315.00|   0.0|    0.0|    0.0|F2              |
|  0|10.00|84753.6|  1| 9.60|12.74|  41.883|  28.183| 2473.465|  -6.7|  -0.2| 2647.5| 0.000|   0.0|  45.097|  38.314|315.01|   0.0|    0.0|    0.0|F2              |
|  0|10.00|84764.0|  1| 5.40|11.35|  41.906|  24.933| 2828.702|  -5.3|  -0.3| 2993.9| 0.000|   0.0|  45.144|  35.859|305.25|   0.0|    0.0|    0.0|F2              |
|  0|10.00|84776.2|  1| 9.60|12.74|  41.881|  28.181| 2473.629|  -6.7|  -0.2| 2647.7| 0.000|   0.0|  45.097|  38.314|315.00|   0.0|    0.0|    0.0|F2              |
+---+-----+-------+---+-----+-----+--------+--------+---------+------+------+-------+------+------+--------+--------+------+------+-------+-------+----------------+
+---+-----+-------+---+-----+-----+--------+--------+---------+------+------+-------+------+------+--------+--------+------+------+-------+-------+----------------+
|0-x| fr  |  time |hop| d0  | d1  |   fi   |  teta  |   dist  |  at  |  dev |   p   |  df  |  l   |   fot  |   tot  |  rot | lsp  |   pf  |    s  |                |
+---+-----+-------+---+-----+-----+--------+--------+---------+------+------+-------+------+------+--------+--------+------+------+-------+-------+----------------+
|  0|10.00|84788.7|  1| 6.00|11.58|  42.788|  25.394| 2771.625|  -4.6|  -0.3| 2938.0| 0.000|   0.0|  45.512|  36.267|306.53|   0.0|    0.0|    0.0|F2              |
|  0|10.00|84799.1|  1| 9.60|12.80|  42.438|  28.154| 2471.317|  -6.0|  -0.2| 2645.6| 0.000|   0.0|  45.329|  38.295|314.93|   0.0|    0.0|    0.0|F2              |
|  0|10.00|84810.1|  1|10.80|12.96|  38.553|  29.373| 2390.928| -11.7|  -0.2| 2567.5| 0.000|   0.0|  43.729|  39.183|318.07|   0.0|    0.0|    0.0|F2              |
|  0|10.00|84810.1|  1| 7.20|11.87|  42.360|  26.342| 2670.602|  -5.4|  -0.3| 2839.2| 0.000|   0.0|  45.307|  36.911|309.32|   0.0|    0.0|    0.0|F2              |
|  0|10.00|84822.3|  1|10.20|12.49|  37.141|  29.103| 2445.210| -13.2|  -0.2| 2619.7| 0.000|   0.0|  43.167|  39.007|316.88|   0.0|    0.0|    0.0|F2              |
|  0|10.00|84822.3|  1| 7.20|11.87|  42.359|  26.342| 2670.625|  -5.4|  -0.3| 2839.2| 0.000|   0.0|  45.307|  36.911|309.31|   0.0|    0.0|    0.0|F2              |
|  0|10.00|84832.6|  1| 9.60|12.63|  40.762|  28.250| 2478.537|  -8.1|  -0.2| 2652.4| 0.000|   0.0|  44.656|  38.438|315.27|   0.0|    0.0|    0.0|F2              |
|  0|10.00|84832.6|  1| 6.60|11.69|  42.276|  25.879| 2722.051|  -5.3|  -0.3| 2889.5| 0.000|   0.0|  45.272|  36.521|307.85|   0.0|    0.0|    0.0|F2              |
|  0|10.00|84842.9|  1| 7.80|12.09|  42.527|  26.799| 2619.108|  -5.4|  -0.3| 2789.0| 0.000|   0.0|  45.379|  37.286|310.73|   0.0|    0.0|    0.0|F2              |
|  0|10.00|84842.9|  1| 9.60|12.11|  36.260|  28.759| 2498.297| -13.9|  -0.2| 2670.9| 0.000|   0.0|  42.800|  38.730|315.63|   0.0|    0.0|    0.0|F2              |
|  0|10.00|84854.0|  1| 6.60|11.69|  42.179|  25.884| 2722.366|  -5.4|  -0.3| 2889.8| 0.000|   0.0|  45.232|  36.524|307.85|   0.0|    0.0|    0.0|F2              |
|  0|10.00|84865.2|  1|10.80|13.42|  42.749|  29.009| 2374.862|  -6.0|  -0.2| 2552.7| 0.000|   0.0|  45.464|  38.963|317.76|   0.0|    0.0|    0.0|F2              |
|  0|10.00|84865.2|  1|10.20|12.63|  38.250|  28.951| 2440.598| -11.7|  -0.2| 2615.5| 0.000|   0.0|  43.629|  38.931|316.85|   0.0|    0.0|    0.0|F2              |
|  0|10.00|84876.2|  1| 7.80|12.05|  41.992|  26.818| 2621.562|  -6.0|  -0.3| 2791.4| 0.000|   0.0|  45.158|  37.302|310.80|   0.0|    0.0|    0.0|F2              |
|  0|10.00|84876.2|  1| 9.00|11.81|  35.952|  28.318| 2549.915| -13.8|  -0.2| 2721.1| 0.000|   0.0|  42.676|  38.405|314.37|   0.0|    0.0|    0.0|F2              |
|  0|10.00|84887.3|  1| 9.60|12.18|  36.786|  28.678| 2496.179| -13.2|  -0.2| 2669.1| 0.000|   0.0|  43.021|  38.690|315.62|   0.0|    0.0|    0.0|F2              |
|  0|10.00|84887.3|  1| 8.40|12.28|  42.171|  27.266| 2571.002|  -6.0|  -0.3| 2742.3| 0.000|   0.0|  45.248|  37.732|312.31|   0.0|    0.0|    0.0|F2              |
|  0|10.00|84897.6|  1| 6.00|11.46|  41.397|  25.434| 2778.168|  -6.0|  -0.3| 2944.4| 0.000|   0.0|  44.944|  36.306|306.72|   0.0|    0.0|    0.0|F2              |
|  0|10.00|84908.0|  1| 7.20|11.82|  41.708|  26.366| 2673.610|  -6.1|  -0.3| 2842.2| 0.000|   0.0|  45.040|  36.932|309.37|   0.0|    0.0|    0.0|F2              |
|  0|10.00|84919.4|  1| 7.80|12.05|  41.989|  26.819| 2621.562|  -6.0|  -0.3| 2791.5| 0.000|   0.0|  45.158|  37.302|310.78|   0.0|    0.0|    0.0|F2              |
+---+-----+-------+---+-----+-----+--------+--------+---------+------+------+-------+------+------+--------+--------+------+------+-------+-------+----------------+
+---+-----+-------+---+-----+-----+--------+--------+---------+------+------+-------+------+------+--------+--------+------+------+-------+-------+----------------+
|0-x| fr  |  time |hop| d0  | d1  |   fi   |  teta  |   dist  |  at  |  dev |   p   |  df  |  l   |   fot  |   tot  |  rot | lsp  |   pf  |    s  |                |
+---+-----+-------+---+-----+-----+--------+--------+---------+------+------+-------+------+------+--------+--------+------+------+-------+-------+----------------+
|  0|10.00|84929.7|  1| 7.80|12.05|  41.988|  26.819| 2621.492|  -6.0|  -0.3| 2791.4| 0.000|   0.0|  45.158|  37.302|310.77|   0.0|    0.0|    0.0|F2              |
|  0|10.00|84940.1|  1| 9.00|12.48|  41.679|  27.741| 2523.683|  -6.8|  -0.3| 2696.4| 0.000|   0.0|  45.043|  38.081|313.75|   0.0|    0.0|    0.0|F2              |
|  0|10.00|84951.1|  1| 9.60|12.76|  41.866|  28.180| 2473.925|  -6.8|  -0.3| 2648.2| 0.000|   0.0|  45.115|  38.393|315.11|   0.0|    0.0|    0.0|F2              |
|  0|10.00|84962.6|  1| 9.60|12.12|  36.245|  28.752| 2499.349| -13.9|  -0.2| 2672.2| 0.000|   0.0|  42.800|  38.730|315.67|   0.0|    0.0|    0.0|F2              |
|  0|10.00|84962.6|  1| 9.00|12.48|  41.677|  27.741| 2523.735|  -6.8|  -0.3| 2696.4| 0.000|   0.0|  45.043|  38.081|313.74|   0.0|    0.0|    0.0|F2              |
|  0|10.00|84972.9|  1|13.20|14.47|  39.600|  30.967| 2204.330| -11.7|  -0.2| 2389.4| 0.000|   0.0|  44.051|  40.012|322.24|   0.0|    0.0|    0.0|F2              |
|  0|10.00|84972.9|  1|10.80|13.38|  42.217|  29.034| 2377.206|  -6.7|  -0.2| 2555.0| 0.000|   0.0|  45.234|  38.921|317.65|   0.0|    0.0|    0.0|F2              |
|  0|10.00|84984.0|  1|12.00|14.01|  42.049|  29.889| 2285.632|  -7.4|  -0.2| 2467.3| 0.000|   0.0|  45.165|  39.547|320.49|   0.0|    0.0|    0.0|F2              |
|  0|10.00|84996.3|  1| 9.60|12.77|  41.862|  28.178| 2474.198|  -6.8|  -0.3| 2648.5| 0.000|   0.0|  45.115|  38.393|315.08|   0.0|    0.0|    0.0|F2              |
|  0|10.00|85006.6|  1|10.20|13.07|  42.042|  28.610| 2425.233|  -6.8|  -0.3| 2601.3| 0.000|   0.0|  45.192|  38.733|316.47|   0.0|    0.0|    0.0|F2              |
|  0|10.00|85018.0|  1|10.80|12.79|  36.956|  29.586| 2398.924| -13.9|  -0.2| 2575.3| 0.000|   0.0|  43.089|  39.332|318.23|   0.0|    0.0|    0.0|F2              |
|  0|10.00|85018.0|  1| 9.60|12.77|  41.860|  28.178| 2474.229|  -6.8|  -0.3| 2648.6| 0.000|   0.0|  45.115|  38.393|315.08|   0.0|    0.0|    0.0|F2              |
|  0|10.00|85029.1|  1|10.20|13.07|  42.040|  28.609| 2425.327|  -6.8|  -0.3| 2601.4| 0.000|   0.0|  45.192|  38.733|316.46|   0.0|    0.0|    0.0|F2              |
|  0|10.00|85040.1|  1| 9.60|12.78|  41.938|  28.173| 2473.935|  -6.7|  -0.3| 2648.3| 0.000|   0.0|  45.147|  38.390|315.05|   0.0|    0.0|    0.0|F2              |
|  0|10.00|85051.2|  1| 9.60|12.77|  41.858|  28.178| 2474.258|  -6.8|  -0.3| 2648.7| 0.000|   0.0|  45.096|  38.314|314.91|   0.0|    0.0|    0.0|F2              |
|  0|10.00|85061.5|  1|10.20|13.08|  42.037|  28.609| 2425.413|  -6.8|  -0.3| 2601.5| 0.000|   0.0|  45.192|  38.733|316.45|   0.0|    0.0|    0.0|F2              |
|  0|10.00|85135.0|  1|12.00|13.98|  41.548|  29.919| 2288.214|  -8.1|  -0.2| 2469.9| 0.000|   0.0|  44.973|  39.606|320.57|   0.0|    0.0|    0.0|F2              |
|  0|10.00|85146.1|  1| 8.40|12.25|  41.465|  27.296| 2574.399|  -6.8|  -0.3| 2745.8| 0.000|   0.0|  44.966|  37.755|312.28|   0.0|    0.0|    0.0|F2              |
|  0|10.00|85157.1|  1| 9.60|12.79|  41.848|  28.176| 2474.549|  -6.8|  -0.3| 2649.1| 0.000|   0.0|  45.095|  38.314|314.87|   0.0|    0.0|    0.0|F2              |
|  0|10.00|85168.2|  1| 9.60|12.73|  41.288|  28.206| 2477.250|  -7.5|  -0.3| 2651.7| 0.000|   0.0|  44.863|  38.335|314.95|   0.0|    0.0|    0.0|F2              |
+---+-----+-------+---+-----+-----+--------+--------+---------+------+------+-------+------+------+--------+--------+------+------+-------+-------+----------------+
+---+-----+-------+---+-----+-----+--------+--------+---------+------+------+-------+------+------+--------+--------+------+------+-------+-------+----------------+
|0-x| fr  |  time |hop| d0  | d1  |   fi   |  teta  |   dist  |  at  |  dev |   p   |  df  |  l   |   fot  |   tot  |  rot | lsp  |   pf  |    s  |                |
+---+-----+-------+---+-----+-----+--------+--------+---------+------+------+-------+------+------+--------+--------+------+------+-------+-------+----------------+
|  0|10.00|85179.2|  1|10.20|13.03|  41.486|  28.636| 2428.273|  -7.5|  -0.3| 2604.4| 0.000|   0.0|  44.942|  38.644|316.31|   0.0|    0.0|    0.0|F2              |
|  0|10.00|85190.3|  1|10.20|13.03|  41.485|  28.636| 2428.338|  -7.5|  -0.3| 2604.5| 0.000|   0.0|  44.942|  38.644|316.31|   0.0|    0.0|    0.0|F2              |
|  0|10.00|85201.7|  1|10.80|13.41|  42.197|  29.029| 2377.917|  -6.8|  -0.3| 2556.0| 0.000|   0.0|  45.233|  38.921|317.60|   0.0|    0.0|    0.0|F2              |
|  0|10.00|85212.0|  1| 9.60|12.73|  41.285|  28.205| 2477.341|  -7.5|  -0.3| 2651.8| 0.000|   0.0|  44.863|  38.335|314.94|   0.0|    0.0|    0.0|F2              |
|  0|10.00|85223.1|  1| 9.60|12.74|  41.284|  28.205| 2477.341|  -7.5|  -0.3| 2651.8| 0.000|   0.0|  44.863|  38.335|314.94|   0.0|    0.0|    0.0|F2              |
|  0|10.00|85234.2|  1| 9.60|12.74|  41.283|  28.206| 2477.299|  -7.5|  -0.3| 2651.8| 0.000|   0.0|  44.863|  38.335|314.94|   0.0|    0.0|    0.0|F2              |
|  0|10.00|85245.4|  1|10.80|13.36|  41.671|  29.058| 2380.343|  -7.5|  -0.3| 2558.4| 0.000|   0.0|  45.016|  38.941|317.67|   0.0|    0.0|    0.0|F2              |
|  0|10.00|85255.7|  1|10.80|13.36|  41.744|  29.052| 2380.233|  -7.4|  -0.3| 2558.3| 0.000|   0.0|  45.047|  38.938|317.65|   0.0|    0.0|    0.0|F2              |
|  0|10.00|85266.0|  1|11.40|13.70|  41.923|  29.468| 2332.904|  -7.4|  -0.3| 2512.9| 0.000|   0.0|  45.141|  39.324|319.17|   0.0|    0.0|    0.0|F2              |
|  0|10.00|85277.1|  1|11.40|13.70|  41.922|  29.467| 2332.991|  -7.4|  -0.3| 2513.0| 0.000|   0.0|  45.141|  39.324|319.17|   0.0|    0.0|    0.0|F2              |
|  0|10.00|85288.1|  1|11.40|13.75|  42.354|  29.442| 2331.198|  -6.8|  -0.3| 2511.3| 0.000|   0.0|  45.320|  39.309|319.10|   0.0|    0.0|    0.0|F2              |
|  0|10.00|85299.2|  1|11.40|13.76|  42.353|  29.442| 2331.228|  -6.8|  -0.3| 2511.4| 0.000|   0.0|  45.319|  39.309|319.10|   0.0|    0.0|    0.0|F2              |
|  0|10.00|85310.3|  1|11.40|13.75|  42.352|  29.441| 2331.399|  -6.8|  -0.3| 2511.5| 0.000|   0.0|  45.301|  39.229|319.00|   0.0|    0.0|    0.0|F2              |
|  0|10.00|85321.3|  1|11.40|13.75|  42.351|  29.440| 2331.448|  -6.8|  -0.3| 2511.6| 0.000|   0.0|  45.301|  39.229|319.00|   0.0|    0.0|    0.0|F2              |
|  0|10.00|85331.6|  1|11.40|13.76|  42.350|  29.441| 2331.357|  -6.8|  -0.3| 2511.5| 0.000|   0.0|  45.301|  39.230|319.00|   0.0|    0.0|    0.0|F2              |
|  0|10.00|85353.0|  1|12.60|14.47|  42.656|  30.245| 2240.402|  -6.8|  -0.3| 2424.8| 0.000|   0.0|  45.413|  39.740|321.64|   0.0|    0.0|    0.0|F2              |
|  0|10.00|85364.0|  1|12.00|14.11|  42.505|  29.846| 2285.524|  -6.8|  -0.3| 2467.8| 0.000|   0.0|  45.367|  39.528|320.40|   0.0|    0.0|    0.0|F2              |
+---+-----+-------+---+-----+-----+--------+--------+---------+------+------+-------+------+------+--------+--------+------+------+-------+-------+----------------+