
delt0=     0.1  eps=   1e-05  ep=   1e-06  ep1=   0.001
Geomagnetic Field - const
fh= 1.34  i=  65.2  d=   6.8
Number TID: 1
Tid Parametres
  delt   lamb     t     b      a     fi
0.000   200.0  20.0 -45.0   45.0   0.000
delta=-0.000  r0= 200.0  lon=  39.000 lat=  55.000
Beta=  20.0  Alfa=   0.0 aX=  20.0 aY= 100.0 aZ=  20.0

lonIon=  40.000 latIon=  47.500 it=10.00 h_tec=450.0  TEC= 1.13000e+17
lonIon=  40.000 latIon=  47.500 it=10.25 h_tec=450.0  TEC= 1.13000e+17
lonIon=  40.000 latIon=  47.500 it=10.50 h_tec=450.0  TEC= 1.13000e+17
lonIon=  40.000 latIon=  47.500 it=10.75 h_tec=450.0  TEC= 1.13000e+17

Number diff. equation: 6

+==============================================================================+
|   Medium characteristics Sunspot number=  29.1 IG=  29.1   GMT time:10:00    |
|------------------------------------------------------------------------------|
|   S   | fh |  I  |   D  | fd |  hd | fe |  he | ff1 | hf1 | ff2 | hf2 |   Hi |
|-------+----+-----+------+----+-----+----+-----+-----+-----+-----+-----+------|
|    0.0|1.21| 50.6|   2.5|0.24| 81.0|3.23|110.0| 4.56|165.9| 8.81|274.5|  30.2|
+==============================================================================+

+==================================+
|       Es-layer parametres        |
|----------------------------------|
|   S   | hEs | fbEs | f0Es | P Es |
|-------+-----+------+------+------|
|    0.0|115.7| 3.72 | 3.87 | 62.0 |
+==================================+

|  0|10.00|35994.7|  1|13.20|13.08|  45.974|  42.430|  868.656|  -6.5|   0.0|  907.3| 0.000|   0.0|  46.663|  46.272|101.55|   0.0|    0.0|    0.0|E               |
|  0|10.00|36008.6|  1|13.20|13.08|  45.974|  42.429|  868.758|  -6.5|   0.0|  907.4| 0.000|   0.0|  46.663|  46.272|101.56|   0.0|    0.0|    0.0|E               |
|  0|10.00|36020.2|  1|13.20|13.08|  45.974|  42.428|  868.825|  -6.5|   0.0|  907.5| 0.000|   0.0|  46.663|  46.272|101.56|   0.0|    0.0|    0.0|E               |
|  0|10.00|36031.9|  1|13.20|13.08|  45.974|  42.428|  868.873|  -6.5|   0.0|  907.5| 0.000|   0.0|  46.663|  46.272|101.56|   0.0|    0.0|    0.0|E               |
|  0|10.00|36043.6|  1|12.60|12.50|  45.841|  42.376|  875.933|  -7.1|   0.0|  912.3| 0.000|   0.0|  46.580|  46.132|100.14|   0.0|    0.0|    0.0|E               |
|  0|10.00|36056.3|  1|12.60|12.50|  45.961|  42.363|  876.126|  -6.5|   0.0|  912.5| 0.000|   0.0|  46.639|  46.127|100.15|   0.0|    0.0|    0.0|E               |
|  0|10.00|36066.9|  1| 7.80| 7.73|  45.345|  40.133| 1127.980|  -7.1|   0.0| 1155.2| 0.000|   0.0|  46.388|  45.108| 95.98|   0.0|    0.0|    0.0|E               |
|  0|10.00|36078.5|  1|12.00|11.91|  45.790|  42.234|  892.100|  -7.2|   0.0|  926.8| 0.000|   0.0|  46.578|  46.172| 99.68|   0.0|    0.0|    0.0|E               |
|  0|10.00|36089.1|  1|12.00|11.91|  45.933|  42.219|  892.266|  -6.5|   0.0|  926.9| 0.000|   0.0|  46.646|  46.166| 99.69|   0.0|    0.0|    0.0|E               |
|  0|10.00|36099.7|  1| 9.60| 9.53|  45.736|  41.223| 1003.959|  -6.5|   0.0| 1033.7| 0.000|   0.0|  46.559|  45.656| 97.27|   0.0|    0.0|    0.0|E               |
|  0|10.00|36111.3|  1|13.80|13.65|  45.825|  42.298|  884.687|  -7.1|   0.0|  927.0| 0.000|   0.0|  46.586|  46.165|103.05|   0.0|    0.0|    0.0|E               |
|  0|10.00|36123.0|  1|12.60|12.50|  45.961|  42.360|  876.451|  -6.5|   0.0|  912.9| 0.000|   0.0|  46.639|  46.127|100.17|   0.0|    0.0|    0.0|E               |
+---+-----+-------+---+-----+-----+--------+--------+---------+------+------+-------+------+------+--------+--------+------+------+-------+-------+----------------+
+---+-----+-------+---+-----+-----+--------+--------+---------+------+------+-------+------+------+--------+--------+------+------+-------+-------+----------------+
|0-x| fr  |  time |hop| d0  | d1  |   fi   |  teta  |   dist  |  at  |  dev |   p   |  df  |  l   |   fot  |   tot  |  rot | lsp  |   pf  |    s  |                |
+---+-----+-------+---+-----+-----+--------+--------+---------+------+------+-------+------+------+--------+--------+------+------+-------+-------+----------------+
|  0|10.00|36133.6|  1|12.00|11.91|  45.789|  42.232|  892.285|  -7.2|   0.0|  927.0| 0.000|   0.0|  46.578|  46.172| 99.69|   0.0|    0.0|    0.0|E               |
|  0|10.00|36145.3|  1|13.20|13.08|  45.972|  42.420|  869.714|  -6.5|   0.0|  908.4| 0.000|   0.0|  46.663|  46.272|101.60|   0.0|    0.0|    0.0|E               |
|  0|10.00|36156.0|  1| 7.20| 7.13|  45.214|  39.693| 1177.736|  -7.2|   0.0| 1204.3| 0.000|   0.0|  46.343|  44.940| 95.71|   0.0|    0.0|    0.0|E               |
|  0|10.00|36166.6|  1| 9.60| 9.53|  45.736|  41.222| 1004.069|  -6.5|   0.0| 1033.9| 0.000|   0.0|  46.559|  45.656| 97.27|   0.0|    0.0|    0.0|E               |
|  0|10.00|36177.2|  1|12.00|11.91|  45.933|  42.217|  892.564|  -6.5|   0.0|  927.3| 0.000|   0.0|  46.646|  46.166| 99.70|   0.0|    0.0|    0.0|E               |
|  0|10.00|36187.8|  1|11.40|11.32|  45.895|  42.023|  914.307|  -6.5|   0.0|  947.5| 0.000|   0.0|  46.630|  46.072| 99.00|   0.0|    0.0|    0.0|E               |
|  0|10.00|36200.5|  1|11.40|11.32|  45.895|  42.022|  914.341|  -6.5|   0.0|  947.6| 0.000|   0.0|  46.630|  46.072| 99.00|   0.0|    0.0|    0.0|E               |
|  0|10.00|36212.2|  1|10.80|10.72|  45.849|  41.789|  940.486|  -6.5|   0.0|  972.4| 0.000|   0.0|  46.613|  45.970| 98.40|   0.0|    0.0|    0.0|E               |
|  0|10.00|36223.5|  1|12.00|11.91|  45.809|  42.227|  892.608|  -7.1|   0.0|  927.3| 0.000|   0.0|  46.587|  46.171| 99.71|   0.0|    0.0|    0.0|E               |
|  0|10.00|36234.1|  1|12.00|11.91|  45.933|  42.215|  892.760|  -6.5|   0.0|  927.5| 0.000|   0.0|  46.646|  46.166| 99.71|   0.0|    0.0|    0.0|E               |
|  0|10.00|36246.8|  1|11.40|11.32|  45.895|  42.021|  914.467|  -6.5|   0.0|  947.7| 0.000|   0.0|  46.630|  46.072| 99.00|   0.0|    0.0|    0.0|E               |
|  0|10.00|36259.3|  1|11.40|11.32|  45.747|  42.036|  914.376|  -7.2|   0.0|  947.6| 0.000|   0.0|  46.560|  46.078| 99.00|   0.0|    0.0|    0.0|E               |
|  0|10.00|36270.6|  1| 7.20| 7.13|  45.413|  39.672| 1177.951|  -6.5|   0.0| 1204.5| 0.000|   0.0|  46.433|  44.931| 95.72|   0.0|    0.0|    0.0|E               |
|  0|10.00|36282.2|  1|10.20|10.13|  45.796|  41.521|  970.550|  -6.5|   0.0| 1001.4| 0.000|   0.0|  46.587|  45.818| 97.82|   0.0|    0.0|    0.0|E               |
|  0|10.00|36292.8|  1|12.60|12.50|  45.818|  42.367|  877.103|  -7.2|   0.0|  913.6| 0.000|   0.0|  46.586|  46.218|100.52|   0.0|    0.0|    0.0|E               |
|  0|10.00|36303.4|  1|13.20|13.08|  45.970|  42.410|  870.900|  -6.5|   0.0|  909.7| 0.000|   0.0|  46.663|  46.272|101.64|   0.0|    0.0|    0.0|E               |
|  0|10.00|36317.9|  1|10.20|10.13|  45.796|  41.520|  970.618|  -6.5|   0.0| 1001.4| 0.000|   0.0|  46.587|  45.818| 97.82|   0.0|    0.0|    0.0|E               |
|  0|10.00|36329.2|  1|12.60|12.50|  45.838|  42.364|  877.290|  -7.1|   0.0|  913.8| 0.000|   0.0|  46.596|  46.217|100.53|   0.0|    0.0|    0.0|E               |
|  0|10.00|36339.8|  1|11.40|11.32|  45.873|  42.021|  914.700|  -6.6|   0.0|  947.9| 0.000|   0.0|  46.620|  46.073| 99.02|   0.0|    0.0|    0.0|E               |
|  0|10.00|36363.1|  1|12.00|11.91|  45.808|  42.223|  893.081|  -7.1|   0.0|  927.8| 0.000|   0.0|  46.587|  46.171| 99.73|   0.0|    0.0|    0.0|E               |
+---+-----+-------+---+-----+-----+--------+--------+---------+------+------+-------+------+------+--------+--------+------+------+-------+-------+----------------+
+---+-----+-------+---+-----+-----+--------+--------+---------+------+------+-------+------+------+--------+--------+------+------+-------+-------+----------------+
|0-x| fr  |  time |hop| d0  | d1  |   fi   |  teta  |   dist  |  at  |  dev |   p   |  df  |  l   |   fot  |   tot  |  rot | lsp  |   pf  |    s  |                |
+---+-----+-------+---+-----+-----+--------+--------+---------+------+------+-------+------+------+--------+--------+------+------+-------+-------+----------------+
|  0|10.00|36373.6|  1|12.00|11.91|  45.932|  42.211|  893.231|  -6.5|   0.0|  928.0| 0.000|   0.0|  46.646|  46.166| 99.74|   0.0|    0.0|    0.0|E               |
|  0|10.00|36373.6|  1|12.60|12.50|  45.959|  42.350|  877.643|  -6.5|   0.0|  914.1| 0.000|   0.0|  46.639|  46.127|100.25|   0.0|    0.0|    0.0|E               |
|  0|10.00|36387.5|  1|11.40|11.32|  45.894|  42.018|  914.846|  -6.5|   0.0|  948.1| 0.000|   0.0|  46.630|  46.072| 99.02|   0.0|    0.0|    0.0|E               |
|  0|10.00|36399.1|  1|12.00|11.91|  45.808|  42.222|  893.201|  -7.1|   0.0|  927.9| 0.000|   0.0|  46.587|  46.171| 99.74|   0.0|    0.0|    0.0|E               |
|  0|10.00|36410.8|  1|11.40|11.32|  45.894|  42.017|  914.913|  -6.5|   0.0|  948.2| 0.000|   0.0|  46.630|  46.072| 99.03|   0.0|    0.0|    0.0|E               |
|  0|10.00|36422.5|  1|10.80|10.72|  45.717|  41.798|  940.858|  -7.1|   0.0|  972.8| 0.000|   0.0|  46.551|  45.976| 98.42|   0.0|    0.0|    0.0|E               |
|  0|10.00|36435.3|  1| 9.00| 8.93|  45.520|  40.899| 1041.816|  -7.1|   0.0| 1070.7| 0.000|   0.0|  46.461|  45.490| 96.82|   0.0|    0.0|    0.0|E               |
|  0|10.00|36445.9|  1|11.40|11.32|  45.746|  42.031|  914.884|  -7.2|   0.0|  948.1| 0.000|   0.0|  46.560|  46.078| 99.03|   0.0|    0.0|    0.0|E               |
|  0|10.00|36458.6|  1|12.60|12.50|  45.938|  42.348|  878.030|  -6.6|   0.0|  914.5| 0.000|   0.0|  46.644|  46.212|100.56|   0.0|    0.0|    0.0|E               |
|  0|10.00|36471.0|  1|11.40|11.32|  45.767|  42.028|  914.973|  -7.1|   0.0|  948.2| 0.000|   0.0|  46.570|  46.077| 99.03|   0.0|    0.0|    0.0|E               |
|  0|10.00|36483.7|  1|10.80|10.72|  45.695|  41.799|  940.968|  -7.2|   0.0|  972.9| 0.000|   0.0|  46.541|  45.977| 98.42|   0.0|    0.0|    0.0|E               |
|  0|10.00|36494.3|  1|10.20|10.13|  45.659|  41.531|  970.867|  -7.1|   0.0| 1001.7| 0.000|   0.0|  46.523|  45.824| 97.84|   0.0|    0.0|    0.0|E               |
|  0|10.00|36505.9|  1|10.80|10.72|  45.695|  41.799|  941.017|  -7.2|   0.0|  973.0| 0.000|   0.0|  46.541|  45.977| 98.43|   0.0|    0.0|    0.0|E               |
|  0|10.00|36517.6|  1|10.20|10.13|  45.637|  41.533|  970.896|  -7.2|   0.0| 1001.7| 0.000|   0.0|  46.512|  45.825| 97.84|   0.0|    0.0|    0.0|E               |
|  0|10.00|36529.3|  1| 9.60| 9.53|  45.570|  41.233| 1004.554|  -7.2|   0.0| 1034.4| 0.000|   0.0|  46.482|  45.663| 97.30|   0.0|    0.0|    0.0|E               |
|  0|10.00|36539.8|  1|12.00|11.91|  45.787|  42.220|  893.648|  -7.2|   0.0|  928.4| 0.000|   0.0|  46.578|  46.172| 99.76|   0.0|    0.0|    0.0|E               |
|  0|10.00|36552.7|  1|11.40|11.32|  45.766|  42.026|  915.192|  -7.1|   0.0|  948.5| 0.000|   0.0|  46.570|  46.077| 99.04|   0.0|    0.0|    0.0|E               |
|  0|10.00|36564.3|  1|12.60|12.50|  45.836|  42.354|  878.403|  -7.1|   0.0|  914.9| 0.000|   0.0|  46.596|  46.217|100.58|   0.0|    0.0|    0.0|E               |
|  0|10.00|36576.0|  1|11.40|11.32|  45.893|  42.013|  915.353|  -6.5|   0.0|  948.6| 0.000|   0.0|  46.630|  46.072| 99.05|   0.0|    0.0|    0.0|E               |
|  0|10.00|36587.8|  1|12.00|11.91|  45.931|  42.204|  893.959|  -6.5|   0.0|  928.7| 0.000|   0.0|  46.646|  46.166| 99.77|   0.0|    0.0|    0.0|E               |
+---+-----+-------+---+-----+-----+--------+--------+---------+------+------+-------+------+------+--------+--------+------+------+-------+-------+----------------+
+---+-----+-------+---+-----+-----+--------+--------+---------+------+------+-------+------+------+--------+--------+------+------+-------+-------+----------------+
|0-x| fr  |  time |hop| d0  | d1  |   fi   |  teta  |   dist  |  at  |  dev |   p   |  df  |  l   |   fot  |   tot  |  rot | lsp  |   pf  |    s  |                |
+---+-----+-------+---+-----+-----+--------+--------+---------+------+------+-------+------+------+--------+--------+------+------+-------+-------+----------------+
|  0|10.00|36599.4|  1|10.80|10.72|  45.717|  41.794|  941.241|  -7.1|   0.0|  973.2| 0.000|   0.0|  46.551|  45.976| 98.44|   0.0|    0.0|    0.0|E               |
|  0|10.00|36611.1|  1| 7.20| 7.13|  45.213|  39.688| 1178.230|  -7.2|   0.0| 1204.8| 0.000|   0.0|  46.343|  44.940| 95.74|   0.0|    0.0|    0.0|E               |
|  0|10.00|36634.0|  1| 6.00| 5.92|  44.966|  38.678| 1291.926|  -7.2|   0.0| 1317.3| 0.000|   0.0|  46.232|  44.374| 94.99|   0.0|    0.0|    0.0|E               |
|  0|10.00|36647.9|  1|10.80|10.72|  45.694|  41.796|  941.338|  -7.2|   0.0|  973.3| 0.000|   0.0|  46.541|  45.977| 98.44|   0.0|    0.0|    0.0|E               |
|  0|10.00|36658.5|  1|10.80|10.72|  45.716|  41.793|  941.378|  -7.1|   0.0|  973.4| 0.000|   0.0|  46.551|  45.976| 98.44|   0.0|    0.0|    0.0|E               |
|  0|10.00|36671.3|  1|12.00|11.91|  45.786|  42.216|  894.111|  -7.2|   0.0|  928.9| 0.000|   0.0|  46.578|  46.172| 99.78|   0.0|    0.0|    0.0|E               |
|  0|10.00|36683.0|  1|12.60|12.50|  45.956|  42.336|  879.130|  -6.5|   0.0|  915.7| 0.000|   0.0|  46.653|  46.211|100.62|   0.0|    0.0|    0.0|E               |
|  0|10.00|36694.7|  1|10.80|10.72|  45.847|  41.780|  941.554|  -6.5|   0.0|  973.6| 0.000|   0.0|  46.613|  45.970| 98.45|   0.0|    0.0|    0.0|E               |
|  0|10.00|36706.4|  1|12.00|11.91|  45.930|  42.200|  894.379|  -6.5|   0.0|  929.2| 0.000|   0.0|  46.646|  46.166| 99.79|   0.0|    0.0|    0.0|E               |
|  0|10.00|36717.0|  1|12.60|12.50|  45.936|  42.337|  879.274|  -6.6|   0.0|  915.9| 0.000|   0.0|  46.644|  46.212|100.62|   0.0|    0.0|    0.0|E               |
|  0|10.00|36731.8|  1|12.00|11.91|  45.786|  42.214|  894.323|  -7.2|   0.0|  929.1| 0.000|   0.0|  46.578|  46.172| 99.79|   0.0|    0.0|    0.0|E               |
|  0|10.00|36742.4|  1|12.00|11.91|  45.806|  42.212|  894.382|  -7.1|   0.0|  929.2| 0.000|   0.0|  46.587|  46.171| 99.79|   0.0|    0.0|    0.0|E               |
|  0|10.00|36754.2|  1|10.80|10.72|  45.847|  41.778|  941.711|  -6.5|   0.0|  973.7| 0.000|   0.0|  46.613|  45.970| 98.46|   0.0|    0.0|    0.0|E               |
|  0|10.00|36765.9|  1|12.00|11.91|  45.930|  42.198|  894.590|  -6.5|   0.0|  929.4| 0.000|   0.0|  46.646|  46.166| 99.80|   0.0|    0.0|    0.0|E               |
|  0|10.00|36781.9|  1|12.60|12.50|  45.834|  42.344|  879.472|  -7.1|   0.0|  916.1| 0.000|   0.0|  46.596|  46.217|100.63|   0.0|    0.0|    0.0|E               |
|  0|10.00|36798.9|  1|12.00|11.91|  45.929|  42.197|  894.700|  -6.5|   0.0|  929.5| 0.000|   0.0|  46.646|  46.166| 99.81|   0.0|    0.0|    0.0|E               |
|  0|10.00|36810.6|  1|12.60|12.50|  45.834|  42.343|  879.616|  -7.1|   0.0|  916.2| 0.000|   0.0|  46.596|  46.217|100.64|   0.0|    0.0|    0.0|E               |
|  0|10.00|36823.3|  1|12.60|12.50|  45.834|  42.343|  879.680|  -7.1|   0.0|  916.3| 0.000|   0.0|  46.596|  46.217|100.64|   0.0|    0.0|    0.0|E               |
|  0|10.00|36834.9|  1|13.20|13.08|  45.823|  42.388|  874.849|  -7.2|   0.0|  913.8| 0.000|   0.0|  46.597|  46.278|101.79|   0.0|    0.0|    0.0|E               |
|  0|10.00|36847.6|  1|12.60|12.50|  45.834|  42.341|  879.807|  -7.1|   0.0|  916.4| 0.000|   0.0|  46.596|  46.217|100.65|   0.0|    0.0|    0.0|E               |
+---+-----+-------+---+-----+-----+--------+--------+---------+------+------+-------+------+------+--------+--------+------+------+-------+-------+----------------+
+---+-----+-------+---+-----+-----+--------+--------+---------+------+------+-------+------+------+--------+--------+------+------+-------+-------+----------------+
|0-x| fr  |  time |hop| d0  | d1  |   fi   |  teta  |   dist  |  at  |  dev |   p   |  df  |  l   |   fot  |   tot  |  rot | lsp  |   pf  |    s  |                |
+---+-----+-------+---+-----+-----+--------+--------+---------+------+------+-------+------+------+--------+--------+------+------+-------+-------+----------------+
|  0|10.00|36860.3|  1|11.40|11.32|  45.744|  42.021|  915.997|  -7.2|   0.0|  949.3| 0.000|   0.0|  46.560|  46.078| 99.08|   0.0|    0.0|    0.0|E               |
|  0|10.00|36871.0|  1|10.20|10.12|  45.794|  41.511|  971.668|  -6.5|   0.0| 1002.5| 0.000|   0.0|  46.587|  45.818| 97.88|   0.0|    0.0|    0.0|E               |
|  0|10.00|36882.7|  1|11.40|11.32|  45.744|  42.021|  916.059|  -7.2|   0.0|  949.4| 0.000|   0.0|  46.560|  46.078| 99.09|   0.0|    0.0|    0.0|E               |
|  0|10.00|36895.4|  1|10.20|10.12|  45.794|  41.511|  971.715|  -6.5|   0.0| 1002.6| 0.000|   0.0|  46.587|  45.818| 97.88|   0.0|    0.0|    0.0|E               |
+==============================================================================+
|   Medium characteristics Sunspot number=  29.1 IG=  29.1   GMT time:10:14    |
|------------------------------------------------------------------------------|
|   S   | fh |  I  |   D  | fd |  hd | fe |  he | ff1 | hf1 | ff2 | hf2 |   Hi |
|-------+----+-----+------+----+-----+----+-----+-----+-----+-----+-----+------|
|    0.0|1.21| 50.6|   2.5|0.24| 81.0|3.22|110.0| 4.56|167.0| 8.84|274.6|  31.5|
+==============================================================================+

+==================================+
|       Es-layer parametres        |
|----------------------------------|
|   S   | hEs | fbEs | f0Es | P Es |
|-------+-----+------+------+------|
|    0.0|116.5| 3.68 | 3.83 | 61.7 |
+==================================+

|  0|10.00|36909.2|  1|11.40|11.32|  45.744|  42.020|  916.140|  -7.2|   0.0|  949.5| 0.000|   0.0|  46.560|  46.078| 99.09|   0.0|    0.0|    0.0|E               |
|  0|10.00|36921.2|  1|12.60|12.50|  45.813|  42.340|  880.170|  -7.2|   0.0|  916.8| 0.000|   0.0|  46.586|  46.218|100.66|   0.0|    0.0|    0.0|E               |
|  0|10.00|36931.8|  1|12.00|11.91|  45.805|  42.206|  895.067|  -7.1|   0.0|  929.9| 0.000|   0.0|  46.587|  46.171| 99.83|   0.0|    0.0|    0.0|E               |
|  0|10.00|36943.5|  1|11.40|11.32|  45.764|  42.017|  916.278|  -7.1|   0.0|  949.6| 0.000|   0.0|  46.570|  46.077| 99.10|   0.0|    0.0|    0.0|E               |
|  0|10.00|36954.1|  1|10.20|10.12|  45.658|  41.523|  971.765|  -7.1|   0.0| 1002.6| 0.000|   0.0|  46.523|  45.824| 97.89|   0.0|    0.0|    0.0|E               |
|  0|10.00|36965.8|  1| 9.00| 8.93|  45.494|  40.895| 1042.546|  -7.2|   0.0| 1071.4| 0.000|   0.0|  46.449|  45.491| 96.87|   0.0|    0.0|    0.0|E               |
|  0|10.00|36977.4|  1|12.00|11.91|  45.784|  42.206|  895.252|  -7.2|   0.0|  930.1| 0.000|   0.0|  46.578|  46.172| 99.84|   0.0|    0.0|    0.0|E               |
|  0|10.00|36988.1|  1|11.40|11.32|  45.743|  42.018|  916.403|  -7.2|   0.0|  949.7| 0.000|   0.0|  46.560|  46.078| 99.10|   0.0|    0.0|    0.0|E               |
|  0|10.00|36999.8|  1|10.80|10.72|  45.693|  41.788|  942.183|  -7.2|   0.0|  974.2| 0.000|   0.0|  46.541|  45.977| 98.48|   0.0|    0.0|    0.0|E               |
|  0|10.00|37012.5|  1|10.20|10.12|  45.635|  41.524|  971.896|  -7.2|   0.0| 1002.8| 0.000|   0.0|  46.512|  45.825| 97.89|   0.0|    0.0|    0.0|E               |
|  0|10.00|37026.3|  1|11.40|11.31|  45.764|  42.014|  916.584|  -7.1|   0.0|  949.9| 0.000|   0.0|  46.570|  46.077| 99.11|   0.0|    0.0|    0.0|E               |
|  0|10.00|37038.0|  1|30.60|30.55|  45.410|  42.511|  866.339|  -9.4|   0.0| 1041.0| 0.000|   0.0|  46.376|  46.247|194.96|   0.0|    0.0|    0.0|F2              |
|  0|10.00|37038.0|  1| 8.40| 8.33|  45.590|  40.510| 1084.007|  -6.5|   0.0| 1112.1| 0.000|   0.0|  46.498|  45.299| 96.45|   0.0|    0.0|    0.0|E               |
|  0|10.00|37049.6|  1|30.61|30.56|  45.549|  42.495|  866.241|  -8.7|   0.0| 1041.0| 0.000|   0.0|  46.464|  46.330|195.22|   0.0|    0.0|    0.0|F2              |
|  0|10.00|37061.3|  1|10.20|10.12|  45.793|  41.507|  972.130|  -6.5|   0.0| 1003.0| 0.000|   0.0|  46.587|  45.818| 97.91|   0.0|    0.0|    0.0|E               |
|  0|10.00|37061.3|  1|29.99|29.98|  45.544|  42.398|  876.939|  -8.6|   0.0| 1047.2| 0.000|   0.0|  46.400|  46.003|191.67|   0.0|    0.0|    0.0|F2              |
+---+-----+-------+---+-----+-----+--------+--------+---------+------+------+-------+------+------+--------+--------+------+------+-------+-------+----------------+
+---+-----+-------+---+-----+-----+--------+--------+---------+------+------+-------+------+------+--------+--------+------+------+-------+-------+----------------+
|0-x| fr  |  time |hop| d0  | d1  |   fi   |  teta  |   dist  |  at  |  dev |   p   |  df  |  l   |   fot  |   tot  |  rot | lsp  |   pf  |    s  |                |
+---+-----+-------+---+-----+-----+--------+--------+---------+------+------+-------+------+------+--------+--------+------+------+-------+-------+----------------+
|  0|10.00|37073.0|  1| 7.80| 7.73|  45.316|  40.124| 1129.181|  -7.2|   0.0| 1156.4| 0.000|   0.0|  46.376|  45.110| 96.06|   0.0|    0.0|    0.0|E               |
|  0|10.00|37073.0|  1|30.00|29.99|  45.544|  42.400|  876.775|  -8.6|   0.0| 1047.1| 0.000|   0.0|  46.400|  46.003|191.71|   0.0|    0.0|    0.0|F2              |
|  0|10.00|37085.8|  1| 9.00| 8.93|  45.493|  40.893| 1042.782|  -7.2|   0.0| 1071.7| 0.000|   0.0|  46.449|  45.491| 96.88|   0.0|    0.0|    0.0|E               |
|  0|10.00|37085.8|  1|29.40|29.43|  45.519|  42.302|  887.830|  -8.6|   0.0| 1054.0| 0.000|   0.0|  46.438|  46.175|191.52|   0.0|    0.0|    0.0|F2              |
|  0|10.00|37097.5|  1|13.20|13.08|  45.818|  42.365|  877.427|  -7.2|   0.0|  916.6| 0.000|   0.0|  46.597|  46.279|101.88|   0.0|    0.0|    0.0|E               |
|  0|10.00|37097.5|  1|30.00|30.00|  45.544|  42.399|  876.806|  -8.6|   0.0| 1047.2| 0.000|   0.0|  46.400|  46.003|191.75|   0.0|    0.0|    0.0|F2              |
|  0|10.00|37108.1|  1|10.20|10.12|  45.793|  41.506|  972.249|  -6.5|   0.0| 1003.2| 0.000|   0.0|  46.587|  45.818| 97.91|   0.0|    0.0|    0.0|E               |
|  0|10.00|37108.1|  1|28.80|28.87|  45.491|  42.196|  899.711|  -8.6|   0.0| 1061.9| 0.000|   0.0|  46.438|  46.173|189.80|   0.0|    0.0|    0.0|F2              |
|  0|10.00|37118.7|  1|21.00|21.31|  45.211|  39.633| 1184.331|  -7.2|   0.0| 1308.9| 0.000|   0.0|  46.287|  44.662|157.62|   0.0|    0.0|    0.0|F1              |
|  0|10.00|37129.3|  1|28.80|28.88|  45.616|  42.182|  899.770|  -8.0|   0.0| 1061.9| 0.000|   0.0|  46.491|  46.139|189.83|   0.0|    0.0|    0.0|F2              |
|  0|10.00|37129.3|  1|12.00|11.91|  45.803|  42.198|  895.944|  -7.1|   0.0|  930.8| 0.000|   0.0|  46.587|  46.171| 99.87|   0.0|    0.0|    0.0|E               |
|  0|10.00|37141.0|  1|28.80|28.88|  45.616|  42.182|  899.784|  -8.0|   0.0| 1062.0| 0.000|   0.0|  46.475|  46.065|189.64|   0.0|    0.0|    0.0|F2              |
|  0|10.00|37141.0|  1|12.00|11.91|  45.782|  42.199|  895.974|  -7.2|   0.0|  930.8| 0.000|   0.0|  46.578|  46.172| 99.87|   0.0|    0.0|    0.0|E               |
|  0|10.00|37152.7|  1|29.99|30.00|  45.543|  42.397|  877.059|  -8.6|   0.0| 1047.4| 0.000|   0.0|  46.449|  46.222|193.40|   0.0|    0.0|    0.0|F2              |
|  0|10.00|37163.3|  1|11.40|11.31|  45.763|  42.010|  917.074|  -7.1|   0.0|  950.4| 0.000|   0.0|  46.570|  46.077| 99.14|   0.0|    0.0|    0.0|E               |
|  0|10.00|37163.3|  1|27.60|27.74|  45.580|  41.944|  926.322|  -7.9|   0.0| 1080.9| 0.000|   0.0|  46.422|  45.760|184.62|   0.0|    0.0|    0.0|F2              |
|  0|10.00|37176.1|  1|28.20|28.31|  45.588|  42.068|  912.578|  -8.0|   0.0| 1070.9| 0.000|   0.0|  46.468|  46.030|187.97|   0.0|    0.0|    0.0|F2              |
|  0|10.00|37176.1|  1|12.00|11.91|  45.782|  42.198|  896.135|  -7.2|   0.0|  931.0| 0.000|   0.0|  46.578|  46.172| 99.88|   0.0|    0.0|    0.0|E               |
|  0|10.00|37187.8|  1|19.80|20.19|  45.339|  40.187| 1122.048|  -7.2|   0.0| 1228.0| 0.000|   0.0|  46.329|  44.876|149.15|   0.0|    0.0|    0.0|F1              |
|  0|10.00|37201.7|  1|12.60|12.50|  45.809|  42.324|  881.928|  -7.2|   0.0|  918.7| 0.000|   0.0|  46.586|  46.218|100.75|   0.0|    0.0|    0.0|E               |
+---+-----+-------+---+-----+-----+--------+--------+---------+------+------+-------+------+------+--------+--------+------+------+-------+-------+----------------+
+---+-----+-------+---+-----+-----+--------+--------+---------+------+------+-------+------+------+--------+--------+------+------+-------+-------+----------------+
|0-x| fr  |  time |hop| d0  | d1  |   fi   |  teta  |   dist  |  at  |  dev |   p   |  df  |  l   |   fot  |   tot  |  rot | lsp  |   pf  |    s  |                |
+---+-----+-------+---+-----+-----+--------+--------+---------+------+------+-------+------+------+--------+--------+------+------+-------+-------+----------------+
|  0|10.00|37201.7|  1|28.20|28.32|  45.588|  42.068|  912.604|  -8.0|   0.0| 1071.0| 0.000|   0.0|  46.468|  46.030|188.01|   0.0|    0.0|    0.0|F2              |
|  0|10.00|37217.8|  1|28.20|28.32|  45.609|  42.066|  912.634|  -7.9|   0.0| 1071.0| 0.000|   0.0|  46.478|  46.029|188.03|   0.0|    0.0|    0.0|F2              |
|  0|10.00|37217.8|  1|10.80|10.72|  45.692|  41.783|  942.803|  -7.2|   0.0|  974.9| 0.000|   0.0|  46.541|  45.977| 98.52|   0.0|    0.0|    0.0|E               |
|  0|10.00|37229.5|  1|12.00|11.91|  45.782|  42.196|  896.381|  -7.2|   0.0|  931.3| 0.000|   0.0|  46.578|  46.172| 99.89|   0.0|    0.0|    0.0|E               |
|  0|10.00|37229.5|  1|27.60|27.75|  45.580|  41.944|  926.368|  -7.9|   0.0| 1081.0| 0.000|   0.0|  46.422|  45.760|184.73|   0.0|    0.0|    0.0|F2              |
|  0|10.00|37241.3|  1|26.40|26.61|  45.513|  41.667|  957.461|  -7.9|   0.0| 1105.2| 0.000|   0.0|  46.413|  45.719|182.10|   0.0|    0.0|    0.0|F2              |
|  0|10.00|37241.3|  1|12.00|11.91|  45.782|  42.195|  896.435|  -7.2|   0.0|  931.3| 0.000|   0.0|  46.578|  46.172| 99.89|   0.0|    0.0|    0.0|E               |
|  0|10.00|37254.1|  1|28.20|28.33|  45.588|  42.068|  912.665|  -8.0|   0.0| 1071.1| 0.000|   0.0|  46.468|  46.030|188.09|   0.0|    0.0|    0.0|F2              |
|  0|10.00|37254.1|  1|10.80|10.72|  45.692|  41.782|  942.912|  -7.2|   0.0|  975.0| 0.000|   0.0|  46.541|  45.977| 98.52|   0.0|    0.0|    0.0|E               |
|  0|10.00|37265.7|  1|28.20|28.33|  45.609|  42.065|  912.686|  -7.9|   0.0| 1071.1| 0.000|   0.0|  46.478|  46.029|188.11|   0.0|    0.0|    0.0|F2              |
|  0|10.00|37265.7|  1|11.40|11.32|  45.741|  42.009|  917.381|  -7.2|   0.0|  950.8| 0.000|   0.0|  46.560|  46.078| 99.16|   0.0|    0.0|    0.0|E               |
|  0|10.00|37277.4|  1|28.80|28.90|  45.636|  42.178|  899.957|  -7.9|   0.0| 1062.3| 0.000|   0.0|  46.447|  45.879|188.34|   0.0|    0.0|    0.0|F2              |
|  0|10.00|37277.4|  1| 7.20| 7.13|  45.411|  39.663| 1179.004|  -6.5|   0.0| 1205.6| 0.000|   0.0|  46.433|  44.931| 95.79|   0.0|    0.0|    0.0|E               |
|  0|10.00|37289.1|  1|26.40|26.62|  45.513|  41.667|  957.473|  -7.9|   0.0| 1105.3| 0.000|   0.0|  46.417|  45.738|182.30|   0.0|    0.0|    0.0|F2              |
|  0|10.00|37289.1|  1| 9.00| 8.93|  45.665|  40.873| 1043.274|  -6.5|   0.0| 1072.2| 0.000|   0.0|  46.529|  45.484| 96.91|   0.0|    0.0|    0.0|E               |
|  0|10.00|37302.0|  1|30.01|30.04|  45.684|  42.382|  876.959|  -7.9|   0.0| 1047.6| 0.000|   0.0|  46.506|  46.165|193.53|   0.0|    0.0|    0.0|F2              |
|  0|10.00|37302.0|  1|10.80|10.72|  45.845|  41.765|  943.173|  -6.5|   0.0|  975.3| 0.000|   0.0|  46.613|  45.970| 98.53|   0.0|    0.0|    0.0|E               |
|  0|10.00|37315.9|  1|27.00|27.20|  45.679|  41.798|  941.296|  -7.3|   0.0| 1092.5| 0.000|   0.0|  46.521|  45.933|184.67|   0.0|    0.0|    0.0|F2              |
|  0|10.00|37315.9|  1|12.60|12.50|  45.808|  42.318|  882.653|  -7.2|   0.0|  919.4| 0.000|   0.0|  46.586|  46.218|100.78|   0.0|    0.0|    0.0|E               |
|  0|10.00|37327.5|  1|26.40|26.63|  45.513|  41.667|  957.480|  -7.9|   0.0| 1105.3| 0.000|   0.0|  46.421|  45.757|182.47|   0.0|    0.0|    0.0|F2              |
+---+-----+-------+---+-----+-----+--------+--------+---------+------+------+-------+------+------+--------+--------+------+------+-------+-------+----------------+
+---+-----+-------+---+-----+-----+--------+--------+---------+------+------+-------+------+------+--------+--------+------+------+-------+-------+----------------+
|0-x| fr  |  time |hop| d0  | d1  |   fi   |  teta  |   dist  |  at  |  dev |   p   |  df  |  l   |   fot  |   tot  |  rot | lsp  |   pf  |    s  |                |
+---+-----+-------+---+-----+-----+--------+--------+---------+------+------+-------+------+------+--------+--------+------+------+-------+-------+----------------+
|  0|10.00|37327.5|  1| 9.00| 8.93|  45.665|  40.872| 1043.352|  -6.5|   0.0| 1072.3| 0.000|   0.0|  46.529|  45.484| 96.92|   0.0|    0.0|    0.0|E               |
|  0|10.00|37339.2|  1|17.40|17.67|  45.399|  40.450| 1092.534|  -7.2|   0.0| 1174.7| 0.000|   0.0|  46.377|  45.120|137.00|   0.0|    0.0|    0.0|F1              |
|  0|10.00|37350.9|  1|10.80|10.72|  45.691|  41.779|  943.194|  -7.2|   0.0|  975.3| 0.000|   0.0|  46.541|  45.977| 98.54|   0.0|    0.0|    0.0|E               |
|  0|10.00|37362.8|  1| 9.60| 9.52|  45.732|  41.202| 1006.288|  -6.5|   0.0| 1036.2| 0.000|   0.0|  46.559|  45.656| 97.41|   0.0|    0.0|    0.0|E               |
|  0|10.00|37375.6|  1|13.80|13.63|  45.894|  42.007|  915.994|  -6.5|   0.0|  960.2| 0.000|   0.0|  46.630|  46.076|103.84|   0.0|    0.0|    0.0|E               |
|  0|10.00|37375.6|  1|18.60|19.05|  45.409|  40.381| 1099.972|  -7.1|   0.0| 1193.3| 0.000|   0.0|  46.379|  45.064|142.98|   0.0|    0.0|    0.0|F1              |
|  0|10.00|37389.5|  1|13.20|13.08|  45.954|  42.320|  880.945|  -6.5|   0.0|  920.3| 0.000|   0.0|  46.635|  46.104|101.70|   0.0|    0.0|    0.0|E               |
|  0|10.00|37389.5|  1|15.60|15.51|  45.250|  39.685| 1178.186|  -7.1|   0.0| 1252.4| 0.000|   0.0|  46.325|  44.779|130.35|   0.0|    0.0|    0.0|F1              |
|  0|10.00|37402.3|  1|10.20|10.12|  45.792|  41.499|  972.991|  -6.5|   0.0| 1003.9| 0.000|   0.0|  46.587|  45.818| 97.96|   0.0|    0.0|    0.0|E               |
|  0|10.00|37402.3|  1|21.00|21.44|  45.177|  39.506| 1198.674|  -7.2|   0.0| 1325.6| 0.000|   0.0|  46.317|  44.817|158.91|   0.0|    0.0|    0.0|F1              |
|  0|10.00|37418.4|  1|10.80|10.72|  45.844|  41.762|  943.522|  -6.5|   0.0|  975.6| 0.000|   0.0|  46.613|  45.970| 98.55|   0.0|    0.0|    0.0|E               |
|  0|10.00|37431.2|  1|27.60|27.79|  45.729|  41.927|  926.554|  -7.2|   0.0| 1081.4| 0.000|   0.0|  46.501|  45.771|185.28|   0.0|    0.0|    0.0|F2              |
|  0|10.00|37431.2|  1|11.40|11.31|  45.889|  41.989|  918.099|  -6.5|   0.0|  951.5| 0.000|   0.0|  46.630|  46.072| 99.19|   0.0|    0.0|    0.0|E               |
|  0|10.00|37446.2|  1|28.81|28.94|  45.635|  42.178|  899.950|  -7.9|   0.0| 1062.5| 0.000|   0.0|  46.493|  46.102|190.26|   0.0|    0.0|    0.0|F2              |
|  0|10.00|37458.9|  1|28.80|28.93|  45.634|  42.176|  900.169|  -7.9|   0.0| 1062.7| 0.000|   0.0|  46.493|  46.101|190.25|   0.0|    0.0|    0.0|F2              |
|  0|10.00|37458.9|  1|10.80|10.72|  45.844|  41.761|  943.645|  -6.5|   0.0|  975.8| 0.000|   0.0|  46.613|  45.970| 98.56|   0.0|    0.0|    0.0|E               |
|  0|10.00|37469.6|  1|10.80|10.72|  45.844|  41.761|  943.677|  -6.5|   0.0|  975.8| 0.000|   0.0|  46.613|  45.970| 98.56|   0.0|    0.0|    0.0|E               |
|  0|10.00|37469.6|  1|30.60|30.61|  45.704|  42.470|  867.084|  -7.9|   0.0| 1042.2| 0.000|   0.0|  46.480|  46.039|194.13|   0.0|    0.0|    0.0|F2              |
|  0|10.00|37481.2|  1|34.21|33.92|  45.527|  42.932|  818.797|  -9.4|   0.0| 1023.9| 0.000|   0.0|  46.448|  46.539|207.14|   0.0|    0.0|    0.0|F2              |
|  0|10.00|37481.2|  1|13.80|13.63|  45.887|  41.972|  919.964|  -6.5|   0.0|  964.4| 0.000|   0.0|  46.630|  46.076|103.93|   0.0|    0.0|    0.0|E               |
+---+-----+-------+---+-----+-----+--------+--------+---------+------+------+-------+------+------+--------+--------+------+------+-------+-------+----------------+
+---+-----+-------+---+-----+-----+--------+--------+---------+------+------+-------+------+------+--------+--------+------+------+-------+-------+----------------+
|0-x| fr  |  time |hop| d0  | d1  |   fi   |  teta  |   dist  |  at  |  dev |   p   |  df  |  l   |   fot  |   tot  |  rot | lsp  |   pf  |    s  |                |
+---+-----+-------+---+-----+-----+--------+--------+---------+------+------+-------+------+------+--------+--------+------+------+-------+-------+----------------+
|  0|10.00|37491.8|  1|28.20|28.37|  45.755|  42.048|  912.937|  -7.2|   0.0| 1071.6| 0.000|   0.0|  46.555|  46.060|188.56|   0.0|    0.0|    0.0|F2              |
|  0|10.00|37491.8|  1| 9.60| 9.53|  45.732|  41.200| 1006.535|  -6.5|   0.0| 1036.4| 0.000|   0.0|  46.559|  45.656| 97.42|   0.0|    0.0|    0.0|E               |
|  0|10.00|37503.5|  1|12.60|12.50|  45.948|  42.292|  884.071|  -6.5|   0.0|  920.9| 0.000|   0.0|  46.639|  46.127|100.64|   0.0|    0.0|    0.0|E               |
|  0|10.00|37516.2|  1|30.60|30.62|  45.704|  42.470|  867.147|  -7.9|   0.0| 1042.3| 0.000|   0.0|  46.478|  46.030|194.09|   0.0|    0.0|    0.0|F2              |
|  0|10.00|37516.2|  1|12.60|12.50|  45.948|  42.291|  884.153|  -6.5|   0.0|  921.0| 0.000|   0.0|  46.639|  46.127|100.65|   0.0|    0.0|    0.0|E               |
|  0|10.00|37529.0|  1|28.80|28.94|  45.634|  42.176|  900.243|  -7.9|   0.0| 1062.8| 0.000|   0.0|  46.493|  46.101|190.36|   0.0|    0.0|    0.0|F2              |
|  0|10.00|37529.0|  1| 7.80| 7.73|  45.314|  40.118| 1129.922|  -7.2|   0.0| 1157.2| 0.000|   0.0|  46.376|  45.110| 96.11|   0.0|    0.0|    0.0|E               |
|  0|10.00|37540.7|  1|30.00|30.06|  45.682|  42.378|  877.474|  -7.9|   0.0| 1048.3| 0.000|   0.0|  46.520|  46.233|194.07|   0.0|    0.0|    0.0|F2              |
|  0|10.00|37540.7|  1|12.00|11.91|  45.924|  42.168|  898.010|  -6.5|   0.0|  933.0| 0.000|   0.0|  46.646|  46.166| 99.97|   0.0|    0.0|    0.0|E               |
|  0|10.00|37551.2|  1|27.60|27.81|  45.728|  41.926|  926.645|  -7.2|   0.0| 1081.6| 0.000|   0.0|  46.501|  45.771|185.48|   0.0|    0.0|    0.0|F2              |
|  0|10.00|37551.2|  1|12.00|11.91|  45.800|  42.180|  897.912|  -7.1|   0.0|  932.9| 0.000|   0.0|  46.587|  46.171| 99.96|   0.0|    0.0|    0.0|E               |
|  0|10.00|37562.9|  1|15.00|14.72|  45.250|  38.877| 1267.145|  -6.5|   0.0| 1342.6| 0.000|   0.0|  46.314|  44.262|128.35|   0.0|    0.0|    0.0|F1              |
|  0|10.00|37575.6|  1|15.00|14.72|  45.030|  38.891| 1267.753|  -7.2|   0.0| 1343.2| 0.000|   0.0|  46.207|  44.251|128.31|   0.0|    0.0|    0.0|F1              |
|  0|10.00|37591.7|  1|12.60|12.50|  45.825|  42.300|  884.470|  -7.1|   0.0|  921.3| 0.000|   0.0|  46.580|  46.132|100.67|   0.0|    0.0|    0.0|E               |
|  0|10.00|37603.4|  1|11.40|11.31|  45.760|  41.996|  918.629|  -7.1|   0.0|  952.1| 0.000|   0.0|  46.570|  46.077| 99.22|   0.0|    0.0|    0.0|E               |
|  0|10.00|37616.2|  1|14.40|13.85|  45.423|  39.658| 1179.419|  -6.5|   0.0| 1242.9| 0.000|   0.0|  46.478|  45.187|111.28|   0.0|    0.0|    0.0|Es              |
|  0|10.00|37627.9|  1|15.60|15.65|  45.230|  39.726| 1173.938|  -7.2|   0.0| 1248.3| 0.000|   0.0|  46.311|  44.781|130.75|   0.0|    0.0|    0.0|F1              |
|  0|10.00|37640.6|  1|11.40|11.31|  45.760|  41.995|  918.745|  -7.1|   0.0|  952.2| 0.000|   0.0|  46.570|  46.077| 99.23|   0.0|    0.0|    0.0|E               |
|  0|10.00|37653.4|  1|11.40|11.31|  45.760|  41.994|  918.792|  -7.1|   0.0|  952.2| 0.000|   0.0|  46.570|  46.077| 99.23|   0.0|    0.0|    0.0|E               |
|  0|10.00|37664.1|  1|15.60|15.67|  45.231|  39.731| 1173.348|  -7.2|   0.0| 1247.8| 0.000|   0.0|  46.287|  44.657|130.58|   0.0|    0.0|    0.0|F1              |
+---+-----+-------+---+-----+-----+--------+--------+---------+------+------+-------+------+------+--------+--------+------+------+-------+-------+----------------+
+---+-----+-------+---+-----+-----+--------+--------+---------+------+------+-------+------+------+--------+--------+------+------+-------+-------+----------------+
|0-x| fr  |  time |hop| d0  | d1  |   fi   |  teta  |   dist  |  at  |  dev |   p   |  df  |  l   |   fot  |   tot  |  rot | lsp  |   pf  |    s  |                |
+---+-----+-------+---+-----+-----+--------+--------+---------+------+------+-------+------+------+--------+--------+------+------+-------+-------+----------------+
|  0|10.00|37674.6|  1|10.80|10.72|  45.843|  41.755|  944.304|  -6.5|   0.0|  976.4| 0.000|   0.0|  46.613|  45.970| 98.59|   0.0|    0.0|    0.0|E               |
|  0|10.00|37687.4|  1|13.20|13.08|  45.826|  42.303|  884.166|  -7.1|   0.0|  923.7| 0.000|   0.0|  46.576|  46.109|101.86|   0.0|    0.0|    0.0|E               |
|  0|10.00|37700.1|  1|30.60|30.65|  45.703|  42.468|  867.395|  -7.9|   0.0| 1042.7| 0.000|   0.0|  46.511|  46.189|195.81|   0.0|    0.0|    0.0|F2              |
|  0|10.00|37700.1|  1|11.40|11.31|  45.887|  41.980|  919.095|  -6.5|   0.0|  952.6| 0.000|   0.0|  46.630|  46.072| 99.24|   0.0|    0.0|    0.0|E               |
|  0|10.00|37714.7|  1| 8.40| 8.33|  45.433|  40.514| 1085.119|  -7.1|   0.0| 1113.2| 0.000|   0.0|  46.426|  45.306| 96.52|   0.0|    0.0|    0.0|E               |
|  0|10.00|37728.6|  1|30.00|30.09|  45.681|  42.376|  877.702|  -7.9|   0.0| 1048.7| 0.000|   0.0|  46.522|  46.242|194.36|   0.0|    0.0|    0.0|F2              |
|  0|10.00|37728.6|  1|11.40|11.31|  45.759|  41.992|  919.073|  -7.1|   0.0|  952.5| 0.000|   0.0|  46.570|  46.077| 99.24|   0.0|    0.0|    0.0|E               |
|  0|10.00|37740.2|  1|15.60|15.72|  45.433|  39.727| 1171.773|  -6.5|   0.0| 1246.3| 0.000|   0.0|  46.405|  44.772|130.96|   0.0|    0.0|    0.0|F1              |
|  0|10.00|37754.0|  1| 8.40| 8.33|  45.433|  40.513| 1085.192|  -7.1|   0.0| 1113.3| 0.000|   0.0|  46.426|  45.306| 96.52|   0.0|    0.0|    0.0|E               |
|  0|10.00|37754.0|  1|30.60|30.65|  45.703|  42.467|  867.475|  -7.9|   0.0| 1042.9| 0.000|   0.0|  46.511|  46.190|195.89|   0.0|    0.0|    0.0|F2              |
|  0|10.00|37769.0|  1|12.60|12.50|  45.823|  42.289|  885.672|  -7.1|   0.0|  922.6| 0.000|   0.0|  46.580|  46.132|100.74|   0.0|    0.0|    0.0|E               |
|  0|10.00|37780.7|  1|30.60|30.66|  45.703|  42.466|  867.514|  -7.9|   0.0| 1042.9| 0.000|   0.0|  46.511|  46.190|195.93|   0.0|    0.0|    0.0|F2              |
|  0|10.00|37780.7|  1| 9.00| 8.93|  45.663|  40.863| 1044.318|  -6.5|   0.0| 1073.3| 0.000|   0.0|  46.529|  45.484| 96.97|   0.0|    0.0|    0.0|E               |
|  0|10.00|37792.0|  1|29.40|29.54|  45.965|  42.247|  888.887|  -6.4|   0.0| 1055.8| 0.000|   0.0|  46.660|  46.200|192.69|   0.0|    0.0|    0.0|F2              |
|  0|10.00|37792.0|  1|11.40|11.31|  45.887|  41.977|  919.445|  -6.5|   0.0|  952.9| 0.000|   0.0|  46.630|  46.072| 99.26|   0.0|    0.0|    0.0|E               |
+==============================================================================+
|   Medium characteristics Sunspot number=  29.1 IG=  29.1   GMT time:10:29    |
|------------------------------------------------------------------------------|
|   S   | fh |  I  |   D  | fd |  hd | fe |  he | ff1 | hf1 | ff2 | hf2 |   Hi |
|-------+----+-----+------+----+-----+----+-----+-----+-----+-----+-----+------|
|    0.0|1.21| 50.6|   2.5|0.24| 81.0|3.20|110.0| 4.55|168.3| 8.84|274.6|  33.1|
+==============================================================================+

+==================================+
|       Es-layer parametres        |
|----------------------------------|
|   S   | hEs | fbEs | f0Es | P Es |
|-------+-----+------+------+------|
|    0.0|117.2| 3.64 | 3.78 | 61.6 |
+==================================+

|  0|10.00|37805.9|  1|30.00|30.10|  45.681|  42.375|  877.823|  -7.9|   0.0| 1048.9| 0.000|   0.0|  46.520|  46.233|194.46|   0.0|    0.0|    0.0|F2              |
|  0|10.00|37805.9|  1|10.80|10.72|  45.842|  41.751|  944.714|  -6.5|   0.0|  976.9| 0.000|   0.0|  46.613|  45.970| 98.61|   0.0|    0.0|    0.0|E               |
|  0|10.00|37818.6|  1|29.40|29.55|  45.658|  42.277|  888.850|  -7.9|   0.0| 1055.7| 0.000|   0.0|  46.516|  46.214|192.69|   0.0|    0.0|    0.0|F2              |
|  0|10.00|37818.6|  1| 8.40| 8.33|  45.407|  40.515| 1085.305|  -7.2|   0.0| 1113.4| 0.000|   0.0|  46.414|  45.307| 96.53|   0.0|    0.0|    0.0|E               |
|  0|10.00|37831.4|  1|28.80|28.99|  45.633|  42.172|  900.646|  -7.9|   0.0| 1063.5| 0.000|   0.0|  46.494|  46.111|190.85|   0.0|    0.0|    0.0|F2              |
+---+-----+-------+---+-----+-----+--------+--------+---------+------+------+-------+------+------+--------+--------+------+------+-------+-------+----------------+
+---+-----+-------+---+-----+-----+--------+--------+---------+------+------+-------+------+------+--------+--------+------+------+-------+-------+----------------+
|0-x| fr  |  time |hop| d0  | d1  |   fi   |  teta  |   dist  |  at  |  dev |   p   |  df  |  l   |   fot  |   tot  |  rot | lsp  |   pf  |    s  |                |
+---+-----+-------+---+-----+-----+--------+--------+---------+------+------+-------+------+------+--------+--------+------+------+-------+-------+----------------+
|  0|10.00|37831.4|  1|10.80|10.72|  45.688|  41.766|  944.673|  -7.2|   0.0|  976.8| 0.000|   0.0|  46.541|  45.977| 98.61|   0.0|    0.0|    0.0|E               |
|  0|10.00|37924.2|  1| 8.40| 8.33|  45.587|  40.495| 1085.677|  -6.5|   0.0| 1113.8| 0.000|   0.0|  46.498|  45.299| 96.55|   0.0|    0.0|    0.0|E               |
|  0|10.00|37924.2|  1|29.39|29.55|  45.372|  42.307|  889.227|  -9.3|   0.0| 1056.2| 0.000|   0.0|  46.382|  46.229|192.80|   0.0|    0.0|    0.0|F2              |
|  0|10.00|37937.0|  1|28.81|29.01|  45.343|  42.206|  900.666|  -9.3|   0.0| 1063.7| 0.000|   0.0|  46.352|  46.109|190.98|   0.0|    0.0|    0.0|F2              |
|  0|10.00|37948.7|  1|28.80|29.01|  45.343|  42.204|  900.904|  -9.3|   0.0| 1063.9| 0.000|   0.0|  46.352|  46.108|190.97|   0.0|    0.0|    0.0|F2              |
|  0|10.00|37948.7|  1| 7.20| 7.13|  45.238|  39.669| 1180.076|  -7.1|   0.0| 1206.7| 0.000|   0.0|  46.339|  44.853| 95.67|   0.0|    0.0|    0.0|E               |
|  0|10.00|37948.7|  1| 5.40| 5.32|  45.054|  38.064| 1358.482|  -6.5|   0.0| 1383.4| 0.000|   0.0|  46.292|  44.136| 94.91|   0.0|    0.0|    0.0|E               |
|  0|10.00|37961.5|  1|27.60|27.88|  45.256|  41.974|  927.236|  -9.4|   0.0| 1082.7| 0.000|   0.0|  46.303|  45.952|187.25|   0.0|    0.0|    0.0|F2              |
|  0|10.00|37961.5|  1| 9.00| 8.93|  45.490|  40.877| 1044.620|  -7.2|   0.0| 1073.6| 0.000|   0.0|  46.449|  45.491| 96.99|   0.0|    0.0|    0.0|E               |
|  0|10.00|37975.3|  1| 9.60| 9.53|  45.564|  41.206| 1007.621|  -7.2|   0.0| 1037.6| 0.000|   0.0|  46.482|  45.663| 97.49|   0.0|    0.0|    0.0|E               |
|  0|10.00|37975.3|  1|12.60|12.50|  45.657|  42.293|  887.136|  -7.9|   0.0|  924.2| 0.000|   0.0|  46.519|  46.224|100.98|   0.0|    0.0|    0.0|E               |
|  0|10.00|37975.3|  1|28.20|28.45|  45.291|  42.094|  913.636|  -9.4|   0.0| 1072.8| 0.000|   0.0|  46.314|  45.997|189.00|   0.0|    0.0|    0.0|F2              |
|  0|10.00|37986.0|  1| 9.60| 9.52|  45.730|  41.189| 1007.774|  -6.5|   0.0| 1037.7| 0.000|   0.0|  46.559|  45.656| 97.50|   0.0|    0.0|    0.0|E               |
|  0|10.00|37986.0|  1|28.20|28.45|  45.291|  42.093|  913.690|  -9.4|   0.0| 1072.9| 0.000|   0.0|  46.333|  46.071|189.28|   0.0|    0.0|    0.0|F2              |
|  0|10.00|37997.7|  1|27.60|27.89|  45.256|  41.972|  927.343|  -9.4|   0.0| 1082.8| 0.000|   0.0|  46.308|  45.971|187.39|   0.0|    0.0|    0.0|F2              |
|  0|10.00|37997.7|  1| 8.40| 8.33|  45.587|  40.493| 1085.824|  -6.5|   0.0| 1113.9| 0.000|   0.0|  46.498|  45.299| 96.56|   0.0|    0.0|    0.0|E               |
|  0|10.00|38010.5|  1|28.80|29.01|  45.343|  42.202|  901.063|  -9.3|   0.0| 1064.2| 0.000|   0.0|  46.353|  46.113|191.09|   0.0|    0.0|    0.0|F2              |
|  0|10.00|38010.5|  1|12.60|12.49|  45.799|  42.273|  887.700|  -7.2|   0.0|  924.7| 0.000|   0.0|  46.586|  46.218|101.00|   0.0|    0.0|    0.0|E               |
|  0|10.00|38022.2|  1|28.80|29.02|  45.323|  42.204|  901.080|  -9.4|   0.0| 1064.2| 0.000|   0.0|  46.289|  45.893|189.52|   0.0|    0.0|    0.0|F2              |
|  0|10.00|38022.2|  1|12.00|11.91|  45.774|  42.160|  900.394|  -7.2|   0.0|  935.5| 0.000|   0.0|  46.578|  46.172|100.08|   0.0|    0.0|    0.0|E               |
+---+-----+-------+---+-----+-----+--------+--------+---------+------+------+-------+------+------+--------+--------+------+------+-------+-------+----------------+
+---+-----+-------+---+-----+-----+--------+--------+---------+------+------+-------+------+------+--------+--------+------+------+-------+-------+----------------+
|0-x| fr  |  time |hop| d0  | d1  |   fi   |  teta  |   dist  |  at  |  dev |   p   |  df  |  l   |   fot  |   tot  |  rot | lsp  |   pf  |    s  |                |
+---+-----+-------+---+-----+-----+--------+--------+---------+------+------+-------+------+------+--------+--------+------+------+-------+-------+----------------+
|  0|10.00|38035.0|  1|28.20|28.46|  45.312|  42.089|  913.807|  -9.3|   0.0| 1073.1| 0.000|   0.0|  46.343|  46.069|189.37|   0.0|    0.0|    0.0|F2              |
|  0|10.00|38035.0|  1|13.20|13.07|  45.817|  42.258|  889.213|  -7.1|   0.0|  929.0| 0.000|   0.0|  46.576|  46.109|102.10|   0.0|    0.0|    0.0|E               |
|  0|10.00|38035.0|  1|11.40|11.31|  45.885|  41.967|  920.552|  -6.5|   0.0|  954.1| 0.000|   0.0|  46.630|  46.072| 99.31|   0.0|    0.0|    0.0|E               |
|  0|10.00|38049.0|  1|10.80|10.72|  45.841|  41.743|  945.615|  -6.5|   0.0|  977.8| 0.000|   0.0|  46.613|  45.970| 98.66|   0.0|    0.0|    0.0|E               |
|  0|10.00|38049.0|  1|34.19|33.96|  45.785|  42.887|  820.348|  -7.9|   0.1| 1026.0| 0.000|   0.0|  46.571|  46.524|207.98|   0.0|    0.0|    0.0|F2              |
|  0|10.00|38059.7|  1| 8.40| 8.33|  45.587|  40.492| 1085.969|  -6.5|   0.0| 1114.1| 0.000|   0.0|  46.498|  45.299| 96.57|   0.0|    0.0|    0.0|E               |
|  0|10.00|38059.7|  1|32.41|32.35|  45.626|  42.715|  841.201|  -8.6|   0.0| 1031.2| 0.000|   0.0|  46.498|  46.440|202.29|   0.0|    0.0|    0.0|F2              |
|  0|10.00|38071.5|  1|33.01|32.90|  45.776|  42.767|  833.642|  -7.9|   0.0| 1028.7| 0.000|   0.0|  46.544|  46.346|203.86|   0.0|    0.0|    0.0|F2              |
|  0|10.00|38082.3|  1|33.00|32.89|  45.776|  42.766|  833.791|  -7.9|   0.0| 1028.8| 0.000|   0.0|  46.545|  46.349|203.87|   0.0|    0.0|    0.0|F2              |
|  0|10.00|38082.3|  1|10.20|10.12|  45.629|  41.498|  974.753|  -7.2|   0.0| 1005.8| 0.000|   0.0|  46.504|  45.782| 97.97|   0.0|    0.0|    0.0|E               |
|  0|10.00|38138.0|  1|32.40|32.35|  46.030|  42.669|  841.734|  -6.4|   0.1| 1031.7| 0.000|   0.0|  46.677|  46.348|202.33|   0.0|    0.0|    0.0|F2              |
|  0|10.00|38138.0|  1|12.00|11.91|  45.794|  42.152|  901.118|  -7.1|   0.0|  936.3| 0.000|   0.0|  46.587|  46.171|100.11|   0.0|    0.0|    0.0|E               |
|  0|10.00|38150.3|  1|31.20|31.25|  45.862|  42.529|  858.897|  -7.1|   0.1| 1039.3| 0.000|   0.0|  46.594|  46.262|198.57|   0.0|    0.0|    0.0|F2              |
|  0|10.00|38150.3|  1|12.00|11.91|  45.773|  42.153|  901.167|  -7.2|   0.0|  936.3| 0.000|   0.0|  46.578|  46.172|100.11|   0.0|    0.0|    0.0|E               |
|  0|10.00|38163.1|  1|34.19|33.97|  45.935|  42.868|  820.758|  -7.1|   0.1| 1026.6| 0.000|   0.0|  46.629|  46.447|208.03|   0.0|    0.0|    0.0|F2              |
|  0|10.00|38163.1|  1| 7.80| 7.73|  45.502|  40.088| 1131.267|  -6.5|   0.0| 1158.6| 0.000|   0.0|  46.463|  45.102| 96.19|   0.0|    0.0|    0.0|E               |
|  0|10.00|38173.8|  1|31.80|31.81|  45.880|  42.607|  850.037|  -7.1|   0.1| 1035.2| 0.000|   0.0|  46.610|  46.344|200.58|   0.0|    0.0|    0.0|F2              |
|  0|10.00|38173.8|  1|10.20|10.12|  45.652|  41.493|  975.079|  -7.1|   0.0| 1006.1| 0.000|   0.0|  46.515|  45.781| 97.99|   0.0|    0.0|    0.0|E               |
|  0|10.00|38184.4|  1| 9.60| 9.52|  45.729|  41.184| 1008.326|  -6.5|   0.0| 1038.3| 0.000|   0.0|  46.559|  45.656| 97.53|   0.0|    0.0|    0.0|E               |
|  0|10.00|38184.4|  1|32.40|32.35|  45.895|  42.681|  841.782|  -7.1|   0.1| 1031.9| 0.000|   0.0|  46.612|  46.354|202.38|   0.0|    0.0|    0.0|F2              |
+---+-----+-------+---+-----+-----+--------+--------+---------+------+------+-------+------+------+--------+--------+------+------+-------+-------+----------------+
+---+-----+-------+---+-----+-----+--------+--------+---------+------+------+-------+------+------+--------+--------+------+------+-------+-------+----------------+
|0-x| fr  |  time |hop| d0  | d1  |   fi   |  teta  |   dist  |  at  |  dev |   p   |  df  |  l   |   fot  |   tot  |  rot | lsp  |   pf  |    s  |                |
+---+-----+-------+---+-----+-----+--------+--------+---------+------+------+-------+------+------+--------+--------+------+------+-------+-------+----------------+
|  0|10.00|38196.1|  1|32.40|32.35|  45.895|  42.681|  841.809|  -7.1|   0.1| 1031.9| 0.000|   0.0|  46.612|  46.354|202.40|   0.0|    0.0|    0.0|F2              |
|  0|10.00|38196.1|  1|10.80|10.72|  45.840|  41.738|  946.173|  -6.5|   0.0|  978.4| 0.000|   0.0|  46.613|  45.970| 98.69|   0.0|    0.0|    0.0|E               |
|  0|10.00|38211.1|  1|13.20|13.07|  45.791|  42.234|  892.049|  -7.2|   0.0|  932.0| 0.000|   0.0|  46.582|  46.194|102.34|   0.0|    0.0|    0.0|E               |
|  0|10.00|38222.8|  1|11.40|11.31|  45.883|  41.959|  921.442|  -6.5|   0.0|  955.0| 0.000|   0.0|  46.630|  46.072| 99.36|   0.0|    0.0|    0.0|E               |
|  0|10.00|38222.8|  1|32.40|32.36|  45.896|  42.680|  841.871|  -7.1|   0.1| 1032.0| 0.000|   0.0|  46.612|  46.355|202.45|   0.0|    0.0|    0.0|F2              |
|  0|10.00|38236.7|  1|12.00|11.90|  45.917|  42.133|  901.925|  -6.5|   0.0|  937.1| 0.000|   0.0|  46.646|  46.166|100.14|   0.0|    0.0|    0.0|E               |
|  0|10.00|38236.7|  1|31.81|31.82|  45.861|  42.609|  850.038|  -7.2|   0.1| 1035.4| 0.000|   0.0|  46.587|  46.274|200.46|   0.0|    0.0|    0.0|F2              |
|  0|10.00|38247.4|  1|30.01|30.17|  45.663|  42.368|  878.786|  -7.9|   0.1| 1050.6| 0.000|   0.0|  46.511|  46.231|195.23|   0.0|    0.0|    0.0|F2              |
|  0|10.00|38262.4|  1|30.59|30.70|  45.705|  42.454|  868.894|  -7.8|   0.1| 1044.9| 0.000|   0.0|  46.526|  46.257|196.99|   0.0|    0.0|    0.0|F2              |
|  0|10.00|38285.8|  1|31.80|31.82|  45.880|  42.605|  850.309|  -7.1|   0.1| 1035.6| 0.000|   0.0|  46.613|  46.362|200.79|   0.0|    0.0|    0.0|F2              |
|  0|10.00|38297.1|  1|32.39|32.36|  45.896|  42.677|  842.183|  -7.1|   0.1| 1032.3| 0.000|   0.0|  46.619|  46.390|202.62|   0.0|    0.0|    0.0|F2              |
|  0|10.00|38307.7|  1|27.60|27.92|  45.732|  41.911|  928.209|  -7.1|   0.1| 1084.1| 0.000|   0.0|  46.549|  46.020|188.13|   0.0|    0.0|    0.0|F2              |
|  0|10.00|38319.4|  1|33.00|32.91|  45.911|  42.746|  834.430|  -7.1|   0.1| 1029.8| 0.000|   0.0|  46.579|  46.179|202.79|   0.0|    0.0|    0.0|F2              |
|  0|10.00|38332.3|  1| 6.60| 6.52|  45.302|  39.161| 1235.275|  -6.5|   0.0| 1261.3| 0.000|   0.0|  46.378|  44.615| 95.42|   0.0|    0.0|    0.0|E               |
|  0|10.00|38332.3|  1|31.21|31.28|  45.864|  42.526|  859.203|  -7.1|   0.1| 1040.0| 0.000|   0.0|  46.557|  46.064|197.31|   0.0|    0.0|    0.0|F2              |
|  0|10.00|38344.1|  1|32.40|32.37|  46.032|  42.665|  842.211|  -6.4|   0.1| 1032.5| 0.000|   0.0|  46.680|  46.367|202.71|   0.0|    0.0|    0.0|F2              |
|  0|10.00|38344.1|  1|12.60|12.49|  45.814|  42.244|  890.785|  -7.1|   0.0|  928.0| 0.000|   0.0|  46.596|  46.217|101.12|   0.0|    0.0|    0.0|E               |
|  0|10.00|38354.7|  1|11.40|11.31|  45.733|  41.969|  921.901|  -7.2|   0.0|  955.5| 0.000|   0.0|  46.560|  46.078| 99.38|   0.0|    0.0|    0.0|E               |
|  0|10.00|38354.7|  1|30.60|30.72|  45.846|  42.439|  868.990|  -7.1|   0.1| 1045.2| 0.000|   0.0|  46.596|  46.270|197.22|   0.0|    0.0|    0.0|F2              |
|  0|10.00|38379.0|  1|12.00|11.91|  45.770|  42.140|  902.630|  -7.2|   0.0|  937.8| 0.000|   0.0|  46.546|  46.003| 99.70|   0.0|    0.0|    0.0|E               |
+---+-----+-------+---+-----+-----+--------+--------+---------+------+------+-------+------+------+--------+--------+------+------+-------+-------+----------------+
+---+-----+-------+---+-----+-----+--------+--------+---------+------+------+-------+------+------+--------+--------+------+------+-------+-------+----------------+
|0-x| fr  |  time |hop| d0  | d1  |   fi   |  teta  |   dist  |  at  |  dev |   p   |  df  |  l   |   fot  |   tot  |  rot | lsp  |   pf  |    s  |                |
+---+-----+-------+---+-----+-----+--------+--------+---------+------+------+-------+------+------+--------+--------+------+------+-------+-------+----------------+
|  0|10.00|38379.0|  1|31.80|31.82|  46.037|  42.588|  850.581|  -6.3|   0.1| 1036.0| 0.000|   0.0|  46.679|  46.302|200.84|   0.0|    0.0|    0.0|F2              |
|  0|10.00|38395.3|  1|31.20|31.28|  46.022|  42.508|  859.534|  -6.3|   0.1| 1040.3| 0.000|   0.0|  46.662|  46.201|198.74|   0.0|    0.0|    0.0|F2              |
|  0|10.00|38395.3|  1|12.60|12.49|  45.936|  42.226|  891.518|  -6.5|   0.0|  928.8| 0.000|   0.0|  46.653|  46.211|101.15|   0.0|    0.0|    0.0|E               |
|  0|10.00|38407.5|  1|12.60|12.49|  45.935|  42.225|  891.628|  -6.5|   0.0|  928.9| 0.000|   0.0|  46.653|  46.211|101.16|   0.0|    0.0|    0.0|E               |
|  0|10.00|38407.5|  1|31.79|31.81|  46.155|  42.576|  850.825|  -5.7|   0.1| 1036.2| 0.000|   0.0|  46.734|  46.292|200.85|   0.0|    0.0|    0.0|F2              |
|  0|10.00|38424.3|  1|29.40|29.61|  46.095|  42.222|  890.453|  -5.7|   0.1| 1058.2| 0.000|   0.0|  46.708|  46.117|193.65|   0.0|    0.0|    0.0|F2              |
|  0|10.00|38424.3|  1|12.00|11.90|  45.915|  42.122|  903.112|  -6.5|   0.0|  938.4| 0.000|   0.0|  46.617|  45.996| 99.73|   0.0|    0.0|    0.0|E               |
|  0|10.00|38435.2|  1|31.20|31.28|  45.864|  42.522|  859.586|  -7.1|   0.1| 1040.4| 0.000|   0.0|  46.585|  46.208|198.79|   0.0|    0.0|    0.0|F2              |
|  0|10.00|38445.9|  1|30.00|30.17|  46.112|  42.320|  879.523|  -5.7|   0.1| 1051.5| 0.000|   0.0|  46.705|  46.101|195.19|   0.0|    0.0|    0.0|F2              |
|  0|10.00|38461.6|  1|30.60|30.73|  46.007|  42.421|  869.274|  -6.3|   0.1| 1045.6| 0.000|   0.0|  46.672|  46.263|197.41|   0.0|    0.0|    0.0|F2              |
|  0|10.00|38474.3|  1|11.40|11.31|  45.881|  41.949|  922.588|  -6.5|   0.0|  956.2| 0.000|   0.0|  46.630|  46.072| 99.41|   0.0|    0.0|    0.0|E               |
|  0|10.00|38493.9|  1|31.20|31.29|  45.726|  42.535|  859.689|  -7.8|   0.1| 1040.6| 0.000|   0.0|  46.521|  46.233|198.98|   0.0|    0.0|    0.0|F2              |
|  0|10.00|38493.9|  1|18.60|19.45|  45.557|  40.226| 1115.517|  -6.4|   0.1| 1212.1| 0.000|   0.0|  46.416|  44.826|145.34|   0.0|    0.0|    0.0|F1              |
|  0|10.00|38515.3|  1|13.80|13.58|  45.613|  41.412|  984.393|  -7.2|   0.0| 1032.7| 0.000|   0.0|  46.505|  45.789|105.06|   0.0|    0.0|    0.0|E               |
|  0|10.00|38515.3|  1|32.99|32.93|  45.644|  42.771|  834.844|  -8.5|   0.1| 1030.4| 0.000|   0.0|  46.491|  46.405|204.74|   0.0|    0.0|    0.0|F2              |
|  0|10.00|38532.5|  1|30.60|30.75|  45.566|  42.465|  869.360|  -8.5|   0.1| 1045.8| 0.000|   0.0|  46.464|  46.284|197.48|   0.0|    0.0|    0.0|F2              |
|  0|10.00|38532.5|  1|12.00|11.90|  45.789|  42.129|  903.644|  -7.1|   0.0|  938.9| 0.000|   0.0|  46.556|  46.002| 99.77|   0.0|    0.0|    0.0|E               |
|  0|10.00|38545.4|  1|15.60|15.91|  45.444|  39.755| 1168.514|  -6.5|   0.0| 1243.6| 0.000|   0.0|  46.395|  44.711|132.15|   0.0|    0.0|    0.0|F1              |
|  0|10.00|38545.4|  1|14.40|14.06|  44.876|  38.119| 1354.184|  -7.0|   0.1| 1431.0| 0.000|   0.0|  46.162|  43.945|127.48|   0.0|    0.0|    0.0|F1              |
|  0|10.00|38545.4|  1|30.00|30.18|  46.113|  42.318|  879.743|  -5.7|   0.1| 1051.8| 0.000|   0.0|  46.706|  46.101|195.36|   0.0|    0.0|    0.0|F2              |
+---+-----+-------+---+-----+-----+--------+--------+---------+------+------+-------+------+------+--------+--------+------+------+-------+-------+----------------+
+---+-----+-------+---+-----+-----+--------+--------+---------+------+------+-------+------+------+--------+--------+------+------+-------+-------+----------------+
|0-x| fr  |  time |hop| d0  | d1  |   fi   |  teta  |   dist  |  at  |  dev |   p   |  df  |  l   |   fot  |   tot  |  rot | lsp  |   pf  |    s  |                |
+---+-----+-------+---+-----+-----+--------+--------+---------+------+------+-------+------+------+--------+--------+------+------+-------+-------+----------------+
|  0|10.00|38560.0|  1|14.40|14.06|  44.880|  38.133| 1352.669|  -7.0|   0.1| 1429.4| 0.000|   0.0|  46.154|  43.904|127.44|   0.0|    0.0|    0.0|F1              |
|  0|10.00|38560.0|  1|29.40|29.63|  46.096|  42.219|  890.777|  -5.7|   0.1| 1058.7| 0.000|   0.0|  46.714|  46.154|193.96|   0.0|    0.0|    0.0|F2              |
|  0|10.00|38577.8|  1|27.00|27.39|  45.884|  41.758|  943.573|  -6.3|   0.1| 1096.3| 0.000|   0.0|  46.599|  45.822|186.52|   0.0|    0.0|    0.0|F2              |
|  0|10.00|38591.4|  1|12.60|12.49|  45.789|  42.225|  893.128|  -7.2|   0.0|  930.5| 0.000|   0.0|  46.554|  46.049|100.84|   0.0|    0.0|    0.0|E               |
|  0|10.00|38591.4|  1|30.60|30.75|  45.847|  42.433|  869.549|  -7.1|   0.1| 1046.1| 0.000|   0.0|  46.597|  46.270|197.61|   0.0|    0.0|    0.0|F2              |
|  0|10.00|38603.2|  1| 9.60| 9.52|  45.727|  41.173| 1009.545|  -6.5|   0.0| 1039.6| 0.000|   0.0|  46.559|  45.656| 97.60|   0.0|    0.0|    0.0|E               |
|  0|10.00|38603.2|  1|32.41|32.41|  45.628|  42.703|  842.494|  -8.5|   0.1| 1033.2| 0.000|   0.0|  46.492|  46.405|203.14|   0.0|    0.0|    0.0|F2              |
|  0|10.00|38625.6|  1|27.60|27.96|  45.887|  41.890|  928.975|  -6.4|   0.1| 1085.3| 0.000|   0.0|  46.571|  45.723|187.01|   0.0|    0.0|    0.0|F2              |
|  0|10.00|38638.5|  1|26.40|26.83|  45.835|  41.616|  959.692|  -6.4|   0.1| 1109.1| 0.000|   0.0|  46.567|  45.696|184.54|   0.0|    0.0|    0.0|F2              |
|  0|10.00|38649.2|  1|22.20|22.78|  45.280|  39.812| 1163.894|  -7.1|   0.1| 1300.4| 0.000|   0.0|  46.348|  44.954|172.20|   0.0|    0.0|    0.0|F2              |
|  0|10.00|38649.2|  1|24.60|25.13|  45.734|  41.093| 1018.363|  -6.4|   0.1| 1158.9| 0.000|   0.0|  46.535|  45.507|179.56|   0.0|    0.0|    0.0|F2              |
|  0|10.00|38660.0|  1|13.80|13.56|  45.572|  41.225| 1005.385|  -7.2|   0.0| 1055.0| 0.000|   0.0|  46.489|  45.705|105.33|   0.0|    0.0|    0.0|E               |
|  0|10.00|38660.0|  1|28.80|29.09|  45.785|  42.137|  902.807|  -7.1|   0.1| 1066.8| 0.000|   0.0|  46.556|  46.054|192.16|   0.0|    0.0|    0.0|F2              |
|  0|10.00|38671.9|  1|29.40|29.65|  45.808|  42.242|  891.043|  -7.1|   0.1| 1059.1| 0.000|   0.0|  46.577|  46.166|194.12|   0.0|    0.0|    0.0|F2              |
|  0|10.00|38682.6|  1|29.40|29.65|  45.953|  42.228|  891.063|  -6.4|   0.1| 1059.1| 0.000|   0.0|  46.646|  46.160|194.15|   0.0|    0.0|    0.0|F2              |
|  0|10.00|38694.5|  1|24.60|25.14|  45.565|  41.106| 1018.628|  -7.1|   0.1| 1159.3| 0.000|   0.0|  46.455|  45.515|179.64|   0.0|    0.0|    0.0|F2              |
|  0|10.00|38705.4|  1|19.20|20.11|  45.546|  40.117| 1127.712|  -6.4|   0.1| 1231.2| 0.000|   0.0|  46.410|  44.784|149.21|   0.0|    0.0|    0.0|F1              |
|  0|10.00|38716.2|  1|19.80|20.71|  45.325|  39.984| 1144.500|  -7.0|   0.2| 1255.4| 0.000|   0.0|  46.331|  44.869|153.24|   0.0|    0.0|    0.0|F1              |
|  0|10.00|38716.2|  1|30.00|30.21|  45.829|  42.339|  880.139|  -7.1|   0.1| 1052.5| 0.000|   0.0|  46.581|  46.186|195.94|   0.0|    0.0|    0.0|F2              |
|  0|10.00|38728.0|  1|28.80|29.10|  45.933|  42.122|  902.960|  -6.4|   0.1| 1067.1| 0.000|   0.0|  46.624|  46.029|192.22|   0.0|    0.0|    0.0|F2              |
+---+-----+-------+---+-----+-----+--------+--------+---------+------+------+-------+------+------+--------+--------+------+------+-------+-------+----------------+
+---+-----+-------+---+-----+-----+--------+--------+---------+------+------+-------+------+------+--------+--------+------+------+-------+-------+----------------+
|0-x| fr  |  time |hop| d0  | d1  |   fi   |  teta  |   dist  |  at  |  dev |   p   |  df  |  l   |   fot  |   tot  |  rot | lsp  |   pf  |    s  |                |
+---+-----+-------+---+-----+-----+--------+--------+---------+------+------+-------+------+------+--------+--------+------+------+-------+-------+----------------+
|  0|10.00|38740.9|  1|23.40|23.99|  45.641|  40.601| 1073.450|  -6.4|   0.1| 1210.1| 0.000|   0.0|  46.503|  45.318|176.18|   0.0|    0.0|    0.0|F2              |
|  0|10.00|38753.8|  1|16.80|17.41|  45.385|  40.222| 1117.726|  -7.0|   0.1| 1199.0| 0.000|   0.0|  46.347|  44.895|137.13|   0.0|    0.0|    0.0|F1              |
|  0|10.00|38753.8|  1|28.20|28.54|  45.762|  42.022|  915.705|  -7.1|   0.1| 1076.0| 0.000|   0.0|  46.560|  46.075|190.69|   0.0|    0.0|    0.0|F2              |
|  0|10.00|38765.8|  1|25.80|26.29|  45.484|  41.487|  977.638|  -7.8|   0.1| 1124.1| 0.000|   0.0|  46.430|  45.787|183.53|   0.0|    0.0|    0.0|F2              |
|  0|10.00|38776.4|  1|12.00|11.90|  45.911|  42.102|  905.448|  -6.5|   0.0|  940.8| 0.000|   0.0|  46.617|  45.996| 99.90|   0.0|    0.0|    0.0|E               |
|  0|10.00|38776.4|  1|22.80|23.41|  45.388|  40.281| 1111.212|  -7.1|   0.1| 1247.0| 0.000|   0.0|  46.388|  45.161|174.28|   0.0|    0.0|    0.0|F2              |
|  0|10.00|38789.4|  1|18.00|18.82|  45.413|  40.305| 1108.301|  -7.0|   0.1| 1199.1| 0.000|   0.0|  46.341|  44.856|142.53|   0.0|    0.0|    0.0|F1              |
|  0|10.00|38789.4|  1|14.40|14.16|  45.126|  38.306| 1331.192|  -6.4|   0.1| 1406.9| 0.000|   0.0|  46.264|  43.979|127.79|   0.0|    0.0|    0.0|F1              |
|  0|10.00|38789.4|  1|26.40|26.86|  45.679|  41.627|  960.118|  -7.1|   0.1| 1109.7| 0.000|   0.0|  46.523|  45.874|185.38|   0.0|    0.0|    0.0|F2              |
|  0|10.00|38802.4|  1|27.60|27.99|  45.737|  41.900|  929.440|  -7.1|   0.1| 1086.0| 0.000|   0.0|  46.496|  45.731|187.34|   0.0|    0.0|    0.0|F2              |
|  0|10.00|38814.1|  1|37.19|36.65|  45.198|  43.135|  801.680| -11.4|   0.1| 1040.6| 0.000|   0.0|  46.264|  46.558|219.08|   0.0|    0.0|    0.0|F2              |
|  0|10.00|38814.1|  1|11.40|11.31|  45.878|  41.934|  924.281|  -6.5|   0.0|  958.0| 0.000|   0.0|  46.615|  45.987| 99.37|   0.0|    0.0|    0.0|E               |
|  0|10.00|38826.1|  1|28.80|29.12|  45.493|  42.164|  903.263|  -8.5|   0.1| 1067.6| 0.000|   0.0|  46.412|  46.050|192.36|   0.0|    0.0|    0.0|F2              |
|  0|10.00|38826.1|  1|27.00|27.43|  45.555|  41.783|  944.279|  -7.8|   0.1| 1097.4| 0.000|   0.0|  46.456|  45.913|187.19|   0.0|    0.0|    0.0|F2              |
|  0|10.00|38826.1|  1|15.60|15.95|  45.445|  39.751| 1169.002|  -6.4|   0.1| 1244.3| 0.000|   0.0|  46.398|  44.732|132.59|   0.0|    0.0|    0.0|F1              |
|  0|10.00|38837.9|  1|27.60|28.00|  45.434|  41.930|  929.629|  -8.5|   0.1| 1086.3| 0.000|   0.0|  46.344|  45.747|187.39|   0.0|    0.0|    0.0|F2              |
|  0|10.00|38837.9|  1|11.40|11.31|  45.878|  41.932|  924.402|  -6.5|   0.0|  958.1| 0.000|   0.0|  46.615|  45.987| 99.38|   0.0|    0.0|    0.0|E               |
|  0|10.00|38848.6|  1|25.20|25.74|  45.444|  41.313|  997.186|  -7.8|   0.1| 1140.8| 0.000|   0.0|  46.392|  45.606|181.68|   0.0|    0.0|    0.0|F2              |
|  0|10.00|38859.4|  1|24.60|25.17|  45.593|  41.101| 1018.901|  -7.0|   0.1| 1159.8| 0.000|   0.0|  46.469|  45.528|180.00|   0.0|    0.0|    0.0|F2              |
|  0|10.00|38870.1|  1|15.00|15.15|  45.346|  39.297| 1219.982|  -6.5|   0.0| 1294.0| 0.000|   0.0|  46.338|  44.391|130.10|   0.0|    0.0|    0.0|F1              |
+---+-----+-------+---+-----+-----+--------+--------+---------+------+------+-------+------+------+--------+--------+------+------+-------+-------+----------------+
+---+-----+-------+---+-----+-----+--------+--------+---------+------+------+-------+------+------+--------+--------+------+------+-------+-------+----------------+
|0-x| fr  |  time |hop| d0  | d1  |   fi   |  teta  |   dist  |  at  |  dev |   p   |  df  |  l   |   fot  |   tot  |  rot | lsp  |   pf  |    s  |                |
+---+-----+-------+---+-----+-----+--------+--------+---------+------+------+-------+------+------+--------+--------+------+------+-------+-------+----------------+
|  0|10.00|38870.1|  1|24.60|25.17|  45.569|  41.102| 1018.952|  -7.1|   0.1| 1159.9| 0.000|   0.0|  46.458|  45.529|180.02|   0.0|    0.0|    0.0|F2              |
|  0|10.00|38882.0|  1|12.00|11.90|  45.910|  42.095|  906.190|  -6.5|   0.0|  941.6| 0.000|   0.0|  46.617|  45.996| 99.95|   0.0|    0.0|    0.0|E               |
|  0|10.00|38882.0|  1|24.00|24.60|  45.522|  40.885| 1043.342|  -7.1|   0.1| 1181.9| 0.000|   0.0|  46.436|  45.411|178.19|   0.0|    0.0|    0.0|F2              |
|  0|10.00|38892.7|  1|27.60|28.00|  45.586|  41.912|  929.718|  -7.8|   0.1| 1086.5| 0.000|   0.0|  46.420|  45.739|187.50|   0.0|    0.0|    0.0|F2              |
|  0|10.00|38904.6|  1|27.60|28.01|  45.586|  41.912|  929.745|  -7.8|   0.1| 1086.5| 0.000|   0.0|  46.420|  45.739|187.53|   0.0|    0.0|    0.0|F2              |
|  0|10.00|38916.5|  1|23.40|24.04|  45.284|  40.632| 1073.800|  -7.8|   0.1| 1210.8| 0.000|   0.0|  46.340|  45.354|176.52|   0.0|    0.0|    0.0|F2              |
|  0|10.00|38927.3|  1|13.20|13.06|  45.911|  42.097|  905.904|  -6.5|   0.0|  946.7| 0.000|   0.0|  46.621|  46.019|102.60|   0.0|    0.0|    0.0|E               |
|  0|10.00|38927.3|  1|28.80|29.13|  45.640|  42.146|  903.470|  -7.8|   0.1| 1067.9| 0.000|   0.0|  46.481|  46.033|192.51|   0.0|    0.0|    0.0|F2              |
|  0|10.00|38938.0|  1|15.60|15.96|  45.445|  39.748| 1169.326|  -6.4|   0.1| 1244.8| 0.000|   0.0|  46.384|  44.650|132.59|   0.0|    0.0|    0.0|F1              |
|  0|10.00|38938.0|  1|19.80|20.75|  45.359|  39.961| 1146.680|  -6.9|   0.2| 1258.1| 0.000|   0.0|  46.330|  44.788|153.49|   0.0|    0.0|    0.0|F1              |
|  0|10.00|38963.4|  1|19.20|20.16|  45.364|  40.134| 1127.646|  -7.0|   0.2| 1231.4| 0.000|   0.0|  46.319|  44.803|149.61|   0.0|    0.0|    0.0|F1              |
|  0|10.00|38974.9|  1| 7.80| 7.73|  45.499|  40.073| 1132.976|  -6.5|   0.0| 1160.4| 0.000|   0.0|  46.463|  45.102| 96.30|   0.0|    0.0|    0.0|E               |
|  0|10.00|38974.9|  1|28.80|29.13|  45.767|  42.132|  903.562|  -7.2|   0.1| 1068.0| 0.000|   0.0|  46.543|  46.037|192.64|   0.0|    0.0|    0.0|F2              |
|  0|10.00|38985.3|  1|24.00|24.61|  45.700|  40.870| 1043.194|  -6.4|   0.1| 1181.8| 0.000|   0.0|  46.515|  45.385|178.32|   0.0|    0.0|    0.0|F2              |
|  0|10.00|38997.1|  1|17.40|18.15|  45.568|  40.265| 1111.124|  -6.4|   0.1| 1197.0| 0.000|   0.0|  46.445|  44.991|140.42|   0.0|    0.0|    0.0|F1              |
|  0|10.00|39007.8|  1|15.00|15.17|  45.348|  39.305| 1219.076|  -6.4|   0.1| 1293.1| 0.000|   0.0|  46.353|  44.474|130.49|   0.0|    0.0|    0.0|F1              |
|  0|10.00|39007.8|  1|25.20|25.76|  45.612|  41.295|  997.291|  -7.1|   0.1| 1141.1| 0.000|   0.0|  46.473|  45.608|182.02|   0.0|    0.0|    0.0|F2              |
|  0|10.00|39020.8|  1|28.20|28.58|  45.765|  42.016|  916.340|  -7.1|   0.1| 1077.0| 0.000|   0.0|  46.535|  45.936|190.73|   0.0|    0.0|    0.0|F2              |
|  0|10.00|39031.5|  1|25.80|26.32|  45.974|  41.440|  977.835|  -5.7|   0.1| 1124.5| 0.000|   0.0|  46.646|  45.695|183.89|   0.0|    0.0|    0.0|F2              |
|  0|10.00|39031.5|  1|14.40|14.24|  45.155|  38.429| 1317.294|  -6.4|   0.1| 1392.4| 0.000|   0.0|  46.272|  44.022|128.11|   0.0|    0.0|    0.0|F1              |
+---+-----+-------+---+-----+-----+--------+--------+---------+------+------+-------+------+------+--------+--------+------+------+-------+-------+----------------+
+---+-----+-------+---+-----+-----+--------+--------+---------+------+------+-------+------+------+--------+--------+------+------+-------+-------+----------------+
|0-x| fr  |  time |hop| d0  | d1  |   fi   |  teta  |   dist  |  at  |  dev |   p   |  df  |  l   |   fot  |   tot  |  rot | lsp  |   pf  |    s  |                |
+---+-----+-------+---+-----+-----+--------+--------+---------+------+------+-------+------+------+--------+--------+------+------+-------+-------+----------------+
|  0|10.00|39042.9|  1|21.00|21.49|  45.191|  38.208| 1341.296|  -6.2|   0.3| 1487.0| 0.000|   0.0|  46.340|  44.355|163.86|   0.0|    0.0|    0.0|F1              |
|  0|10.00|39053.7|  1|25.20|25.76|  45.779|  41.281|  997.213|  -6.4|   0.1| 1141.0| 0.000|   0.0|  46.544|  45.552|181.89|   0.0|    0.0|    0.0|F2              |
|  0|10.00|39065.6|  1|10.80|10.71|  45.834|  41.708|  949.612|  -6.5|   0.0|  982.0| 0.000|   0.0|  46.598|  45.885| 98.76|   0.0|    0.0|    0.0|E               |
|  0|10.00|39065.6|  1|25.80|26.33|  45.812|  41.452|  978.044|  -6.4|   0.1| 1124.8| 0.000|   0.0|  46.569|  45.701|183.95|   0.0|    0.0|    0.0|F2              |
|  0|10.00|39076.3|  1|27.00|27.46|  45.712|  41.763|  944.791|  -7.1|   0.1| 1098.2| 0.000|   0.0|  46.518|  45.845|187.47|   0.0|    0.0|    0.0|F2              |
|  0|10.00|39076.3|  1|15.00|15.18|  45.349|  39.307| 1218.747|  -6.4|   0.1| 1292.8| 0.000|   0.0|  46.356|  44.495|130.60|   0.0|    0.0|    0.0|F1              |
|  0|10.00|39087.1|  1|10.20|10.12|  45.623|  41.468|  978.125|  -7.2|   0.0| 1009.3| 0.000|   0.0|  46.504|  45.782| 98.18|   0.0|    0.0|    0.0|E               |
|  0|10.00|39087.1|  1|27.00|27.46|  45.712|  41.762|  944.820|  -7.1|   0.1| 1098.2| 0.000|   0.0|  46.518|  45.845|187.49|   0.0|    0.0|    0.0|F2              |
|  0|10.00|39098.5|  1| 7.80| 7.72|  45.498|  40.070| 1133.345|  -6.5|   0.0| 1160.8| 0.000|   0.0|  46.463|  45.102| 96.32|   0.0|    0.0|    0.0|E               |
|  0|10.00|39098.5|  1|26.40|26.90|  45.660|  41.622|  960.836|  -7.2|   0.1| 1110.9| 0.000|   0.0|  46.508|  45.847|185.91|   0.0|    0.0|    0.0|F2              |
|  0|10.00|39109.3|  1|14.40|14.26|  45.162|  38.461| 1313.786|  -6.4|   0.1| 1388.8| 0.000|   0.0|  46.279|  44.063|128.26|   0.0|    0.0|    0.0|F1              |
|  0|10.00|39109.3|  1|24.60|25.20|  45.573|  41.099| 1019.325|  -7.1|   0.1| 1160.6| 0.000|   0.0|  46.455|  45.510|180.41|   0.0|    0.0|    0.0|F2              |
|  0|10.00|39109.3|  1|26.40|26.91|  45.524|  41.634|  960.952|  -7.8|   0.1| 1111.1| 0.000|   0.0|  46.444|  45.853|185.93|   0.0|    0.0|    0.0|F2              |
|  0|10.00|39120.0|  1|12.60|12.49|  45.923|  42.159|  898.982|  -6.5|   0.0|  936.6| 0.000|   0.0|  46.625|  46.042|101.18|   0.0|    0.0|    0.0|E               |
|  0|10.00|39120.0|  1|27.59|28.04|  45.111|  41.961|  930.668| -10.0|   0.1| 1087.8| 0.000|   0.0|  46.187|  45.786|188.10|   0.0|    0.0|    0.0|F2              |
|  0|10.00|39130.7|  1|24.60|25.21|  45.573|  41.098| 1019.348|  -7.1|   0.1| 1160.6| 0.000|   0.0|  46.455|  45.510|180.45|   0.0|    0.0|    0.0|F2              |
|  0|10.00|39141.4|  1|27.60|28.03|  45.893|  41.879|  930.154|  -6.4|   0.1| 1087.2| 0.000|   0.0|  46.613|  45.959|189.52|   0.0|    0.0|    0.0|F2              |
|  0|10.00|39152.2|  1|21.60|22.24|  45.591|  38.970| 1253.841|  -5.4|   0.3| 1396.3| 0.000|   0.0|  46.478|  44.482|171.43|   0.0|    0.0|    0.0|F2              |
|  0|10.00|39163.0|  1|26.40|26.93|  45.209|  41.668|  961.307|  -9.2|   0.1| 1111.6| 0.000|   0.0|  46.297|  45.870|186.01|   0.0|    0.0|    0.0|F2              |
|  0|10.00|39163.0|  1|12.60|12.49|  45.778|  42.171|  899.117|  -7.2|   0.0|  936.8| 0.000|   0.0|  46.554|  46.049|101.18|   0.0|    0.0|    0.0|E               |
+---+-----+-------+---+-----+-----+--------+--------+---------+------+------+-------+------+------+--------+--------+------+------+-------+-------+----------------+
+---+-----+-------+---+-----+-----+--------+--------+---------+------+------+-------+------+------+--------+--------+------+------+-------+-------+----------------+
|0-x| fr  |  time |hop| d0  | d1  |   fi   |  teta  |   dist  |  at  |  dev |   p   |  df  |  l   |   fot  |   tot  |  rot | lsp  |   pf  |    s  |                |
+---+-----+-------+---+-----+-----+--------+--------+---------+------+------+-------+------+------+--------+--------+------+------+-------+-------+----------------+
|  0|10.00|39174.8|  1| 9.60| 9.52|  45.557|  41.175| 1011.126|  -7.2|   0.0| 1041.2| 0.000|   0.0|  46.482|  45.663| 97.69|   0.0|    0.0|    0.0|E               |
|  0|10.00|39174.8|  1|25.80|26.36|  45.327|  41.494|  978.709|  -8.5|   0.1| 1125.8| 0.000|   0.0|  46.294|  45.521|182.76|   0.0|    0.0|    0.0|F2              |
|  0|10.00|39185.7|  1| 6.60| 6.52|  45.087|  39.167| 1236.848|  -7.2|   0.0| 1262.9| 0.000|   0.0|  46.281|  44.624| 95.53|   0.0|    0.0|    0.0|E               |
|  0|10.00|39185.7|  1|27.00|27.49|  45.227|  41.812|  945.306|  -9.3|   0.1| 1099.0| 0.000|   0.0|  46.305|  45.946|187.83|   0.0|    0.0|    0.0|F2              |
|  0|10.00|39197.5|  1|15.60|15.99|  45.248|  39.763| 1169.674|  -7.1|   0.1| 1245.3| 0.000|   0.0|  46.308|  44.762|133.07|   0.0|    0.0|    0.0|F1              |
|  0|10.00|39197.5|  1|24.60|25.23|  45.234|  41.128| 1019.959|  -8.5|   0.1| 1161.5| 0.000|   0.0|  46.295|  45.528|180.58|   0.0|    0.0|    0.0|F2              |
|  0|10.00|39209.3|  1| 9.60| 9.52|  45.557|  41.174| 1011.234|  -7.2|   0.0| 1041.3| 0.000|   0.0|  46.482|  45.663| 97.70|   0.0|    0.0|    0.0|E               |
|  0|10.00|39209.3|  1|27.00|27.49|  45.381|  41.793|  945.291|  -8.6|   0.1| 1099.0| 0.000|   0.0|  46.379|  45.946|187.88|   0.0|    0.0|    0.0|F2              |
|  0|10.00|39220.0|  1|12.60|12.49|  45.921|  42.149|  900.098|  -6.5|   0.0|  937.8| 0.000|   0.0|  46.625|  46.042|101.24|   0.0|    0.0|    0.0|E               |
|  0|10.00|39220.0|  1|26.40|26.93|  45.187|  41.669|  961.461|  -9.3|   0.1| 1111.8| 0.000|   0.0|  46.287|  45.872|186.11|   0.0|    0.0|    0.0|F2              |
|  0|10.00|39235.2|  1|18.00|18.88|  45.210|  40.325| 1108.359|  -7.8|   0.1| 1199.4| 0.000|   0.0|  46.271|  45.029|143.57|   0.0|    0.0|    0.0|F1              |
|  0|10.00|39248.1|  1|24.00|24.67|  45.179|  40.910| 1044.590|  -8.5|   0.1| 1183.8| 0.000|   0.0|  46.288|  45.492|178.98|   0.0|    0.0|    0.0|F2              |
|  0|10.00|39248.1|  1|20.40|21.33|  45.060|  39.597| 1189.906|  -7.6|   0.3| 1312.4| 0.000|   0.0|  46.193|  44.646|158.23|   0.0|    0.0|    0.0|F1              |
|  0|10.00|39248.1|  1|16.80|17.47|  45.360|  40.197| 1120.737|  -7.1|   0.1| 1202.5| 0.000|   0.0|  46.301|  44.722|137.18|   0.0|    0.0|    0.0|F1              |
|  0|10.00|39260.0|  1|19.20|20.21|  45.184|  40.155| 1127.270|  -7.7|   0.2| 1231.2| 0.000|   0.0|  46.271|  45.023|150.41|   0.0|    0.0|    0.0|F1              |
|  0|10.00|39260.0|  1|15.00|15.19|  45.143|  39.332| 1218.097|  -7.1|   0.1| 1292.1| 0.000|   0.0|  46.262|  44.525|130.81|   0.0|    0.0|    0.0|F1              |
|  0|10.00|39260.0|  1|23.40|24.10|  45.087|  40.656| 1073.593|  -8.6|   0.1| 1211.0| 0.000|   0.0|  46.242|  45.346|177.17|   0.0|    0.0|    0.0|F2              |
|  0|10.00|39260.0|  1|25.80|26.38|  45.167|  41.510|  979.049|  -9.2|   0.1| 1126.3| 0.000|   0.0|  46.256|  45.701|184.19|   0.0|    0.0|    0.0|F2              |
|  0|10.00|39275.0|  1|17.40|18.18|  45.201|  40.313| 1109.768|  -7.8|   0.1| 1195.7| 0.000|   0.0|  46.283|  45.090|140.74|   0.0|    0.0|    0.0|F1              |
|  0|10.00|39275.0|  1|27.60|28.06|  45.263|  41.940|  930.768|  -9.3|   0.1| 1088.1| 0.000|   0.0|  46.316|  45.991|189.73|   0.0|    0.0|    0.0|F2              |
+---+-----+-------+---+-----+-----+--------+--------+---------+------+------+-------+------+------+--------+--------+------+------+-------+-------+----------------+
+---+-----+-------+---+-----+-----+--------+--------+---------+------+------+-------+------+------+--------+--------+------+------+-------+-------+----------------+
|0-x| fr  |  time |hop| d0  | d1  |   fi   |  teta  |   dist  |  at  |  dev |   p   |  df  |  l   |   fot  |   tot  |  rot | lsp  |   pf  |    s  |                |
+---+-----+-------+---+-----+-----+--------+--------+---------+------+------+-------+------+------+--------+--------+------+------+-------+-------+----------------+
|  0|10.00|39285.9|  1|25.20|25.81|  45.261|  41.324|  998.238|  -8.6|   0.1| 1142.5| 0.000|   0.0|  46.326|  45.712|182.67|   0.0|    0.0|    0.0|F2              |
|  0|10.00|39285.9|  1|26.40|26.94|  45.210|  41.665|  961.579|  -9.2|   0.1| 1112.0| 0.000|   0.0|  46.262|  45.725|185.71|   0.0|    0.0|    0.0|F2              |
|  0|10.00|39285.9|  1| 9.60| 9.52|  45.557|  41.172| 1011.426|  -7.2|   0.0| 1041.5| 0.000|   0.0|  46.474|  45.621| 97.63|   0.0|    0.0|    0.0|E               |
|  0|10.00|39297.7|  1| 5.40| 5.31|  45.050|  38.042| 1361.011|  -6.5|   0.0| 1386.0| 0.000|   0.0|  46.276|  44.049| 94.89|   0.0|    0.0|    0.0|E               |
|  0|10.00|39297.7|  1|25.20|25.81|  45.285|  41.321|  998.228|  -8.5|   0.1| 1142.5| 0.000|   0.0|  46.337|  45.710|182.70|   0.0|    0.0|    0.0|F2              |
|  0|10.00|39309.6|  1|13.80|13.25|  44.820|  38.008| 1367.043|  -7.1|   0.1| 1438.3| 0.000|   0.0|  46.196|  44.196|110.38|   0.0|    0.0|    0.0|F1              |
|  0|10.00|39309.6|  1|25.20|25.82|  45.285|  41.321|  998.248|  -8.5|   0.1| 1142.5| 0.000|   0.0|  46.337|  45.710|182.72|   0.0|    0.0|    0.0|F2              |
|  0|10.00|39320.5|  1| 9.00| 8.92|  45.656|  40.828| 1048.272|  -6.5|   0.0| 1077.4| 0.000|   0.0|  46.522|  45.441| 97.11|   0.0|    0.0|    0.0|E               |
|  0|10.00|39320.5|  1|25.80|26.38|  45.306|  41.494|  979.065|  -8.6|   0.1| 1126.3| 0.000|   0.0|  46.328|  45.722|184.40|   0.0|    0.0|    0.0|F2              |
|  0|10.00|39333.4|  1|18.60|19.58|  45.202|  40.248| 1116.880|  -7.7|   0.2| 1214.3| 0.000|   0.0|  46.275|  45.047|147.01|   0.0|    0.0|    0.0|F1              |
|  0|10.00|39333.4|  1|26.40|26.95|  45.368|  41.646|  961.564|  -8.5|   0.1| 1112.0| 0.000|   0.0|  46.342|  45.735|185.91|   0.0|    0.0|    0.0|F2              |
|  0|10.00|39344.2|  1|26.40|26.95|  45.346|  41.648|  961.607|  -8.6|   0.1| 1112.1| 0.000|   0.0|  46.332|  45.736|185.93|   0.0|    0.0|    0.0|F2              |
|  0|10.00|39354.9|  1|18.60|19.58|  45.202|  40.247| 1116.956|  -7.7|   0.2| 1214.4| 0.000|   0.0|  46.275|  45.047|147.05|   0.0|    0.0|    0.0|F1              |
|  0|10.00|39354.9|  1|12.00|11.90|  45.758|  42.080|  909.353|  -7.2|   0.0|  944.9| 0.000|   0.0|  46.546|  46.003|100.15|   0.0|    0.0|    0.0|E               |
|  0|10.00|39354.9|  1|25.81|26.40|  45.145|  41.514|  979.004|  -9.3|   0.1| 1126.4| 0.000|   0.0|  46.244|  45.699|184.37|   0.0|    0.0|    0.0|F2              |
|  0|10.00|39366.9|  1|25.20|25.83|  45.262|  41.322|  998.400|  -8.6|   0.1| 1142.8| 0.000|   0.0|  46.318|  45.674|182.80|   0.0|    0.0|    0.0|F2              |
|  0|10.00|39378.7|  1|27.00|27.51|  45.383|  41.789|  945.687|  -8.6|   0.1| 1099.6| 0.000|   0.0|  46.320|  45.684|186.72|   0.0|    0.0|    0.0|F2              |
|  0|10.00|39378.7|  1|28.20|28.64|  45.319|  42.056|  917.327|  -9.2|   0.1| 1078.5| 0.000|   0.0|  46.339|  46.043|191.67|   0.0|    0.0|    0.0|F2              |
|  0|10.00|39378.7|  1|13.80|13.29|  44.903|  38.338| 1329.859|  -7.1|   0.1| 1399.0| 0.000|   0.0|  46.213|  44.280|110.48|   0.0|    0.0|    0.0|Es              |
|  0|10.00|39390.6|  1|27.60|28.08|  45.264|  41.938|  931.044|  -9.3|   0.1| 1088.6| 0.000|   0.0|  46.312|  45.972|189.90|   0.0|    0.0|    0.0|F2              |
+---+-----+-------+---+-----+-----+--------+--------+---------+------+------+-------+------+------+--------+--------+------+------+-------+-------+----------------+
+---+-----+-------+---+-----+-----+--------+--------+---------+------+------+-------+------+------+--------+--------+------+------+-------+-------+----------------+
|0-x| fr  |  time |hop| d0  | d1  |   fi   |  teta  |   dist  |  at  |  dev |   p   |  df  |  l   |   fot  |   tot  |  rot | lsp  |   pf  |    s  |                |
+---+-----+-------+---+-----+-----+--------+--------+---------+------+------+-------+------+------+--------+--------+------+------+-------+-------+----------------+
|  0|10.00|39390.6|  1|13.20|13.05|  45.747|  42.026|  915.491|  -7.2|   0.0|  956.8| 0.000|   0.0|  46.566|  46.110|103.03|   0.0|    0.0|    0.0|E               |
|  0|10.00|39401.3|  1|12.60|12.49|  45.772|  42.147|  901.837|  -7.2|   0.0|  939.7| 0.000|   0.0|  46.554|  46.049|101.33|   0.0|    0.0|    0.0|E               |
|  0|10.00|39401.3|  1|27.60|28.08|  45.286|  41.935|  931.054|  -9.2|   0.1| 1088.6| 0.000|   0.0|  46.320|  45.962|189.89|   0.0|    0.0|    0.0|F2              |
|  0|10.00|39412.1|  1|27.00|27.52|  45.250|  41.804|  945.861|  -9.2|   0.1| 1099.9| 0.000|   0.0|  46.254|  45.692|186.78|   0.0|    0.0|    0.0|F2              |
|  0|10.00|39412.1|  1|10.80|10.71|  45.831|  41.695|  951.056|  -6.5|   0.0|  983.5| 0.000|   0.0|  46.598|  45.885| 98.84|   0.0|    0.0|    0.0|E               |
|  0|10.00|39422.8|  1|28.20|28.65|  45.001|  42.098|  917.522| -10.7|   0.1| 1078.9| 0.000|   0.0|  46.186|  46.055|191.71|   0.0|    0.0|    0.0|F2              |
|  0|10.00|39433.6|  1|27.00|27.53|  45.228|  41.806|  945.927|  -9.3|   0.1| 1100.0| 0.000|   0.0|  46.243|  45.694|186.82|   0.0|    0.0|    0.0|F2              |
|  0|10.00|39433.6|  1|29.40|29.76|  45.214|  42.294|  892.909| -10.0|   0.1| 1062.1| 0.000|   0.0|  46.283|  46.145|195.25|   0.0|    0.0|    0.0|F2              |
|  0|10.00|39433.6|  1|14.40|14.32|  44.989|  38.567| 1303.877|  -7.0|   0.1| 1378.5| 0.000|   0.0|  46.204|  44.156|128.68|   0.0|    0.0|    0.0|F1              |
|  0|10.00|39444.4|  1|25.20|25.84|  45.263|  41.321|  998.542|  -8.6|   0.1| 1143.0| 0.000|   0.0|  46.296|  45.579|182.64|   0.0|    0.0|    0.0|F2              |
|  0|10.00|39456.3|  1| 9.60| 9.52|  45.556|  41.167| 1011.970|  -7.2|   0.0| 1042.1| 0.000|   0.0|  46.474|  45.621| 97.66|   0.0|    0.0|    0.0|E               |
|  0|10.00|39456.3|  1|27.60|28.09|  45.438|  41.916|  931.102|  -8.5|   0.1| 1088.7| 0.000|   0.0|  46.350|  45.767|188.77|   0.0|    0.0|    0.0|F2              |
|  0|10.00|39467.0|  1|24.00|24.69|  45.358|  40.890| 1044.617|  -7.7|   0.2| 1184.0| 0.000|   0.0|  46.348|  45.382|179.19|   0.0|    0.0|    0.0|F2              |
|  0|10.00|39467.0|  1|26.40|26.97|  45.370|  41.643|  961.869|  -8.5|   0.1| 1112.5| 0.000|   0.0|  46.372|  45.867|186.56|   0.0|    0.0|    0.0|F2              |
|  0|10.00|39467.0|  1|12.00|11.90|  45.903|  42.057|  910.451|  -6.5|   0.0|  946.1| 0.000|   0.0|  46.617|  45.996|100.22|   0.0|    0.0|    0.0|E               |
|  0|10.00|39478.9|  1|15.60|16.00|  45.052|  39.778| 1170.134|  -7.8|   0.1| 1245.9| 0.000|   0.0|  46.201|  44.710|133.30|   0.0|    0.0|    0.0|F1              |
|  0|10.00|39478.9|  1|12.00|11.90|  45.756|  42.072|  910.277|  -7.2|   0.0|  945.9| 0.000|   0.0|  46.546|  46.003|100.21|   0.0|    0.0|    0.0|E               |
|  0|10.00|39478.9|  1|27.00|27.52|  45.539|  41.771|  945.811|  -7.9|   0.1| 1099.8| 0.000|   0.0|  46.399|  45.685|187.00|   0.0|    0.0|    0.0|F2              |
|  0|10.00|39490.7|  1|10.20|10.12|  45.643|  41.453|  979.532|  -7.1|   0.0| 1010.8| 0.000|   0.0|  46.523|  45.824| 98.31|   0.0|    0.0|    0.0|E               |
|  0|10.00|39490.7|  1|31.79|31.94|  45.867|  42.581|  853.097|  -7.2|   0.1| 1040.0| 0.000|   0.0|  46.585|  46.247|202.34|   0.0|    0.0|    0.0|F2              |
+---+-----+-------+---+-----+-----+--------+--------+---------+------+------+-------+------+------+--------+--------+------+------+-------+-------+----------------+
+---+-----+-------+---+-----+-----+--------+--------+---------+------+------+-------+------+------+--------+--------+------+------+-------+-------+----------------+
|0-x| fr  |  time |hop| d0  | d1  |   fi   |  teta  |   dist  |  at  |  dev |   p   |  df  |  l   |   fot  |   tot  |  rot | lsp  |   pf  |    s  |                |
+---+-----+-------+---+-----+-----+--------+--------+---------+------+------+-------+------+------+--------+--------+------+------+-------+-------+----------------+
|  0|10.00|39501.5|  1|27.00|27.53|  45.561|  41.768|  945.841|  -7.8|   0.1| 1099.9| 0.000|   0.0|  46.410|  45.684|187.05|   0.0|    0.0|    0.0|F2              |
|  0|10.00|39501.5|  1|16.80|17.50|  45.362|  40.184| 1122.159|  -7.1|   0.1| 1204.2| 0.000|   0.0|  46.353|  44.988|138.42|   0.0|    0.0|    0.0|F1              |
|  0|10.00|39512.2|  1|28.80|29.21|  45.350|  42.166|  904.910|  -9.2|   0.1| 1070.2| 0.000|   0.0|  46.294|  45.857|191.90|   0.0|    0.0|    0.0|F2              |
|  0|10.00|39512.2|  1|12.00|11.90|  45.755|  42.070|  910.534|  -7.2|   0.0|  946.2| 0.000|   0.0|  46.546|  46.003|100.23|   0.0|    0.0|    0.0|E               |
|  0|10.00|39522.9|  1| 8.40| 8.32|  45.580|  40.461| 1089.499|  -6.5|   0.0| 1117.8| 0.000|   0.0|  46.490|  45.257| 96.68|   0.0|    0.0|    0.0|E               |
|  0|10.00|39522.9|  1|27.60|28.10|  45.287|  41.932|  931.341|  -9.2|   0.1| 1089.0| 0.000|   0.0|  46.275|  45.776|188.90|   0.0|    0.0|    0.0|F2              |
|  0|10.00|39534.8|  1|13.20|13.05|  45.888|  41.973|  919.881|  -6.5|   0.0|  961.5| 0.000|   0.0|  46.606|  45.935|102.95|   0.0|    0.0|    0.0|E               |
|  0|10.00|39534.8|  1|27.60|28.09|  45.591|  41.899|  931.182|  -7.8|   0.1| 1088.8| 0.000|   0.0|  46.429|  45.772|189.06|   0.0|    0.0|    0.0|F2              |
|  0|10.00|39546.7|  1|27.00|27.54|  45.229|  41.804|  946.177|  -9.3|   0.1| 1100.4| 0.000|   0.0|  46.246|  45.703|187.14|   0.0|    0.0|    0.0|F2              |
|  0|10.00|39546.7|  1|12.60|12.48|  45.915|  42.115|  903.923|  -6.5|   0.0|  941.9| 0.000|   0.0|  46.625|  46.042|101.43|   0.0|    0.0|    0.0|E               |
|  0|10.00|39557.4|  1|14.40|14.34|  44.963|  38.595| 1301.012|  -7.1|   0.1| 1375.5| 0.000|   0.0|  46.193|  44.178|128.83|   0.0|    0.0|    0.0|F1              |
|  0|10.00|39557.4|  1|28.80|29.20|  45.941|  42.105|  904.768|  -6.4|   0.1| 1069.9| 0.000|   0.0|  46.618|  45.983|193.42|   0.0|    0.0|    0.0|F2              |
|  0|10.00|39569.2|  1|29.40|29.77|  45.524|  42.253|  893.141|  -8.5|   0.1| 1062.5| 0.000|   0.0|  46.426|  46.104|195.42|   0.0|    0.0|    0.0|F2              |
|  0|10.00|39581.1|  1|23.40|24.15|  45.094|  40.657| 1073.382|  -8.5|   0.2| 1211.1| 0.000|   0.0|  46.236|  45.313|177.73|   0.0|    0.0|    0.0|F2              |
|  0|10.00|39581.1|  1|26.40|26.99|  45.190|  41.661|  962.265|  -9.3|   0.1| 1113.1| 0.000|   0.0|  46.289|  45.877|186.76|   0.0|    0.0|    0.0|F2              |
|  0|10.00|39581.1|  1|17.40|18.21|  45.205|  40.302| 1110.915|  -7.8|   0.1| 1197.1| 0.000|   0.0|  46.217|  44.775|140.29|   0.0|    0.0|    0.0|F1              |
|  0|10.00|39581.1|  1|14.40|14.34|  44.965|  38.600| 1300.457|  -7.1|   0.1| 1374.9| 0.000|   0.0|  46.180|  44.116|128.80|   0.0|    0.0|    0.0|F1              |
+---+-----+-------+---+-----+-----+--------+--------+---------+------+------+-------+------+------+--------+--------+------+------+-------+-------+----------------+